,0,1,2,3,4,5,6,7,8,9,10,11,12,13,14,15,16,17,18,19,20,21,22,23,24,25,26,27,28,29,30,31,32,33,34,35,36,37,38,39,40,41,42,43,44,45,46,47,48,49,50,51,52,53,54,55,56,57,58,59,60,61,62,63,64,65,66,67,68,69,70,71,72,73,74,75,76,77,78,79,80,81,82,83,84,85,86,87,88,89,90,91,92,93,94,95,96,97,98,99
0,0.00023789400985101686,0.005055182231159194,0.006268047849723679,0.0012069649823870376,0.004364251481435322,0.0004753156742219049,0.06463134967341998,0.0016617510465695767,0.0728672157254842,7.687846862626355e-05,0.001955449962575328,0.0006175798576025323,0.0003104662173419758,0.00026082569594742394,0.0026307163053048434,0.00019553261768632892,0.24323939686612703,0.001009981737412192,0.010857308999928749,0.0071464452907711576,0.19530481737468225,0.0008024665823960267,0.0035262703359891933,0.2038826878394558,0.0010829150991324655,-2.2954549716152797e-05,0.00015016485140627818,0.00014841834648079418,0.001514289918396002,0.003936639923291923,0.000470788050825443,0.00039371487444093647,0.00233676905696423,0.005666907058539681,0.0007047121733943052,1.4535823473402266e-05,0.0008831243464496248,0.0014162075779243016,0.0013665058438750905,0.001264836532736543,0.41831963391457855,0.0004804623834972971,0.0010307492145715377,0.025249005727420358,0.0011855355142967277,0.0024621496533420136,0.00019516982513756258,0.002110412487147767,0.006266977069954331,0.0010103873374537732,0.0002752539626601222,0.00010297564408414067,0.09691128400237514,0.015022737433565341,0.008388009360645916,0.00117877572113201,0.042575024537730016,0.0003284916394447092,0.00020220252389444759,8.918948457350386e-05,0.0006161719711039604,0.01564305754141898,0.02912256361988665,0.00010469817763890575,0.00011837819446431042,0.0009266479973463789,0.04557027973056123,1.2130072412721384e-05,0.0005034473570106263,0.011093152874787501,0.004414170924502976,0.001233661501100261,0.03433980686980195,0.12241622698830734,0.00010739289309375218,0.0016922133043934108,0.8022328372700247,0.0006579921245799578,0.011134338231052985,0.002212968857301908,0.0007030880018076096,0.0022173957562951667,0.02312626337638062,0.015379490453493941,0.00030951738957107943,0.0002862562166403519,0.0003821616699577657,0.0017973053993853739,8.114135353287079e-05,0.004215553808669502,0.0026380494415553183,0.0001979245719706704,0.00011691545572681203,0.00047863487722765583,0.0009029530994147636,0.0002789818760403441,0.002129204342027844,0.0011386239926723728,0.006776888934110883,0.007547125032211443
1,-4.80158355084867e-05,0.00031858398091114473,-0.004155231240279944,0.0002976068128358808,-0.0011478642816882267,-0.00010183705535854459,-0.08525203803164894,0.0001803876719145281,0.02770416136912468,-5.0907877367591114e-05,-0.0010629120614588598,-0.00011146838261095918,-0.00018011094430518822,-8.422902204121183e-05,-0.00032515247524747976,3.625924546284562e-06,0.16993826344018934,-9.663599831654919e-05,-0.00952923552034826,-0.0028603522115913304,0.03478266717685685,-0.000247006375732698,-0.0027983113058009843,-0.1480746112968162,-0.00022479699610192464,1.01689127013592e-05,5.544735334908693e-05,4.901715782550394e-06,0.00022650798799473535,9.673067999369468e-05,5.776870678825608e-05,0.00013122684820618654,-0.0012040928341404448,-0.002958836286930312,-0.00035786511183187174,-1.1079019119383995e-05,0.00038658248932365723,1.8586498047801522e-05,-0.0010118361926976234,0.00044269988069138165,0.8533805477530078,-0.00017288872075182156,0.0003885909678437439,0.0028855637468645323,-0.0005548316585288317,-0.001283249150065651,5.54614611671205e-05,-0.00040570764766065937,-0.002790962046102416,0.00023394619974819957,0.00013606205837219518,-8.243166345333602e-05,-0.04426231121156149,-0.0157934548832113,-0.00412890710468034,-0.0006166487922370716,-0.028208397664487555,0.00011778146077119185,-0.00011882205560984195,1.0650036711514306e-05,-0.0003114631831252253,-0.014816108423955856,-0.023203289076197196,3.868082616926427e-05,-9.376812829398728e-05,-0.0001968034804794382,0.014541625617647292,-3.834561819149764e-05,-0.00013773232393454935,-0.006046316687365225,-0.0025522167988463696,-0.0002037721820286713,0.022700860956248087,-0.0073402711620766175,3.924003600879049e-06,-0.00034212063996042895,-0.45401692898870494,2.47071715935243e-05,-0.010493474373273803,2.191098870258039e-05,-0.0004687348492212956,-0.00012050542394112816,-0.02358502976534722,-0.005775787364088959,-0.0001750784462697395,5.6466203663939044e-05,-0.00024098678086449435,-0.0004766677609562803,1.2158598925037697e-05,-0.002764604683473309,-0.0007089135263811763,-0.00017704963499504085,-2.3378189338705666e-05,-3.318484181908898e-05,-0.00018291367822255054,-0.00019983001489116923,-0.0018340798623197544,-0.0008300322635491071,-0.0065292100352832725,-0.006604595666619375
2,0.0008449986132935122,0.012241036784035875,0.03729291236511323,0.0026749431737363993,0.025514032501883,0.00203476970698363,0.5219638901483205,0.0024622553757248367,0.07682818462033976,0.000264928368359299,0.00453078069331167,0.0035920621056991066,0.0015569744555621896,0.0010770255671478665,0.013257083102969023,0.0009375960711189385,0.10355524469384325,0.0022825031358282635,0.0352625573682683,0.04464767571623548,0.2108073710835524,0.002312671951047275,0.010422053742255131,0.6384989890095468,0.006257031178249317,0.00010888717574857657,0.0006586804808675377,0.0009256967475267849,0.005440582606507563,0.017348729312880527,0.0021704048417928597,0.00145115800237344,0.015866041946294072,0.0243755994548523,0.0045228333605000035,7.832033711210837e-05,0.0026825621576860087,0.007376539310996439,0.005909662535258757,0.004663984783126316,-0.0249641815935219,0.0018502835880407314,0.0013266993724923891,0.016775967509255786,0.008894152074259648,0.010231471549552573,0.0003503435252873809,0.004493390105978367,0.021349314407667686,0.0009474202882127859,0.0009209939167270092,0.0007269203535976005,0.10004525583714799,0.19761106309785126,0.049537764184962696,0.0064544855479176984,0.08240782426538987,0.0010913712269259063,0.0008414783372698509,0.000303723283563824,0.0025989099956345964,0.09172333767619775,0.1101744180287553,0.00039052805706888533,0.00046784936313109854,0.0026716470540290634,0.04412936433728289,7.353459123401126e-05,0.0021434586253602016,0.029982942371139132,0.010290154936277789,0.0027621701775970646,0.025070597014422977,0.10105101304629614,0.00027022010886269067,0.01359165831378083,-0.3369084275615232,0.0018424029774680316,0.1577248920190217,0.012555320213617889,0.00331062336073959,0.010924189936535884,0.11340791216638187,0.05456378698954279,0.001094556444619597,0.000804098175523177,0.0018730700152208518,0.0036123969829990493,0.0001277262299336992,0.0226445799448064,0.01620919854307155,0.0006829103113757549,0.0004246291528621199,0.0024047481821090223,0.0036382823309855446,0.0005957965546962472,0.0004099343702712233,0.0002351274374193577,0.03420279400241556,0.026299319784106687
3,0.0005697452751245637,0.00505207685214934,0.05311283368590952,0.0008599262551615139,0.033448808446315446,0.0015568503012959867,0.48414602491716535,-0.0013935052324107744,-0.05360092756443474,0.0001806073584215695,0.0012060518342580373,0.004713644412946083,0.0006374639911789215,0.0009312682560357471,0.01447400234353844,0.0005512127737841571,-0.43118699440413094,0.0006953404478311488,0.020078984766986524,0.07359145601742505,-0.09098040577996958,0.0012254664715940574,0.005753040682434979,-0.4456865962257984,0.0035948678992095678,2.4632223224917145e-05,0.0005926289690755345,0.0007221623495670936,0.004450028625671113,0.015560119068507015,0.0025168993407604315,0.0012865491258478893,0.0173120219456746,0.018800296299816638,0.0038407706143142053,6.811588398085707e-05,0.0016253381958182334,0.011051398034768692,0.0027042375561518294,0.003921669526086763,0.15985023859715877,0.0005800756967168489,-0.0002177499629349988,-0.011720253590681622,0.015091407802123074,0.007182822954002182,0.00011350297395652414,0.001296685905900028,0.01839613334808643,-0.00035897220907177383,0.00044935192451441675,0.0003956182359888764,-0.047716188873197944,0.36146404683771616,0.06756712086766671,0.004891784868104202,0.030207490219732933,0.0007597862140745024,0.0005619787670974322,-0.0001499411053761516,0.0017047520856765036,0.051653588794708646,0.06466145075292344,8.046487774277327e-05,0.0003786549920822598,0.0012536843332130443,-0.044576006927517564,6.196205102680703e-05,0.0014895102359139853,0.00772057430187196,0.008043527075620715,0.0005709834464555077,-0.030390959894417563,-0.09931482336803021,1.3866391650360081e-05,0.02539058947750212,0.15001345066692076,0.0006183356441312953,0.3738087351797694,0.019222761557610143,0.0024661531218815986,0.01201749320420124,0.08709884105589996,0.030549540391074333,0.0003117452462230336,0.0006615070418375655,0.0016005567670424265,-0.00029811951576916366,0.0001017759783418392,0.01685661330061582,0.020529397888991142,6.197708433124809e-05,0.0002835018899998024,0.002447480295146059,0.002027963329306111,-0.0001132527506650206,-0.00039147195182598517,-2.598716379755988e-05,0.03716966707320619,0.01456764700783635
4,0.0004234200755671497,0.0036918364806365067,0.043475181350033816,0.0009977315329313396,0.025518364411392637,0.0011700979965791336,-0.017988456540549327,0.0016106668120309808,0.03734286083816554,0.00028856694064541277,-0.0003969250273362923,0.00397436050218386,0.00025000845555489537,0.0005558252383624507,0.010705087564638449,0.0003918852506403711,0.7391833034905072,0.0003100899557554669,-0.008653754492330825,0.05680694044781723,0.2075227649757151,0.00038820979463639334,-0.0006783631830442464,-0.4019104779557609,0.003115523647259622,0.0001068122222737549,0.00042819286286017224,0.00024451088943612884,0.003855579511019153,0.009848594808805334,0.0020150879261922753,0.0013871415190971808,0.011499875001693692,0.0005768446549732164,0.00113013817282316,8.321099076066558e-05,0.003435526327264233,0.010258307360358876,-1.3418298644285882e-05,0.003967684133397472,-0.25291350254784223,0.0006388309331519485,0.00048721060011463146,0.0006207539122176793,0.013295320358380951,0.000560556946040841,6.917253929586604e-05,0.0007015017933357712,0.014789315538442377,0.0003546120782499264,0.0009918552071307655,0.00027090540499542174,0.007432382744308801,0.2547756329664933,0.04604050763560046,0.00032011768860195863,-0.02530767313948178,0.0006982219712403595,-0.00018737905908949143,-4.2564380534873924e-05,0.0005063381454682812,0.011106307896673525,0.010900825699729935,2.8577645995452776e-05,0.00013113369165551608,0.0009577353551618876,0.03299514343342294,3.771316450005375e-05,0.0004598454076181295,0.0024754104448145202,0.002147054066410264,0.0013793741566965993,0.035626422943045896,0.026775899508752032,9.406893450643405e-05,0.02359410520097792,-0.06149417578387571,0.0004990419067884229,0.31621848335234504,0.016176181855814976,0.0007291782235954535,0.01004273728407932,-0.0023608513232273457,0.000121038807800704,0.00017002801426660772,4.694746931591683e-05,0.001307283755219564,0.0007772857142877676,0.00013790475214407413,-0.00015714818386918677,0.013718387068628032,3.384510231751591e-05,0.00011352772514198942,0.002275591041828232,0.002622624944959128,0.0003320486102405893,-0.0003034880916702454,-0.0004112783029274001,0.023057319589726125,0.006819503914847723
5,0.00046961940917340664,0.0022945342278336833,0.05131891166079617,-0.0011947507965031912,0.02991383117116217,0.00026656179973760796,-0.6234667710222962,0.000939286581848886,0.01701714063564702,0.00011351061137898633,-0.0014573980751619864,0.006473695547564811,0.0003836986238631712,0.0001239920370594283,0.011444366261520539,0.0006817091765209948,-0.2879283115305098,-7.68710569245424e-05,-0.05334383138183472,0.07423379438402605,0.23886516556424348,0.0004344762763692717,-0.009413948936496212,0.2565151856608049,0.0011184523510307668,-2.2141110405728224e-05,0.00046215660550544594,1.5410325583603145e-05,0.005140771150303255,0.013788695515718645,0.0029868615890685096,0.0018863832079602065,0.014090235755690047,-0.025528379370672764,0.0005059020591536808,3.6595985100338485e-05,0.0030294874557661514,0.015487224829611745,-0.0032741327943027316,0.005146101129511521,0.029786235757328798,0.0005561356536386531,-0.00021996776353484156,0.0077550894436661895,0.021338884959288804,-0.005771248325962909,2.799451230634485e-05,-0.002087874757225005,0.008688681990840972,0.0006025956268449865,0.0005513853752170811,0.00012284116083689464,-0.00013062686026029877,0.326674530624322,0.051797489135927036,-0.005785796040283962,-0.09217044572058014,0.0009549028043774768,-0.0005234945784147941,0.0001794212028136479,-0.0007852383162881775,-0.005864181277554035,-0.03271753922314906,0.00016256099059093303,0.00020684008998041918,0.0007389907022950905,0.005810149014827815,5.582501345776161e-06,-0.001502586049019864,-0.007403577770396514,-0.0028386915226485967,-0.0007573366034717612,-0.004825317846589318,0.018380663918441724,0.00010698020946200634,0.03675959134031771,-0.012239405400050836,-0.0004123514116052337,0.5125157387281619,0.024035937136736525,-0.0013773445782367106,0.012533717847042068,-0.05224726202863218,-0.03740341132493089,0.0001628594753335156,-0.0006866697345060456,0.0015011275648387022,-0.00014649931056837442,-9.89150636958022e-05,-0.02064178221197492,0.01641076024889253,-0.00012959779107342417,6.446286168247271e-05,0.0030663014590761955,0.002777402187402108,0.00010204056146090996,0.0008617731306142084,0.0008461139376999024,0.030774871206007456,0.00035561937476325575
6,7.896000763845695e-05,-0.0045462196240454965,0.02406705769005301,-0.0009343138858161279,0.008369079514266436,0.00014070242087879659,-0.07390694887751162,-0.00039170306967500207,-0.06115074637946854,9.052441252975496e-05,-0.0009202864788135229,0.0020125972078882254,0.0003687613884783836,0.00013364367905878416,0.00256442166458809,-3.3035211991383484e-05,0.24829409068929975,-0.0006516161563970488,-0.0031855594922857167,0.027061347430850993,-0.8853621736620751,0.0005222242764541569,-0.0018508187973357154,0.24239306001189992,0.0018059223350540554,-0.00015449265142970705,0.000223955791654677,0.00030728361502790034,-0.0007601197284788988,-0.0038652785137268664,0.0008466668588556839,0.0002855980962475045,0.0066986760689984,-0.005005974892046811,0.0006382375148397436,-8.819725795668198e-05,0.000859342469333696,0.005119772854261032,-0.0014562333297714874,0.0005103057917142193,0.05820096629772678,6.020528486919488e-05,-0.000501813827198818,-0.007538638375899116,0.008627815629424686,-0.002367112790987035,-2.0130807441907754e-05,-0.001404341280168482,0.004751130919897158,-0.0004960733528931345,0.0001398177031318032,0.00011172006556510027,-0.020898712410885284,0.15543232982925653,0.01882250279778344,-0.0011357503284020224,0.002452111105013366,8.588847577968242e-05,-0.00013973650536980384,9.109655612022944e-05,-0.00010941235936905071,0.012722483066919789,0.001534046911478737,-3.261731227514886e-05,0.00012782123139310972,-0.0011320189459251874,-0.008830524746729575,-4.266708286505133e-05,-0.0008670454387143348,-0.006661504438612652,0.0020335392106057056,-0.000987837952032923,0.0023840088426551782,0.0033655676514952326,-0.00012098147381266276,0.014517062376770768,0.055380814163727574,-0.0002622419352111037,0.22850506543519378,0.007837632215494814,-0.00024990966161116384,0.0018060051948338464,-0.00020996280500457445,-0.012224240223961695,0.00027339978978286293,-0.00010000464511080993,0.0004621009656338611,-0.0005535198468338328,8.807883364701959e-05,-0.0049010878217758316,0.0057171569208670295,-0.0001433339518980628,3.213990747638401e-05,0.0010095119210784508,0.0011390897741559323,0.0002754261447443264,0.0008123964006077344,0.0006445114928940315,0.018101830767865583,0.00814822945949957
7,-5.8415398807696525e-05,0.012702270924331755,0.007328337223005448,0.02466433781963607,-0.0005061467175645883,-0.00016096345057669756,-0.1580208234688166,0.0002738934117936225,0.020616869755396096,9.157651650382875e-05,-0.0007235472941289761,0.0007592542895238363,0.0004899406894190786,0.0010988270725638405,-0.0024008715521984525,0.0001412315844120382,-0.023192494141898168,0.018443493310957723,0.6116924281962822,0.004797569880362902,-0.00707892894766049,0.00021894727141670545,0.08801186117248205,-0.058964022932057346,-0.00018815158907467024,3.234004683642976e-06,5.4987375361386986e-05,-2.7864156711005124e-05,0.0034185907172056516,0.006370458746355256,0.0011328232501430563,0.0005186590668400473,-0.0005813674098599166,-1.8984417430225795e-05,0.007106131594959205,-5.318761800555266e-05,0.0005576274573737402,0.0016479136988580972,-0.0009093584141996738,-3.492256948216504e-05,-0.001372580049985972,-0.00020209463563581448,0.0005771853657080528,0.0029987266974587762,0.0028657743864700137,-0.0013625481516738262,0.0025454235359194223,0.04149184971523204,0.002887101004141069,0.0003027054488265622,0.0002551662511523509,0.0036259873304338723,0.060345600157776666,-0.0038958994732589893,0.00013871509639519497,-0.001720558375280028,0.7533024748658954,-0.0001663752853069524,0.003577453718656985,4.64686052825748e-06,0.008071873936463234,-0.009982236251456028,0.027203382386832446,1.752824768565947e-05,-7.972482548774954e-05,0.0003387342397706615,0.005620074790475787,-5.084360358792537e-06,-0.0001879516745755475,0.07588082579964044,-0.0001490843394795164,0.02423810476213974,0.018504479223615387,0.04378247239142148,-1.3483046374875626e-05,0.0046102057310775935,-0.0326200699348764,0.0002759033835981678,0.033558935658337466,0.0018833537697744498,0.020141308317378495,0.0013356721199444732,0.046788687328801974,0.003528104167466555,7.826057053940448e-05,1.755078403465402e-05,-9.144956400453097e-05,0.0010521561201932853,-4.06589982806962e-05,-0.005808676102673812,-0.000903861175723884,0.0013901936967594944,-0.00011319570314316231,1.8598472585054301e-07,0.0001181846635150384,9.651853632546985e-05,-0.0004902374191280883,-0.00023468302780508968,-0.0019373463970022015,0.002568038908552641
8,0.00048580215415124827,0.00455792210028115,0.008624890939833586,-0.0008991654954533107,0.0035159454547445262,0.00025891551488457787,-0.022550482093512486,0.003775120623785086,0.13379375005507776,0.0003086490149048493,0.0015700734317418696,0.0006882248071010122,0.0009216587848696195,0.00019876489663356312,0.0027028243371652605,0.0006023444286501305,-0.12735271318259703,-0.001460263320972651,-0.06543093745224901,0.0021773172704027243,-0.10677832461377713,0.00191919312604893,-0.007874478198325078,-0.17880235436316208,0.0029281873399587266,8.295938724926853e-06,0.0005070284803201034,0.0002269001532158091,0.0013167326805724744,0.0004078700902016377,0.000631588423546629,0.0007151147129376315,0.0013090859124692245,-0.0014863232543932416,-0.0007632094443912642,3.2150279393817e-05,0.0016736166050229425,0.0022394955138740763,0.001788425574684948,0.002286738849807718,-0.023205596786923147,0.0011235718827880773,0.0020251337271255153,0.08628450536674633,0.002204032045887102,0.0005449926157817406,-4.298660454161822e-05,-0.0034330332284919704,0.015424300972691344,0.0017547437050716434,0.0007323646559435487,-0.00036695405390737646,0.3532093464804757,-0.003266004199904196,0.008210756765327731,0.0004888518922331489,-0.05832486502048667,0.0009397800203225412,-0.00021428991984831703,6.849180545732226e-05,-7.336906818319303e-05,0.019646929381216198,0.029842496999889463,5.453276730318056e-05,0.00016224533245180186,0.0011714923088294443,0.04959382032664688,0.00015651008373413627,0.00031895553230705423,0.0015577201743180499,0.002537738484440775,-0.0011532950185898436,0.04870918829709509,0.8772164294073002,3.8640249594513293e-05,0.0012990663390909651,-0.07038755605565974,0.0011835448363939087,-0.01296446781758209,0.002695227205286102,-0.001875082605030218,0.0019577833333524674,0.006595130809096175,0.005016418866244911,0.00023292693818080567,5.4321693272729965e-05,0.000682876069526086,0.008395971730369788,0.00011842031548921277,5.59431115676654e-05,0.0033986394370854166,7.088893796660181e-05,0.00011219633089437875,0.0009184111005697991,0.0015204760760219045,0.0008790419333802243,-0.0007295293260127771,0.0005602688756932961,0.0037259799818159765,0.007404652812064127
9,1.7056531808529967e-05,-0.0053505065069530695,-0.04895188492061008,0.0034654780725262685,0.09032024176170628,0.001997763584415144,-0.09858462133912084,-0.0005091094586574907,0.015375651987295494,3.540968148267728e-05,-0.0007595815718496463,-0.008948567135406524,0.00012324206948493253,-0.0009493589115852925,0.06972322950908033,-0.0011176842341753535,0.0023506231175324374,0.002811329096453967,0.025543941751927812,-0.021486278058547928,-0.005612133510094104,-0.0004968373442117336,0.003712698102452756,0.014377886993181939,-0.0009405141074234659,1.8194297992824666e-05,0.00033665200790979397,-0.0004434173229393027,-0.006891609986944203,-0.012336583098073164,-0.004509169254846496,-0.0018075954856978612,0.018054022148889213,-0.0009515992593323621,0.0017394572783469022,-8.686775507851102e-05,-0.003809234118081782,-0.023447290223973537,0.00022934386188914254,0.011104692140494032,-0.004919787348878969,0.0011707837220711643,-0.0013404586447205889,0.003721639241948016,-0.03967534777967188,0.0028252607797359043,0.0001484493251153289,0.00440167957095919,-0.026428436934783736,-9.318240832271226e-05,-0.0012111228746702531,0.0006242558432719455,-0.2327056668275029,0.7336885835705164,0.08058866780283395,0.0006984097261437187,0.0014085898793300966,0.00429062214508798,0.00039281902574837135,-3.32106021349772e-05,0.000551942473908528,0.010367446661478472,-0.04075530700764402,-6.315335329852827e-05,0.00034239318662085774,0.0007077950822527834,0.010127720867389698,0.0001150966054643144,-0.00011597460268824894,0.01009268973167588,0.0023809984959850894,0.002562990250783597,-0.0024609342558189595,0.08801115548366262,9.17578982675294e-05,-0.06121816427729583,0.0128939509384808,-0.0004856142818243062,-0.5904981454692806,-0.012862262824461028,0.0034780517857344664,-0.0038496372348533897,0.05853080358593803,-0.005633405658143078,0.00011165100033221932,0.00010782045938783488,0.003193904284620827,-0.005920284237476491,0.00027399387007751626,0.0012813140707358195,0.06182563736565137,0.00012043833836147713,-9.566826200910184e-05,0.004954141500152626,-0.0038195953797343684,-0.00013289284125307834,0.0004674812580566703,0.00010495582837518193,0.02577271665173651,-0.002629508273267028
10,0.0004932638895278289,0.0067076930537221,0.0299107224255715,-0.004588560282791004,0.03058837236140967,0.001541833774334686,-0.0886434878983549,0.0024564829830719705,-0.030684576632786648,0.000180702085486234,0.005248172293441822,-0.0006833405598079267,0.0020193374771436123,0.00025598983760827254,0.021059552086095112,0.00025162686706431403,-0.005958022384699613,-0.003230919414961536,-0.052176773815462596,0.007849826425878802,-0.03935164162444182,0.005510995576523844,-0.003830803879683471,-0.05147458063944228,0.005880171850874208,-0.00010449449316592683,0.0006084733089926397,0.0005308445157497835,0.0005259761800179286,0.003127787634943508,0.00010273933730612153,8.461058841763031e-05,0.009635279719065372,-0.003941614052120055,0.0013740154335723023,-1.1392352626591815e-05,-0.0001344531221315684,-0.0021873598706609806,0.002645001853912539,0.0057356438724143755,0.017984836086381167,0.0007875600479125752,0.005743002548238788,-0.005274486473910542,-0.004212994187098883,0.0025782707734437332,-0.000371255858323016,-0.005703501857547241,0.046335573830756316,5.105062102893853e-05,0.0011945108142021044,-8.202751765079737e-05,0.8652283566657795,0.164895655325628,0.0608400325962823,-0.0009171153414131276,-0.025439742322606054,0.0012711456016377112,-0.00010624417467422611,0.0001872508420755791,0.00149917056479145,0.0734963017720438,0.11946099778516893,0.0003271836349514907,0.0004345429643103499,0.00203370990225522,-0.012780187344323853,-3.3326491715515716e-06,0.0003499454367588387,0.015563736665789522,0.01159804528493999,-0.0037072161489106192,0.012600602088416065,-0.37973793053563776,0.00022189583913398772,-0.010697798766066371,-0.02886425612369084,0.0021793142981285556,-0.173122710177854,0.004554320520513886,-0.0015267767399856792,0.0061596359727234835,0.015572134877882688,0.014234875899476761,0.0003981213128170071,0.0002056585241980784,0.0019544604133174895,0.023783908575102198,-0.00015916828218361144,-0.001457929638623638,0.02091113524891568,2.7031955089190304e-05,0.00031128920208392356,0.0023496791382970703,0.0025204404392660347,0.0010051835757625156,0.0006278214678807695,-0.0005476902871923541,0.026808585265902782,0.03209183452244842
11,0.0006079612129510812,0.0011513299374805996,0.0026686833354643003,0.607052250312593,0.006623614561049915,0.00024300854559570345,0.0042436267912722425,0.0005611209494204433,0.023435714081163253,4.311926107758435e-05,0.000453651446940706,0.0010535943573696804,0.00027539809858910524,0.0029418107587445286,0.005110708709061287,0.0008523145726384296,-0.0030522050080965535,0.3737943757349421,0.02402966237736527,0.0024892401594156163,-0.006906636001523109,0.0004350732158617584,0.0057383604032356554,-0.00016708572295771884,0.001085479472710843,-7.43817950976831e-05,0.00025296307951889986,0.00027109397625993403,0.001536023918996772,0.0021307501442652203,0.001801190922891844,0.0008828475309099696,0.001469313552370479,0.0008984481481099163,0.0159651085650213,5.962159699372804e-05,0.0009722730940277119,0.003753077194938517,0.0005158927295285777,0.002091817090980521,-0.001240406996653981,0.00035085643298142017,0.00042327805285863524,0.0028962507502106336,0.0030712875372185325,0.0003054482287165915,0.05998236324799289,0.4871849753769986,0.003303222579782966,5.1026475484536316e-05,0.0001670359660308346,0.022697825321692136,0.006128048859394303,-0.009064340275839272,0.0054193952228591,0.0005268144899036181,-0.09208038715282171,0.0005290974062036186,0.00033107639832026265,-5.480233258634828e-06,0.004845864795313473,0.007552178119525035,-0.003916064899035343,5.991677397891842e-05,-7.2009212676099e-05,8.956094914448201e-05,0.007275068824799863,-0.00012345422065196746,0.0002933467807626517,-0.003223966472435136,0.0006145666835734673,0.48846879898892315,0.003548836863191806,-0.00877321886118182,0.00015003239571615562,0.0044244055195802046,0.0019230155246655056,0.00016598168043227297,-0.0014945541453749156,0.004005419389636805,0.025307099263422766,0.0019735166386253555,-0.006897660095228186,-0.0002576824427864069,-1.0536097966749522e-05,7.556232087176725e-05,0.0004179796576038032,0.0004728216497134974,-2.8731339857493432e-05,0.0013009041874873593,0.003853787299915111,0.02010523401999859,0.0002130440489956538,0.0010969541543607714,0.0011699077774217533,5.109436624710665e-05,0.0003535908926839866,0.00011012661519547821,0.003381337282107627,0.0017618704773590087
12,0.0010400091614718465,0.006648727330080158,0.00751545835404519,-0.014265927743734183,0.038827837078544106,0.0011450632760995963,-0.019989717379904043,0.0039168498453028555,0.9492142448532274,2.2017485615200005e-05,0.0014349308069164513,0.0032347918568456646,0.00042646517781352866,0.00024831357427793077,0.039268846075194805,0.0009955697997218738,-0.05576806902631401,-0.009588768774918988,-0.04730932069642185,0.022075942545516924,-0.09824440610728559,0.0012024605320951533,-0.001852926378349603,-0.045406287861317424,0.0017697167985942786,-2.8259906155706123e-05,0.0012724827821678168,0.00041160756268134036,0.006122973406664834,0.004265591720456485,0.001475455123140429,0.0017291001808375783,0.00459932436745486,0.0059228448571460104,0.0004372751470599033,8.708889245797463e-05,0.002837209406751834,0.010593088806966425,0.0015584727156823328,0.011827632276898637,-0.03202886070722527,0.001218164836538433,0.0007075716772580418,0.055900833487054186,0.00888932213282248,0.004875079811461571,-0.0011907505616337109,-0.014845705615645535,0.0035848153635517598,0.004865112830658852,0.0011215768855230845,-0.0005001566123564631,-0.05170033190625001,-0.03527689923598634,0.027211437064209573,0.003062088585893335,0.009689083812580268,0.003371670408431183,0.00019560417374973795,0.00036844979019931817,-0.0003146411654758145,0.0022169846993453732,-0.02607935263596059,5.482363194678208e-05,0.0005125347354973178,0.0010635190875559037,0.14549491632712336,-3.0438407365347003e-05,0.0014524832675763362,0.007154210844966068,0.0024197402492098577,-0.010527565753667367,0.07620056407040854,-0.17663458782382752,0.0002811232807656064,0.01593863402670187,0.0018484473531883705,0.0014948673464127821,0.0010841018968516941,0.01846494237238753,-0.0005953601763691039,0.011151916624203978,0.08544448214209771,0.012523386283147649,0.0004264340056232326,0.0004291016827288715,0.0025254833503662068,0.0013302622467502956,9.303919051085151e-05,0.008273476122491193,0.022121436420642557,-0.0004127530994003613,0.0002514075800524457,0.0041787806021246765,0.0024425302808833323,0.0004606589574411243,0.0011787093283152916,0.0020260438064520795,0.00863478167789154,0.001551481335152649
13,0.004586121876654671,0.0364157361980299,0.17946967129867047,0.002184003377852295,0.31784184913078767,0.01174073281821935,-0.11815231886197552,0.0034539226395131073,-0.08312161001693853,0.0014134398013010419,0.0032852457617782715,0.02566266961313879,0.006176557502570207,0.004260408134092539,0.3326426664029126,0.0064657625875149186,0.00073085860136754,0.0007240321298805051,-0.15200178707625686,0.16818399927908737,-0.011352845839724922,0.010386253878354285,-0.0044331942341577085,-0.03217474274307411,0.024752930658190453,0.00015978827584921902,0.006734981777838146,0.002130360791720083,0.03579760414289923,0.05321520246298759,0.015168509819968024,0.011741529997175211,0.044285385754789824,0.003696030298496131,0.011088400031586412,0.0005845926863806902,0.015719879986936768,0.07774044838958376,0.005575319384159743,0.09050841415691839,0.0015602162067402253,0.008091490026797857,0.001352925697960547,-0.007556751696813215,0.07610260891129106,0.005185316807963641,0.00033920825801668584,-0.0015345366161256951,0.11846438217781403,0.0020196615625516796,0.004915256702962029,0.0016648082459760206,-0.15912139853500376,-0.20461518477921892,0.3198246886422036,0.004416564186344261,0.08611886492591381,0.02570297496357752,0.00011772081717657877,0.0007175766473856047,0.008181139829049743,0.2516427595412587,0.49479079553338884,0.0024216798687523126,0.0030739520113345683,0.009991666009194948,0.0031225151001249077,0.00015598128537139787,0.0022953762621216334,0.011388300846855914,0.03404708182961448,0.0032902637903399687,0.026711873035053332,0.01969506886052369,0.0009663951199832231,0.12343628311289219,0.0024669666775297555,0.004075548423327375,-0.08890710970468023,0.15241816579543238,0.0015095410719502783,0.09181603464445683,0.09100987583913893,0.05070031755963868,0.0033374530679450226,0.0008053273143594252,0.02473338849987065,0.0031551857686751526,0.0005058633989634687,0.004469674952800352,0.21604707078639684,0.0007514481355543178,0.0013017737366214687,0.03278879448303543,0.016642326005892043,0.0022020541955014464,0.002979164760543572,0.001792253844462714,0.15077663654607926,0.1144358227072033
14,0.0008005508197562403,-0.001247037042996696,0.029676475421258303,-0.049315732105117194,0.2623982495068211,0.006526804189783956,0.08327449668403612,0.0007546029216172409,-0.007585586065278966,0.00025299095664390453,0.002407231681189139,0.011384178253497166,0.0024138471615473486,-0.0007293933672248981,0.32091371375683697,0.002838690539131626,-0.0010229741135589013,-0.02358858868565039,0.5685053143554026,0.09137477985183923,-0.003428795962218994,0.0014991611432091628,0.03050727889009764,0.028107506770932184,-0.0033121903832558156,5.766032510020583e-05,0.004284289186350301,0.0012700921898108133,0.009505859288326157,-0.002664185192933932,0.0038273466721960594,0.005326822393405196,0.01498949605979295,0.008071330505979874,0.0012893504652447263,0.00013880524754708579,0.007248561449708767,0.03941457200452277,0.002923593089593728,0.07348567901269235,-0.0005981004496258546,0.003871493486995601,0.0007424589559992887,0.013066730221044081,0.032279176628639064,0.003868126160417872,-0.004950324244760512,-0.009973743641107724,-0.0033575295182061843,0.0009354803967553844,-1.5853315670683737e-05,0.0001172785414216747,0.07628328570800214,-0.08260161855511217,0.1992426774579994,0.005091928508006965,-0.42621246089863946,0.022753298578382118,0.0010118033142410103,9.732557242191292e-05,-0.0005244847745134772,-0.12844719257826015,-0.3905820131133269,0.0004596639298041095,0.0008296360501524223,0.0043407318723787894,0.007283317851808324,7.185926249307639e-05,0.0015649340123247047,-0.019511059541883403,0.00941229572432733,-0.03979335495177527,-0.014456623779579448,0.002134878332554102,0.000351869194013546,0.06545983755313609,0.007998884118599017,0.0009991041489500175,0.00135900136395916,0.09530188973508188,0.014344768776271763,0.04975984881059148,-0.11772239969777755,-0.02656179894133849,0.0008031777220828366,0.00029667603753747227,0.01721685999742384,0.0024070503217592525,0.0004377477217368461,0.014636142712404607,0.18176296474032427,-0.0008097453956192988,0.00018986630493445476,0.02636085712722372,0.002562431173898797,0.0007647758744501396,0.0010900400170950342,0.001218439444091897,0.06346966163428668,0.0076519108433029115
15,-0.001575420747740508,-0.013190170149782611,-0.029900820554823446,0.041088482886215305,0.20096426308098095,0.003438613081789477,0.07388526434889854,-0.0014066989999816232,-0.055598390716452395,-0.0008364004608525794,-0.0003072393961928571,0.0025406528798032294,-0.0010321498661934325,-0.002414871103993521,0.2787762103755061,0.0003033024736793094,0.0013877717084559357,0.020200888336253463,-0.4998381978169694,0.05468355672350639,0.010112782785981156,-0.002746627877318231,-0.02698534615859481,0.017808144436097795,-0.016508580881182552,0.000137346300324664,0.002465411116242099,0.000769275113594068,-0.0002541685174874786,-0.022249402634285053,-0.0011112371112745774,0.001242527527040559,-0.0036657357429317385,0.0010319339235263965,-0.011907734958994406,-0.0001334158438366373,0.0018275337471300515,0.013925039133141002,-0.0007504182864406542,0.05507152890469083,-0.0008387618615895293,0.0010895474271450144,-0.0013074711842952923,-0.004139102002933355,0.006736581196188279,0.0001797656130150772,0.003780945497372029,0.0034071327453302483,-0.05456329410150089,-0.00047255361202458435,-0.002012966568495443,-0.0009600811704728171,0.07682999542474826,-0.020545173134975413,0.12232181911826753,0.0036585657579439506,0.4384371926427861,0.018574894428171528,-0.002223886769706197,-0.00018317493714522983,-0.012979720451817289,-0.31299489286025367,-0.5117791158305764,-0.0003778206049283913,-0.0002360479053184262,0.0010571990872804593,-0.009529868655413783,-9.236677413665233e-05,0.0003679705186983404,-0.0024789908822503565,0.00142711686632206,0.030442253672208472,-0.007576023412040616,-4.054712293358187e-05,-3.510231697333166e-06,0.03077971070526038,-0.008945259399366273,-0.0009786283342940235,0.027892969592388787,0.054731206452067194,-0.015203342979766894,0.0238322435577659,-0.07394075968548573,-0.023566036108318422,0.00022406713387272854,9.604410705091212e-05,0.011185472685874248,-0.002613989517222108,9.274550072214255e-05,0.008939614179716244,0.1431446950357028,-8.336131218158061e-05,-0.000196537076258422,0.020182578924458874,-0.004695665459827268,-0.00024861725847815687,-0.0010046021573686843,4.084676035078297e-05,0.008181400245225418,-0.03301114599037329
16,-0.0005148046148293736,-0.003499288757849481,-0.037162789360191795,0.0006539490269052047,0.011977010592579683,4.318251457160853e-05,-0.10685347801567886,-0.0019091639908441482,-0.07061438898574718,-0.00024318083896117133,-0.00011463097862942848,0.0005946692367428102,-0.0019591910094304173,0.0003832334454877892,0.005861051940673448,0.00027853221438570164,0.02345353520320262,0.0007936199722952718,0.008896556651114482,0.016030480953052997,0.004574733284303259,-0.0028665710121266153,0.007662502887532288,-0.012607222512764374,-0.006766834133134357,-0.000449540062881223,-0.0002821086115370505,0.0002858833773467448,0.0021155967725925012,0.023772906429579594,-0.00028054537415918464,0.0005368549743892514,-0.006452669727782943,0.02768021486079741,0.008840365280623015,-0.0001727551979970668,0.0015956253021343764,0.0008498033375304304,-0.0020356357684053507,0.0014434835074187023,0.0041096699363219885,-0.0012776758797835713,-5.217483064011582e-05,-0.020047798242074512,-0.005285964366726348,0.008961597474334575,0.00023008737344369385,0.002593561730828175,-0.034046725783174206,-0.0009038114131073485,-0.0003560949771321126,0.0005145908765323015,0.020628705948024587,-0.07406384902294993,-0.0124535313247231,0.0040506780009462295,-0.08620323123250453,0.0006266618666434956,0.002125440162996083,-7.494793483129453e-05,0.005515033255067095,-0.08953278033962557,-0.15272676942154,-0.0007591435737601942,-0.0001305769023179637,0.0013142874881562315,-0.09886466945410886,-1.2559375880324356e-05,0.003295439258477479,0.005985281745257188,-0.0017654703841421516,-0.002480340520577877,-0.05498241982959732,0.007657112168495905,-0.0003392553213146243,0.0033690980365931305,-0.0030638014002587408,0.0009267968482470858,0.021354238501343027,0.006132953992675808,0.009166407004896923,0.0005259644700012708,0.9531334137558715,0.0916514948815873,-0.0010091761671516485,0.0007171883772266185,-0.0005552294901062871,-0.0014641601874469112,2.6938176467245986e-05,0.012804302956990397,0.0037990088047573914,-1.813192205764834e-05,4.264426376680147e-05,-0.000631846794700358,-0.003112653739436531,-0.0001455995442674596,-0.00025012425125556237,-0.00010586585129127545,-0.0300938673316274,-0.03618191282253209
17,0.006903359189939523,0.028678748395255083,0.16115815996364377,-0.0017253938865906815,-0.037665471265609096,0.001328062796184304,-0.0036072205853774422,0.0033263220678261818,-0.0343346744405498,0.0005253828390011789,0.0029896352151410066,0.0499074711356709,0.0042659791833616,0.00350278856201941,-0.5422817563047301,0.01025319778563033,-0.005786670507529401,-0.0001044133627382815,-0.037600407199053235,0.222625738995042,-0.0030473177780296415,0.00432511151233959,0.0008453567693029063,-0.00606303653378934,0.03613742077400284,0.0004036643050861644,0.005424461531902337,0.0036665890352381644,0.06252056319869738,0.049057140510580965,0.026733457233113905,0.024840570555092707,0.05272486040611711,-0.002086515852054131,0.0073500517387868475,0.00041392938416474553,0.03687767074559096,0.17697205754284745,0.0014685592192565833,-0.005996290826656252,-0.0013666288889800891,0.004063763410419774,-4.056149047731208e-05,0.014228626396820744,0.1802513625192745,0.0024147114297909276,0.00022488357666960307,-0.0029290786803446676,0.12007262170462393,0.0027152041880173852,0.005429743827226496,0.002229831078742593,-0.015642497162488805,-0.01866720013079365,0.16919525718000128,-0.001367413993250923,0.0426397749361991,-0.02839785629254342,-0.000245747264495718,0.000544915137064492,0.0026864320258135795,0.350918998229466,-0.40004555623228855,0.0019051443461188047,0.0009774849083647435,0.008770098509547944,0.05783342212771867,8.627498015057112e-05,0.0009685536735450538,0.012263441254944232,0.018943482001990163,-0.002224921578826096,0.05255154494640568,-0.0027023091824217374,0.0013828025768872262,0.3095068612516896,0.002965724554089763,0.0028096059772592516,-0.11942151212477271,0.20767113917649815,0.002172242455776196,0.10455876848148195,-3.682291001104454e-05,0.009703156728176206,0.0018659817229459783,0.0005356711855239069,0.003477255722441921,0.000604591773789943,2.6685220822043193e-05,-0.0002563949256048463,-0.08947760390667403,0.000822074514962994,0.0012633801812447255,-0.007189794693496036,0.022397826716533207,0.002282107698478411,0.003364087969835422,0.0018905927903675387,0.1626482246188117,0.0999175116426916
18,0.0023587637236101955,0.030254199487010733,0.0543238812041862,-0.0018815379824123346,0.03768289758919778,0.000564046720113412,0.02174863239441736,0.0012254290115541328,0.0018147660300359553,-0.000504713474837569,0.0014534628041120226,0.02721413731589213,-0.0003263337748201853,0.00020634255064644336,-0.3083281178772067,0.006673765727732248,-0.00427210296221478,5.6337406852573386e-05,0.03345210446934966,0.207860550466618,-0.0074256363827705785,0.0012255615754190215,0.0031884552016751473,0.01709671976680568,-0.016126379496725768,-0.00037210564785023067,0.003643357595240625,0.0008547430366555725,0.045003396056367946,0.040999739898019215,0.01707657333594951,0.014232493888614403,-0.02040089380909273,0.004425807536579849,-0.007170769002598401,0.00025988802348649725,0.02478872391803304,0.11977474327871046,-0.0001276406663639126,0.006829125522451636,-0.001796045484016115,-0.0007820758846531018,0.0015164071898538924,-0.003764536469156086,0.10962731173403104,0.0003736128222009039,0.0003032892771404304,0.002410647708897786,0.00845379488342993,0.001268883290875618,0.003928349450053381,-0.0004285927129758717,0.004638483139088323,0.037981510552927186,0.08239835614137928,-0.0008560949565797584,-0.0460003392900759,-0.01674678098277518,3.7784283806537207e-06,0.00017579168627215505,-0.006364468082750249,-0.7843792291367984,0.31997746945300265,-0.0003095157298114472,-0.0006424012552154554,0.007644045587965431,0.04933660743184738,7.031682007385687e-06,0.0009614950432543406,-0.010241573744879178,0.013800620239774613,-0.0016075606402287165,0.004707738972030676,-0.00022077471243729663,0.0002579960466141257,0.2284940061341946,-0.0035311603650247138,0.0025723319944219733,-0.07244639415583737,0.15882106812707567,0.0010938839061496765,0.07521495462582864,-0.01766172886519707,0.01718634992304688,0.0008152355312153622,0.0006077616853520348,0.001750957833473746,0.003106915865489464,-0.0005721338163031517,-0.004118557164658142,-0.03230108639084081,-0.00033616082629281657,0.0009706899550989772,-0.002584239876051284,0.0033740021543747093,0.0009969703719797398,0.00023265405099677505,0.0002553469624739825,-0.018262470147290353,-0.005548584788546246
19,0.0003946538135360281,0.01230692459074158,-0.03797302288400659,-0.004459389688119273,-0.017136239910721173,-5.9283772288780054e-05,-0.005734990466095824,0.0076043702906499165,-0.1943523061377639,8.411680614484399e-05,0.003392060447954927,0.002093072119833974,-0.0009539658024366581,0.001223934694946132,0.08369828879373996,0.0005247409948066684,-0.05369292518724462,-0.0011539651060603288,-0.002271242893371706,-0.016566343474186805,-0.020911979007195602,-0.0005288069790394204,0.00524154229773535,-0.02896440659361532,0.008004427974793019,-0.000534363871310391,-0.0002809717896900422,0.00026153340029710405,0.006103627043825374,0.009181259469811399,0.001002824311350528,0.0004413409652027382,-0.0025467829840030353,0.01134504490172367,0.0011932497628997889,3.108574924460053e-05,0.004043813913260922,0.0005447581692486839,0.0021116244771254267,0.00035758084074904214,-0.013606253186295346,0.0008109885743756025,0.0011958093570569996,0.06938015758132988,0.0010597354512535753,0.004375051278915547,-0.00041285549183077864,-0.00047045657125011076,-0.006334276929095073,0.0028145971704483202,0.0019410138540516542,0.0005267618111196822,-0.014710994369292449,0.00027486462887525796,-0.09702830499875183,0.005782497077625197,-0.016998808185189868,0.005391513861001366,0.0007863979983093689,0.0005320396654876717,0.0016549023671776153,-0.00199473742818251,-0.01569120213995919,-1.0516805292900416e-05,6.67433119794468e-05,0.0017948467908208083,0.9079729695526397,0.00018476225862950474,0.0014825168378428235,0.031117695994154534,-0.0049781728155294,-0.002280961568741113,0.30614412336044844,-0.05643455149377709,0.00045523986956415644,0.0010340339911591168,-0.002980818052339799,0.00251239954938216,0.01339080948280046,-0.012114358099688227,0.0015965781852644687,-0.007444083399008327,0.08784217500606041,0.019147165963145158,0.0008786631519880146,0.0006161400359116412,-0.0011654317187310566,0.0031391848302499046,8.035967999329464e-05,0.014337850997064095,-0.00243997605068584,0.001259261627123808,0.0005680210932109721,0.0023850121581508793,0.0038873017695704925,0.00012430969985220263,0.003361687485305624,0.004138725812719503,-0.03989386200411875,-0.020121100363135525
20,0.008517699032522752,0.03171717609620078,-0.09848221729919053,-0.00013768026985433446,-0.12044838936025196,-0.0016066084838000927,0.003382748479874159,-0.0008738296232711218,0.01339148921498523,0.0002857010259930959,-0.00023307926574976656,0.06309846259201837,-0.003479350031316941,0.004175392875778783,0.3586649982377484,0.012740972847096771,0.005683027530218689,-0.0007274669978822503,-0.0020840408288569715,0.05919768272509912,0.002152897395054129,-0.001618328239040491,0.001457873219886584,0.0012425369934812875,0.030641631614145518,0.00020296372288904595,0.00421448109685077,0.001969725570614556,0.08727892059303957,0.06841318661868814,0.03814244033409765,0.03392737374955059,-0.017840248803098705,0.004055776458710672,0.0013046583096933684,0.0001616152456193065,0.055493969197565655,0.25254132406230567,0.0008386480053357616,0.021101300372933646,0.001301228560609588,0.0007736446887104979,0.001488907021822499,-0.0011662737740349184,0.2642658254710802,-0.00017208009842876754,0.0008242155955600957,-0.0009550040772075669,0.0029991306387425753,-0.0016321002954454555,0.00858606575899519,0.001308420623224971,0.01785616860890185,0.09044271866661395,-0.5958662432728802,0.0014064752112079178,0.000897564768224543,0.01896268740403999,0.00015856819684286275,0.0007840820176224494,0.0015007139342071239,0.08621741724112086,0.01645051480528229,-0.0009691749548280462,-3.783332091059251e-05,0.0011939161422681302,-0.09284707915870806,9.06910817770508e-06,0.0009368285195949429,0.003205875483649284,-0.015304982155978687,-0.002072233264332957,-0.0367834388349075,0.0004004030143390097,0.0014934862848594403,0.4907226550220784,0.0013596854416406071,0.002185585248516132,-0.046719881596287,0.16980623616611443,-0.00037957945634962097,0.040080191673448486,-0.015582580522163257,0.0027466453829493136,0.0016391534945855166,0.0003948456831569852,-0.002011890542064651,0.002756796260160279,-0.00033009612650662656,0.004214320972461721,-0.03570384250855005,0.0008213550385482334,0.0007999120652808025,0.019871632004198402,0.01955382746677075,0.002196050594957196,0.003005615877933278,-0.0017016481322524972,-0.15958404119059488,-0.040104187839089325
21,-0.00021560413467434792,0.023179117908449027,0.04134060032616373,0.0013150198341941154,-0.006910882329618562,0.00024381226379343972,0.00414681718132886,0.010581809444907593,-0.033966138202838204,-0.00016975607008642198,0.0020038722177921943,-0.003912230977383388,-0.0006004806388922425,0.0005755284212771734,0.02580046541463876,-0.0007762739166629236,-0.027799064356676874,0.0003420561233418353,0.004207809978324955,0.10726962370292913,-0.000875270458633285,0.0007454143881389252,0.002894944492600816,0.006046894969257013,0.009130041234677278,0.0006330840937749194,-0.0006579842122488544,-7.75426016816355e-05,-0.005307978925515192,0.0034928722872272127,-0.001601789453339064,-0.0024409131415952124,-0.011962024432906171,0.007377559445273421,-0.0004893324593085982,6.33523455023698e-05,-0.0027686650837690056,-0.032163373158371464,0.0015465394107518665,-0.003297112828320314,-0.01238919215274233,-0.0002731005184186302,0.0038034938723388654,0.05270580980290932,-0.02832685379515151,0.00264706523408032,-0.0003534830749141928,-0.0008257342592964071,0.04491927377392541,0.003593043876497655,0.0029305037748793873,0.00012276662544260885,-0.026944770524581295,0.002952186908436554,-0.062191450391885346,0.001986270760462889,-0.024299107576168665,0.0006835469851704098,0.0002454878806436347,-5.086701629583617e-05,0.0017976483977561813,-0.03829562422476938,-0.02422102177205771,0.0002963330874208238,-1.9992660469001248e-05,0.0027036067484546337,-0.3363834139753472,-7.826112192812324e-05,0.0012016167736058957,0.045906393829348094,0.00591752841397856,-0.004834007086039897,0.9199651724497608,-0.024748576503034844,2.5351028482557304e-05,-0.061847777038869955,0.0025149015999101076,0.0024494017118229985,-0.007021062950457608,-0.023707593693870883,0.00023861861073831318,0.0013223009435535046,0.007586628181142302,0.010386937657906284,-0.00016007632421529978,0.0006704233519916931,-0.001644232528141401,0.008827472221095301,0.00018880387393565169,0.008951506245375477,-0.01297620462852769,-0.0005775010292884044,0.0003542776473417532,-0.00115786414394997,0.0018286860649241424,0.0006982235982700841,0.007495333940335247,0.0036303231442210812,-0.04048116435932745,0.004407205297579174
22,0.004751460948997396,-0.005654876930618058,0.2799251994611592,0.0026862116500653913,-0.48522797392671185,0.0035742668385868592,0.003682118624214706,0.005095626724566295,0.0011074511800875791,-1.836018622089486e-05,-0.0020542665366738433,0.01982952432064721,0.00396103029907488,0.0028604118404485235,0.2316633911381879,0.0050002679795581595,-0.0038635578091659184,-0.0007253054483310831,0.0007230090546800627,-0.5512453483996123,0.004882751498298393,0.004146362490750207,-0.0028143245758418946,0.0017579817661731445,0.01823541122822886,0.0007147189886006749,-7.378374834240888e-05,0.002227845702853025,0.01852992943690076,-0.02442577727418253,0.015393063402474372,0.010749902190337215,0.03290776453773662,-0.0026239507246437997,-0.001875329762675803,0.0002998752168754115,0.024590557223404072,0.09070629450557431,0.0012081268731538712,-0.06431892036809875,-0.0001481434823696129,0.005113857347709283,-0.0009973492973311474,-0.0002477509134338231,0.15403130700034112,-0.005120358767843534,0.0003789943678364329,-0.00292920615045213,0.21038942753500386,0.0029817081852717107,0.003691034567977522,0.00020516067440010284,-0.02005850456679678,0.02593457258600633,0.2987767138800546,-0.0009586356415276023,-0.00322308717915723,0.008326238540632993,0.0001663018652137485,5.1088118123132284e-05,-0.00017989484197676944,-0.15398244003112002,-0.03793113696230312,0.0014638772029532746,0.0017055057187005708,-0.009044478758521952,-0.01138867824179191,0.0002046180988116396,-0.0012457316163255276,0.0022745776105768684,0.0004143782595328292,-0.0007030506342287739,0.06581594861740606,0.0006514527028704531,0.0005536902787790926,0.19620923550440986,-0.00044031870323851807,-0.0021981900119757668,-0.007954564506201495,-0.08603029024859103,-0.0014296382890140787,-0.034582466704922016,0.03942251960482793,-0.03701953737549485,0.0019395835435284375,-0.0006733543835068883,-0.0012702196589994405,-0.0037342523032617113,0.0006631539956728216,0.00162478163620112,-0.0799214395313684,-0.0002610191724150175,0.000690916731116719,-0.0005878998569931529,0.015182342010616419,0.0020159967150611448,0.001794662537249768,0.001767502293809774,0.20945639021786455,0.15334537913573063
23,-0.004143761410984511,0.02423628046153945,0.42019597546713966,-0.0036541542051583553,-0.36750870943282676,0.0054350094525058845,-0.007666253032508688,0.0028395492001798348,0.006203487632459245,-0.0004882237844017756,0.0013214689822250852,-0.024564121290765878,0.004581074611644809,-0.0008224029676392186,0.22819045227537393,-0.0033987884862266005,0.0017795919457231912,0.0010470070923874406,-0.0004405785548954877,0.597175555528811,-0.0022050079920461207,0.00857363091879494,0.001837084593125418,0.002528464871633551,-0.0087065626922673,0.00017021005273533678,-0.0016211332932650523,0.0017844823621254889,-0.028373066623572668,0.01565741693610459,-0.015705620034199896,-0.016057866231884217,-0.0031928478962351056,0.005803657376019999,-0.0019558526151815577,0.00019121513040081493,-0.028961504680573066,-0.12434285949703872,0.004751240281398689,-0.036555809592157824,0.0022329451297202346,0.003490160351911401,0.0011081706911875147,-0.004613625413105983,-0.10623431275213877,0.003267150028320099,-0.0003528943826284689,0.0047994570094730335,0.22765531180601362,0.0038092263322847134,-0.003574037330207197,-0.0006184885325697413,-0.01554445162961543,-0.0040910914642895944,-0.17540384278361376,0.0019420872899437445,0.00045157598514658503,0.009527023333993247,-0.00016295428426576705,0.00030310012983569444,-0.0012290451554182302,-0.08129467839432877,-0.07896816415092593,0.0037644680692999685,0.0011236158406560132,0.010643242536632588,0.038186822473178346,-9.566277625174674e-05,0.00061706816070002,0.005620836674621207,0.038235795412203656,0.0022231857758970366,-0.14017631935078645,0.007415363369559502,-0.000997440328219433,-0.25829132527581666,-0.0006765503086027524,0.002197045032929684,-0.0802380289535568,-0.07951463124004264,0.0006054824550817289,0.029148634775261882,-0.0016272624646564149,0.03892813927041659,0.002290690016063029,0.00025230503119359423,0.0018033927983470872,0.005563480483616527,0.000391678515023445,0.005153693505776363,-0.1186097951997551,-0.00044912415560957597,0.0006550684770835358,-0.005569526791056984,-0.0006125774092383893,-0.0004004581065379545,-0.0019597819941900296,-0.0014737897007799754,0.09272440607736836,0.15577602586562828
24,1.9955690574925163e-05,0.0007178024129224821,0.0032427904297527513,-0.501280642528002,0.008087341525457521,0.0002914963043694996,-0.00012175385985046291,0.0009481126293512656,0.0018199645822777604,4.568959026968406e-05,0.00022274072607427918,-0.0006536530018475098,0.00017090761471174958,0.001050201937950569,-0.003006998542100425,0.000269890101920862,-0.00010661560614461335,0.01362207068850886,-0.04022831777703482,-0.013180366815779818,-0.0008636201695596118,0.00038306797748945695,0.001800839226220006,-0.0009255037662015408,0.0005549225892957504,0.00014507509396402204,-0.0002069388736141715,0.00031733993959134205,-0.0005603740186331425,-0.0008941874925631373,0.0007973686709250409,-6.22380096934206e-05,0.0008347004011872265,0.0015785519496338716,0.016638651365153037,8.654163378183895e-05,0.00013409645587203478,-0.0006293273867462729,4.237310116846126e-05,0.0008385531573482756,-6.89204991868031e-05,-3.1679686696167356e-05,-0.0002569405768325602,-0.002009774896438199,0.0026413411017347857,-0.0014012851268241878,-0.054675255684739445,0.8344154006791784,0.007199021925341179,-9.495827748293075e-06,-0.00013024839218022007,0.0035662130291188466,0.00021562513530157257,0.00040027523038954627,-0.00793251029725961,0.0007795785356062566,0.007611558505877084,-0.00038600216125590954,0.0009789875793859847,-0.00016015134477816953,0.004732588950715802,-0.003001526336179186,-0.0040326102749075055,0.00029142393045335615,-0.00010778114981947924,-0.0002940925425406384,-0.002625574069943338,-0.00026182546773477434,-0.0002219065373210554,0.007661443972497864,-0.000548434275397424,-0.2124176641498288,-0.00010639065725740957,-0.00015493074497220736,0.00030527258338206107,-0.002633502242861116,-0.0003867306006768434,0.00018570186103039252,0.0013827470741028247,-0.0001756773932601735,0.040246948613618216,0.0010833294640936394,-0.00307092628813576,0.005176732239294771,-0.000286940970956771,0.0001933866100053277,8.123765748307803e-05,-4.448049369150473e-05,-0.0001336893798401938,0.0013400639314753004,0.00044311552770900584,-0.0009556084408812312,5.935194832130345e-06,-0.0003653413164649809,0.0008961953037884404,-0.00012437913192661024,-0.00010335749110616625,-0.0010980177152822776,0.002977949310317904,0.0024012252814247237
25,-0.0006278114398695886,-0.004885852586774748,0.43971754176709194,0.007778453247676016,0.4731221058054399,0.002450403487232288,0.007375587535776829,0.005162016525090371,0.0020672656033060687,-0.0007310012442388637,9.719696730790123e-05,-0.009940954417692407,0.005332914394674006,0.001306119224624508,-0.17280528127890266,-0.0009820358094118492,-0.0018528451949627912,0.0018242194192380125,-0.0026178336541332198,-0.34054147688467284,0.005216159241638256,0.007105327320394612,-0.0032423992688488446,0.0009397183943008619,0.006604852860257955,0.0014413930426448967,0.0015200313606222437,0.003003125704039277,-0.027272677830711967,-0.055260311653665614,-0.0038310756181610915,-0.0075780206068360376,0.0013509592942129549,-0.0004975140974504007,-0.005062859422098798,0.0002607416172111937,-0.011112390514010397,-0.03447869699081886,-0.000553619735175763,0.06525357654438062,0.0018366646507055884,0.0035603029631885077,-0.0008123501345497472,-0.0018847194171961838,0.0012363022770896098,-0.0035465262707067005,0.0004836828747757805,-0.01559874025810385,0.3284053956824749,0.003775236797232821,-0.00047788233981521655,-0.0015482936395509075,-0.010108797900824334,0.020673257788219414,-0.4769615357893681,4.162350743299164e-05,0.001970132424259153,-0.003459664670792515,-1.8762832279012494e-05,0.0005115872610685574,-0.00033114679490257,-0.08440718590778516,-0.04609854088892669,0.002402214714965663,0.0016238120219027978,-0.001630969725176512,0.005467122517686326,-6.315013344147802e-05,-0.00046794904650949575,0.001821751714160269,0.0016966688754203214,0.00403943830018197,-0.026318470907037414,0.0008045638052109894,-0.00036688532915618577,-0.11216483748343462,-0.00043946609924744306,-0.0010298578906688723,0.0109982855830741,0.0021676020091685733,-0.0020502116302091814,0.020695221963014182,0.0278000886192731,-0.05197261495880717,0.00031070679511072466,-0.0005340507160535993,0.008566574140176529,0.0002933505537079061,0.00010770389146942325,-0.003609695078510134,0.0983007474181744,-0.00012035190062810452,0.00027322824799364334,0.009453500027216358,0.006977820806070508,0.0009285432130319684,0.0004399109159761577,0.0036820094317777468,0.09606842301553317,0.21237589916892613
26,-5.328065285011185e-05,0.0073340853075857405,-0.2658763527836683,-0.001132237559532037,-0.09632482174368996,0.006539627411679692,-0.02126507741454225,-0.001936300901655138,-0.003917890380749694,2.6944315004884473e-05,0.010193625286367827,0.0024061158429189273,0.007891316822368242,-0.0028893954962860104,-0.0024197704192467544,-3.914272854697431e-06,-0.0002821611656374681,0.003939426351644023,-0.0005491132692301351,-0.04238695077112902,-0.001213415697255818,0.009068553192947176,0.0027747513144203775,-0.01017436037826923,-0.00797050456004374,-0.00024575672145789773,0.008422600888456913,0.002324632772416693,0.0018621659186980081,0.019570517844537658,-0.008237163290564502,-0.000766015224865814,0.1008531604735617,0.05455598412749945,0.00713468534718644,6.659927189549275e-05,-0.010080933712588946,0.013165553074363633,0.016968037088027986,0.08760719348884816,-0.000760260309428426,0.010377392196214072,0.004825135162244961,0.037858226105964246,-0.09744756150057361,0.01174774530811264,-0.00041297906315665,-0.005077915216241385,-0.21084805482838595,-0.0030293039310237955,-0.001083263464205786,0.0005724128614489588,0.0045349264205217996,-0.011265360919938475,-0.23032935000619612,0.017928822246683473,-0.0032620164420334025,0.009965108176620103,0.000529598805258275,0.000548780433837796,-0.00041485448577014496,-0.06560859095386212,0.018797756353680146,0.001093640808151889,0.0012426718993479111,0.01722730861713289,-0.018626965020183732,-4.9282630703367455e-06,0.01009282945591224,0.014621250669753234,0.014954616371526246,0.0024890233747115386,0.027080730575905553,-0.0054519626485699905,-0.00040557225134687375,-0.09982421242009949,-0.0023832386160008434,0.0067865799782032415,0.021836304915077195,0.1954410068381886,0.0012387214552030165,0.07610462259377741,-0.029267051469841585,0.28215579390006296,0.001851104234896584,0.0036215467041912286,0.023247814182012914,0.015776078029746576,1.5078353950197243e-05,0.06536488709853502,0.05823034898898391,0.000476177732510007,0.00042713740449423277,0.023313362472908043,-0.001557129850477507,-0.00018390258032086005,-0.001419948419673335,-0.0017244233534312588,0.7917643273665399,0.09185099109082456
27,0.0005436947514205406,0.04470833122163434,0.0845386735647882,-0.05909056771442391,0.06764842609368306,0.0019276823485804735,-0.05419604204925239,0.0005236678356750346,-0.0034538530604963794,0.0003900581470943597,0.021940974659021704,-0.0007002002001922532,-0.00011031490445774419,0.0011484243749661852,-0.005488758257395301,0.0017746299161289772,-0.0022280422476808545,0.01552715165024749,0.0009426821331502944,-0.07000624405787434,-0.012078266979357166,0.006080142302316542,0.009853140959942925,-0.003780098152748417,0.0026146522853293347,-0.0010454005580419503,-0.003504081407172114,0.0001341095002762519,0.01910775885457581,0.06950096995531145,0.0060039212632065145,0.0013898925932703515,-0.025029640920626327,0.1308981215662451,0.00025094001249597664,0.00022365006168317304,0.005895585773650037,-0.00949163817445551,0.022149541646482234,-0.04869720116138815,-0.0030477958807409097,-0.0022126880771980895,0.01277229175408205,-0.0004088963279934906,0.044463814247660376,0.027955727617222408,0.00016483394507015698,-0.02296450977603657,0.0660040766119827,0.0005078197124942139,0.0015939797801470135,0.0006210763851377487,-0.014763949802645369,0.012204157595074573,0.054880954790581464,0.04107095154419061,-0.009959012974130668,-0.0051780565882795955,0.0017854814322448463,-6.716749431398506e-05,-0.0022136667841056233,-0.0046324107164979695,-0.05824815508383631,0.001381511654652329,0.0004836849130107168,0.011189386574443953,-0.011463771820845802,-0.00018847482016241595,0.025573297630868772,0.01729248386609843,0.001924463182032437,0.08180089482021255,-0.02605923686423653,0.0005451399345946066,0.0003905296678079224,0.0339654357640601,0.000988785023752381,0.013254850358946848,0.003087247809344596,-0.12968223005912108,-0.00039280052376480627,-0.03741191050687599,-0.11309317309677268,0.9041764309997219,0.0007098537968663406,0.009468342436014791,-0.009157666457061725,0.033384027898110485,-0.0001132057670387588,0.13535760371631342,-0.03885492807405856,0.0019363740639604108,0.00143411304175002,-0.00994979341569065,0.000623992844141396,0.000420312396419895,0.0002339487493703274,-0.0006468094193046673,-0.22648665295678083,-0.02109352636447093
28,0.0002470564792913105,-0.006372298138405241,-0.009618173069696225,-0.5818333575031753,-0.006535396971582643,-0.0005050447155937783,0.006249661799264359,-0.00024670814637496206,-0.0008262495703955683,-0.00019086371996168087,-0.0025616359546241953,-2.8519283591125696e-05,-8.650736860918353e-05,0.002735904570546531,0.0008085962712610414,-0.0005368132263901229,5.908096274042339e-05,0.11718976194437736,0.0031408953264652727,0.006046975438418034,0.0010471836338591806,-0.0007075737362468018,-0.0039312932642171245,0.0005036620969423172,0.00017409563632060643,0.0002616450020545033,0.0006252602561708147,-0.00010916859286974959,-0.001271664767217285,-0.005939159784088037,0.0009300797767529158,0.0006707387581609825,0.004540620288986712,-0.013318446800183754,0.011660230244417626,-1.1488875542193036e-05,-0.000878107419985924,-0.0005133461342089474,-0.0027497331108340753,0.004801724651408577,0.0006571751363559364,0.000392679563984563,-0.0018016000689046298,0.00116779743117883,-0.0009666654153266743,-0.002901880768582317,-0.002573181307355449,-0.15143949363718598,-0.005929226202475747,-0.00023628992522533752,-0.00018540709210326106,0.0017498721906097346,0.0016082829070482307,-0.0012705965575880163,-0.004457768221260039,-0.004168102319708213,-0.0022536873408017626,0.0004677652479296221,-0.0001416644500643004,3.526830872656271e-05,0.004396561984617727,-0.0005713488011220014,0.004390788992475983,-9.47084152348684e-05,-0.0002572173050786387,-0.001627198844900073,-0.001707520332260612,-1.6559181025230154e-05,-0.0026343695387864028,0.0005851563730099804,-0.00010990758272551478,0.7828673409115153,0.00647685333124874,7.161291378398119e-05,0.0003188834251813756,-0.0008430085588629621,-6.717421530677559e-05,-0.001542332590525116,-0.0007934718344381475,0.011309855354885753,-0.002310548062103836,0.0032904171790296213,0.013726393318181145,-0.09621359748993437,-0.0002498579288424379,-0.001105432293834127,0.0006915158569480062,-0.004034671853375686,4.065904543414881e-05,-0.01520115638939471,0.003760090962026761,0.026753802486965007,-0.0001512492179673243,0.0005774721829228373,0.0003533830851198145,-0.0001701231222558234,-0.00014562380561551104,-0.0009592391013896794,0.021138961615390285,-0.00122489775303148
29,-0.005470717831396361,-0.00779407766148793,0.06337013298831325,-0.0033480248301944807,-0.2556424449204788,0.0013696780483041099,-0.0011972651390013966,0.0002549813198145512,0.00013055710364529016,-0.0006362595988843728,0.0007218756247573954,0.009642902184015673,0.0001320879496739917,-0.0028533214390230044,-0.01435875036166448,0.00046908519155837,2.4757810257139412e-05,0.012377058569901801,-0.000853749148913196,-0.16956208640770493,-0.0009264001349761596,-0.0018181827973979877,-0.0015152783294444623,0.0014751801152988325,-0.013917946022674203,-0.00042336061602409937,0.016422526665435793,-0.0009755781069240793,-0.018649691036885893,-0.03814190450365357,-0.02425994710749622,-0.003563327361853859,-0.02359856224606852,0.011110316864440148,-0.0027415380045987003,1.4710673276796538e-05,-0.02969090366972706,0.055991945121354914,-0.0009605337020575501,0.2151199498196094,-0.0010209892367952084,-0.00030019852455307177,0.00020525694165264606,-0.00431182369567604,-0.18726007662984778,0.0011508442926794872,-0.000952066556265291,-0.0032581869357680925,0.03139618918088581,0.0013479671324384017,-0.0061791803074256885,-0.001444473237129101,-0.0026983908247793613,0.021824880007580233,0.030133464552460857,0.0029907927947116155,-0.001042153884018411,0.021633795404105403,0.0002638843343889909,0.0004376678598483337,-0.0015030403019817879,0.023308783458243314,-0.007131003635928848,0.000264995788659861,-5.6384000071178775e-05,-0.006725302637480185,-0.0023374607087814983,-0.0003227280469686412,0.0024895850971364316,0.023914940276346348,-0.010582916230156754,-0.0012924656784835953,-0.0014178331435758876,-0.00018192721365465746,-0.0007975714555789395,-0.2821306929056717,0.0010288898883802772,-0.0004737992802808658,0.01968457959151319,0.7380033008073461,-0.0006734967753272095,0.21966496884516168,-0.009617909839258126,0.06716811985285755,0.0004197801293353829,0.0007075376271084954,0.02487515901100423,-0.00300489789305835,0.000603673663887562,0.006461612107754651,0.1497183279960071,-0.00028053603767231195,5.069073257942848e-05,0.03608139142124373,-0.008332725843770847,-0.00011249603760451338,-0.0012155887232022308,0.006324754822103436,-0.3249070503040515,0.023632318158339084
30,0.001528536796622656,0.010842957109025272,0.0011340684924129128,0.0008288385304436258,0.007449595190586444,0.002472611282651884,-0.004709980015680865,0.006100713638324016,-0.056382342056326466,0.0005728408204895598,0.00875316091937755,0.0015481722206727722,0.002301953598673732,0.0011590819596807335,-0.0008672235562544178,0.0012199382340757781,0.010420809819082605,-0.004701464423082709,-0.009525173502694127,-0.009217331231885083,-0.0034947738032934704,0.002400851664723735,0.007749602568231074,-0.0021011049288515897,-0.00024193788205503428,7.718141588699146e-05,0.001076271944145885,0.001085791996750297,0.005214221378143709,0.02143444706089883,0.0017265095278426248,0.0039043271998136855,0.001867775423552302,0.0627689592347482,0.002470403583716994,-0.00011259164981598704,-0.0002747011045518121,-0.00260505595183351,0.011156419628006488,-0.003399682601033449,-0.004454403550237564,0.0028831947572114823,0.00449228250186841,0.9746356803075094,-0.0013964437907692875,0.013661726659193947,0.000169206084186079,0.0014498762517038966,0.007510554681531808,0.010850046674619892,-0.000317506221274768,0.0008620727435703671,-0.027927023770095538,-0.0031687035153836005,0.01563206160919276,0.02194957619996441,0.0027137008355353305,0.0008312025631783183,0.0006127665555338512,0.0008564639810946059,0.0011898671372612805,-0.008570330510509391,0.008822026026642775,0.0011620921815500855,0.0008567374853447394,0.005905627993957312,-0.06554792776574793,-1.5967080634216296e-05,0.005265156226424498,0.09085003022063275,0.002979847334658661,-3.2655748222820295e-05,-0.09147136121499087,-0.06808778189675477,3.468298435852467e-05,-0.004814569404763033,-0.005149885395473827,0.003882820280406339,0.0020712772661466046,-0.00867745699122447,0.0013063842631383924,0.006529920155090049,0.005161867441191505,-0.04502125847439492,0.0016855773979653809,0.0021279273042783694,-0.0006844568768916923,0.01403407484996701,0.00033111252489821164,0.08447586449366029,-0.024776548658067273,0.0009079070630489097,0.0007802137249398604,0.0021900615349745517,0.0006533192098439976,0.00211656169490672,0.0026419494463204365,0.04759416396000404,-0.03658810306863759,0.0069770383173692625
31,0.006835374723291889,-0.013079602138211424,-0.5862000502310383,0.0030003102855720686,0.03189665937411973,0.0025989752651536108,-0.006350931975449961,0.004321128217269807,0.0018615528046934636,0.001311326926614259,0.0041693450209997485,-0.0024666418180071537,0.016125669552293935,0.0025829490762681317,0.020543939026429953,0.0007881864564938182,-0.00038878193546856843,-0.014538904164696987,0.001922820663404736,0.05660887996047241,0.0024796305776661615,0.011743411342021002,-0.001925580800343052,-0.001673762382828542,0.02642538617626857,-0.0019026899093548093,0.0011192938874018503,0.007408033025706945,-0.010464813976221066,-0.044397434875047756,0.005815313136426524,-0.0013187224549850406,-0.021906184277193107,0.028880711306224667,-0.005218597811870217,0.0007654363310082429,0.004500383445467736,0.014330930450479284,0.005433415376179146,-0.014357518169028277,0.0005042264260372853,0.004509209783681372,0.0015459358475782554,-0.018058498301092005,0.07152415509256932,0.0029084551237851947,0.0008098608825175572,0.0011855198871122546,0.5166036048703231,0.015688132385219364,0.004788684434482944,-0.0015489470461524275,-0.015262781283213761,0.004010461006415583,0.054444194681431676,0.007946221564788705,0.004282298404521406,-0.0010734886990403294,-0.0003641809507555374,-0.0002524292031689394,0.0005707170193965023,-0.04590695515751055,-0.01968521633514042,0.004804169422640697,0.0032160576134289643,4.592236261531364e-05,-0.0009980573236470919,0.0002209861682462115,0.002250011590730336,-0.053110248183704724,0.015272180476710487,0.005931755302293094,-0.014119520786625537,0.002330191315863969,0.0006822575462099786,-0.0869957096527376,-0.0011168771846458703,0.0009974885006850877,0.03744038221088835,-0.0076291483097316315,-0.0018827337198481934,0.01680621699615003,0.006775447139139898,-0.006596575306627946,0.008010434391841119,0.0009178198264876415,0.0019900441034365066,0.011304243152720994,0.0007309601259866197,0.022777007958879,-0.09893028136536937,7.298304215909001e-05,0.0019260605491727405,-0.004944564705919591,0.009604844087324167,0.0029085008945870013,0.0047514674986121955,0.05332138710150319,-0.09644861767774734,0.5763127574051871
32,0.0020396316238524685,0.003255548388480481,-0.06934375965166698,0.0059273602503615444,-0.2844914262239605,-0.0015017495075213202,-0.0012208819903885837,0.0035647796990000147,0.0006845879215734681,0.0003213875269774333,0.0006800687908299907,-0.00510660500023339,-0.0004835987212837324,0.002275019313269372,-0.18495359721469468,-0.00010262187564516467,0.0006349684449194655,-0.03379786277036008,0.00039178013789301514,0.06483504580106435,0.000355734631589482,-0.0014209854897607233,0.0024503760884999324,9.825853603936952e-05,0.009553619302609267,0.0003369039145371484,0.00029844758815091303,0.0022313009377448647,0.004632850472003971,0.0067360408329156865,0.008843414451255508,-0.0007440800468937149,-0.021515850591918073,0.0006538649772199019,-0.0009590132887207156,5.0209933178085864e-05,0.007794976522707402,-0.0415806279138859,0.001941204394878453,0.13771726554828287,-0.000551441108664924,0.0004317252746523269,0.00048043709107667757,0.02190519230160632,0.07431059406020654,-0.0009527721919678478,0.0017402384396518107,0.00802983770664295,0.13346649421325169,0.0038267826949467355,0.0031490431040644556,-0.0007477078378411934,-0.0021579920164023075,-0.003549796270727615,-0.07258537129967271,0.0024354115698516227,0.000538944269824794,0.014931982519392532,0.0007132377388865678,0.00043738309823637645,-0.00045363989937171863,-7.373247598204541e-05,-0.00048781908826372317,0.00010311074097333651,0.0008885571712352752,-0.0028336442420651576,-0.0012474719739314294,0.00025690466237038474,0.00040226247667895994,-0.013065385256148159,-0.0013293987155536123,0.010195402269955987,-0.004640994535802013,-0.003055259581785791,0.00036523177016063724,0.06642155300544957,8.119385190996642e-05,0.0016212444830345455,0.004770742737189956,-0.25702235932081324,-0.00016128382084250065,-0.038039872093725835,-0.0011143114254181553,0.014428578603332224,0.0003226849575649164,0.0010297834328034453,0.010137068591489672,0.0010706531788685421,0.0006246160840890844,0.004357996731712313,0.8652693540629393,-0.0007672533321007643,-0.00023471784112462715,0.016642608023716643,0.0018907756108684877,0.0004019415360122262,0.0010153339260600032,0.014038165529278553,-0.03549162475278328,-0.02600699983886558
33,0.00103005083639459,0.004517582208459343,-0.015377146379274195,-0.16541684328100648,-0.007375929708272529,-0.0002752099098298731,0.0005062970491581283,0.00021121946451028994,0.000697360793733659,0.00013824661907286227,-0.0007198454946140062,0.0004912735475218095,-0.0004027768886158247,-0.0006944192002421128,-0.005273324421100744,0.0003593236255045665,0.0006927383762204828,0.9164955830671861,0.0010942118998617054,0.004099925307053935,-0.0002454567604784283,-0.0007665002654073995,0.0026935201109783598,-0.0005357339330515562,0.001770331103709815,-4.8986755476665596e-05,-0.00016865106130622563,-3.42016499811984e-06,0.003182800822603029,0.020390300362363938,0.0015027862330632752,0.000229332539569479,0.00018195379617994,-0.0029598079123311794,0.015844851354064576,0.00033642521390635054,-7.945457471834547e-05,0.0009363522080555464,-0.0009962493069948538,-0.00013285086015037313,-0.0001378661243398166,-0.0003910794740861328,-0.00016208881615054988,0.0032652252610253906,0.011714064923612297,-0.0011035680021094906,-0.04296952346557291,-0.19398521836592825,0.020883244522423065,0.002806542915208297,0.0004587795709723487,0.01776701392702997,-0.00030060920398252214,-0.0009998426110308031,-0.0003545768120212008,-0.0007357013838450598,0.0010720845123578376,1.3212662761194472e-05,0.001443130951171048,-0.00011430863869233787,0.003961494108984663,-0.0011847939594607365,0.0011266090137253548,0.0001470075330960506,0.0003688553150418246,0.0003044991754970679,-0.0002629853558500147,0.00019660007478716377,-0.0002710539218746228,0.006232435111262397,-0.0002661521684402127,-0.29904695585019436,-0.0031816595363832606,2.0682308292900922e-05,-0.00011401855540699342,-0.004121899838861708,-9.039127373797196e-05,0.00020765736030287877,0.0004615799387049854,-0.018639390856691557,0.006524844180258632,-0.006683392070895976,-0.0006700173273720706,-0.00651366022219047,0.0003293004037199102,-0.0001442246534371735,-0.00032827322079782666,-0.0015196628132648855,0.00014771368597781952,-0.0043012411208398806,0.02708650192736091,0.008446640689342642,-9.415680176483028e-05,0.00032540670493953327,0.0021303074386979934,-0.00010727410960726454,0.00019524079571557433,0.019650862894071218,0.0010189639953975902,-0.003182149295211609
34,0.0017754033032033895,0.004875171533201647,0.011826692024482485,0.002637296942910449,0.0034702219450962867,-0.0012322060346537725,0.0021890876324300555,0.010945361667723707,0.0010787512573714178,0.00015077743099495625,-0.001328721075030452,0.009685001590399714,-0.002773029090982108,-0.00015553469275730349,0.0046448013297099786,0.00048697352163794283,0.000548113529169534,-0.018753703129163617,-0.000924652797590274,-0.0026046049120861843,-0.00012855249627527834,-0.002499888942991197,0.00025380219980562866,-0.00027555543684720015,0.0007481923092364944,0.0003931459466622809,-1.9963777170862602e-05,-0.00020111094939128738,0.00499835939421993,0.01848456700325902,0.0014774935544279236,-0.0006287548874877269,0.008142776031058944,-0.015181341751036092,0.0014878395417705936,0.00017070143690080773,0.0012225373414760463,0.002942212597143258,-0.0029464253094044356,0.002161282406301897,0.00040984353811210697,-4.405308500014262e-05,-0.0005299665693053385,-0.04808714681408584,0.0007292252822328413,-0.003120856309569787,0.0008503434870699962,0.004300733543191891,0.028070378870887557,0.15106846893254236,0.0006867240661607379,-4.248967923422501e-06,0.0018875150470715508,-0.0003046936687374352,-0.002348268207004185,-0.005916871575913938,-0.001014023099438613,-0.0004567291087458601,5.853452251195672e-05,0.0007736253778374137,0.0006749252516386559,0.000666687469392354,0.0005992387586643468,-0.0011596453598592626,-0.0004074271534771068,0.00042120070511881554,-0.0010884018019591312,0.0004370561827463865,-0.00044957717743329407,0.02246501751707183,-0.0023150013051323444,0.0065494964127363635,-0.0039313982475313244,0.0030303227692109703,9.052399635053974e-05,-0.010368684242204721,-0.0008455894895535408,0.00011927172842172301,-0.0024007301963262003,0.0038160039501397014,0.0009020966019358759,0.0022152759268917526,-0.002657279944533784,0.005450841158402423,-0.00042043922162678885,-0.0005439508133784109,-0.0005569104386020234,-0.001635864419783979,-2.4382044892658477e-05,-0.021245946465264173,-0.01746467529643891,-0.001035345229447908,0.00019585787874262426,0.0029962789923928083,0.007828900383692272,-0.00016104378521485037,0.027656280993180248,0.9790811865787264,0.026384927124871206,-0.10420837907700614
35,0.0014511454852622297,0.02632066633422057,-0.07208620038085199,0.005352941671095355,0.00711469205948952,0.007808836262247317,-0.027361171261752557,0.0003178748642355782,0.0034918180079055745,0.00013767007737366943,0.019286008414310184,0.001000799985413331,-0.0004332897297061166,0.0018694877237766094,-0.005845385882702198,0.000985339185601855,0.0006622087411729807,-0.008621394560595762,-0.030127975171025122,-0.001363193283759995,-0.008098071779882348,0.001451240537637669,0.028241895844034772,-0.0021824933802971746,-0.0009519752022727028,-0.0017273169446338488,-0.0003237144888260686,0.0026574581830456053,0.005769024985306662,0.02778151151734596,0.005772689769510443,-0.001654092618100668,0.027209451980100618,0.3518875095544808,0.00783722435301657,0.00015032346002214533,0.0009328858188499597,-0.006308476918519906,0.04197247543907049,0.0022860593816799034,0.0019154606017108416,0.0011435735569822669,0.003367782625529216,-0.13961616912311473,0.022213379810498222,0.06324555618490367,0.0001752728202917348,-0.006305645541783082,0.23839719349252395,-0.00443710783677019,0.0020713390147121466,0.0032737774692949313,-0.007696511865612241,-0.010998182713426348,0.01279553762376472,0.11680070532276789,-0.042159513968632205,0.0017378373551223377,0.002803010330293953,6.737910461605454e-05,0.00836497024729851,-0.011254636724949703,0.001973377041431622,0.000871540132253901,0.0014183509553456553,0.0031983452661346235,-0.009071054329258314,0.0002792165878643506,0.0246497216048712,0.6466344644659947,-0.0021569846831049856,0.0010314392056773726,-0.04087775209116309,0.011215078589465173,0.000291641125954205,-0.03473169442097118,0.00165937887179703,0.003838579460676857,0.004059633396506028,0.007141366296847845,0.005420001574461367,0.017079631030983092,-0.024135800100294008,-0.1612721737315937,0.0014536036616260599,0.00826227902640788,0.00046268387987734045,0.005862248692338104,0.00020941211386561992,0.48750365092866166,-0.030514688702312165,0.0007125793395140975,0.0009913243202175751,0.001853967623590713,0.003354946791617501,0.00014096714074458882,-0.0018081490947828953,-0.04174448523828075,0.04845746769139261,-0.2740770075772273
36,-0.0014030647950688865,-0.04859287965339481,0.1345576299924305,-0.0061647418816826735,-0.021020126171082135,0.014381511573395398,-0.029362322868973997,0.0005455005573698872,0.0006721527463583153,0.0004272182299786126,0.02150694781887396,-0.007086150246466395,0.014990064306909962,-0.002862136417435773,-0.025227185020816254,-0.0008943888687790065,-0.002293727016496179,0.015999389277204186,0.009510767260086688,0.011927931508467212,0.004797344600721445,0.014328664175365446,-0.007768750472812273,-0.0017079309534318507,-0.00459982446830318,0.0003824747792172136,0.001492379585606692,0.0025984924731261693,-0.019986606849909654,-0.1124920435581792,-0.006783293167480418,0.0015192294448361093,-0.012317512428943612,0.38974176302913316,-0.0050544360444218835,-0.0004011361899518215,0.002780623402107406,0.002024783794376789,0.05206564985584449,-0.004516617526697853,0.0003122220433122631,0.008851395304248014,0.003942300316825386,-0.054234985705421276,-0.03989420666731355,0.06999928928371747,-0.0005556440250090674,0.0009089205645729883,-0.4133816513025645,0.007734414570087724,-0.0024986663046958103,-0.00197083794529876,0.01174085326833832,0.003962694767474598,-0.010136061087671795,0.12763270165859997,0.02149583470575131,0.0015429694251035296,-0.0017983772903694575,0.00011090488798978483,-0.0062576044045761555,0.019170291829062318,0.01572955413384388,0.00782628625440088,0.003233336295557363,0.005804891920801504,0.004089281014639627,-0.00018915054522848467,0.029533710103866843,-0.3106277929181619,0.02264605753314184,-0.0031986318287789903,0.024863543347237428,0.0037364736289419807,0.0003567987782612074,0.08198275683916623,-0.0010977228890533125,0.0027176503367420226,-0.0024568151329187335,-0.04172745305235073,-0.0051941727778436544,-0.028467883375435633,0.0043889342784272905,-0.13559121821043907,0.004415134273181123,0.009573370065962244,0.004786512246768764,0.02289037749800163,-0.00014594650489669486,0.5294552159651233,0.04840559417512279,-0.0008711881107983607,-7.200475105157691e-05,0.0025601037273698746,-0.0033875247739596666,7.358063470252877e-05,0.0009952517585602068,0.08668361540514496,-0.1199858281689988,0.42201685490796276
37,-0.0003053344084082444,0.02319285328089873,0.07022927114635824,0.001052892227993258,-0.004834099254016813,0.0005332379627415577,0.005006406420434047,0.001078695450659587,0.0022421527446659295,7.918440632503042e-05,-0.0036528934493948364,0.0015569688047077151,0.01031953271534586,-0.0002600397646853243,-0.010321750881994059,-0.00032014722273847286,-0.0004776737239165203,-0.000392349444492258,-0.023903827963315336,-0.009521263007931113,-0.005098492248870053,0.00585243022352644,0.019881018488404754,-0.00820232570461455,0.004369841087819266,0.0014056323440271375,-0.00017681563271278162,0.0009970008148549084,0.022830953473639226,0.08612200171540454,0.002689552547261541,0.0025967875449576525,-0.009688649761917289,-0.16115381414498622,0.004210113563774334,-8.402762715758495e-05,0.004718705557264195,0.0091057684160619,-0.013914022815657614,-0.01098720586731137,0.002207539427001439,0.0038254373500916225,0.0020587463362311776,-0.037932584486870195,-0.04400674583313732,-0.029184267694464337,-0.00012559630169147102,-0.00397386314735182,-0.397776420269002,0.0018001320067440921,-0.001206120194921289,0.0035955496244659845,-0.005449415496568125,-0.00924053261689384,-0.006776096029471039,-0.05507551615610206,-0.051996987457809826,-0.0014746241268510886,0.002997042500484781,0.000693122570117983,0.00394275094118835,-0.016067216164972725,-0.021200544943768333,0.004117595635113267,0.0014436873558881227,-0.002182274656679508,-0.003900213471834788,8.367734245542588e-05,-0.012641864908632696,0.6625566784889099,0.004390773470082541,6.904836401549005e-05,-0.021394258939053456,0.0017155922362085355,0.0007221202676629401,0.05279317297817551,-5.933746561213177e-05,0.0003707785319839842,0.004062546439958753,-0.07038982757461902,0.004353161897859142,-0.02464498092845081,-0.009004244750833548,0.0337134147732412,0.002110191504618105,-0.0034553992302813895,0.0029199794874535377,0.007768989857205032,0.0001772729225458904,-0.23880812727851639,0.06362700855258956,5.5157204426995874e-05,-0.00010945779826665604,-0.004875813623884724,-0.002068290742240787,-7.266868237921581e-05,0.00035528875104700133,0.04283165346544699,-0.1193356073189336,0.5127480044555756
38,0.007280831685217572,0.24997314065656426,-0.005793648629046895,0.00256461954461119,0.00587072477284558,0.002383653722562065,0.0038256905171522443,0.0011448694077102473,0.0022080968430688627,0.0007621383213030353,0.01090035781614443,0.04031353191275455,0.0032359216454321896,0.009916648570120675,-0.005007099219094327,0.009022950904096202,0.002099669721501801,-0.020609205571641892,-0.007248098219234231,-0.08465643049201381,-0.00876606983317569,0.008314410860774366,0.03989255611554934,0.0007205637348703456,0.03464750865513826,-0.0007991165549548068,5.606789582263388e-05,0.004784424819700095,0.17073279492944327,0.8995031560380696,0.0314774519377365,0.00869721846052373,0.040742427478265404,0.037507622792633095,0.030400269325124903,0.0006411930409771158,0.011781811388521135,0.04522661641339093,0.011311460211895712,-0.010043690122870439,-0.0015439211272086119,0.003421445809453625,0.014708917446618336,-0.027581420587895686,0.005512033972483316,0.005228579723435695,0.002521289481665658,0.0014994494550638355,-0.01977548763542391,-0.001630141742762034,0.004611000785066932,0.010272794037726749,0.003323533191381213,0.0015011539295067301,0.002323675938133131,0.011711288352433633,0.007319256456521796,-0.001726103816387801,0.0011515399962121766,-9.738879193791575e-06,0.010084872731806815,-0.020238705015531704,-0.036101135826507015,0.0027594352575791743,0.001838972728587674,0.015030334600013226,-0.005093614961165912,0.0005108245862117649,0.00480612319752233,-0.13974832758042666,-0.000961165099379397,0.004443715800563433,-0.004361163165543917,0.0020392408027943773,0.002409121537773999,-0.18405783572866596,0.0018122624815537502,0.015697778969484683,-0.0018810768491756523,-0.03152374969960341,0.01739800774688692,0.005966330183654823,-0.018014398053178407,-0.11202161911270106,0.004551951069996785,0.0009654496726007663,0.0005698458205220993,0.03789560482485036,0.0005470592693327912,0.054203054866347494,0.009222288531268358,0.002068431510015945,0.002469157646009127,0.00010788698066684522,0.010968651760981787,0.0015831892435519829,0.003350922044581109,-0.012197024676048454,-0.02735454581696751,0.04161771973902057
39,0.02051063896840906,0.03297583511830848,0.021198226783842145,0.002057470842716777,-0.0028395353916675636,0.0028941308956320078,0.00037217270765527166,0.001974342858718725,-0.0014744592296878842,0.0007857411389160518,0.0032133002608182304,0.05434410918194221,0.0033566270167967316,0.01182882771086724,-0.005557717156843042,0.015508476573218521,0.000492000291792194,-0.00494375882387033,-0.0002773383816606356,0.019598698251784244,0.000724097831738154,0.0048701072082135664,-0.0020040774668915705,-0.0004650385266694243,0.059709432406470794,-0.00128861502584038,0.006870296878922278,0.010465733734817531,0.01780979175866053,-0.14606966932447724,0.023423428838279078,0.006719581237706484,0.018209558548408472,-0.006354659535121402,-0.0015266573167158903,0.0006428923544367846,0.04304364855290578,0.24951157923162492,-0.0005956481553893462,0.09729842080584439,0.00012857406148665974,0.006189029878727718,0.005289237485008919,0.00018137522517705507,0.7584739156250908,0.0012477533361230013,0.0015523774077957951,-0.0006929015090110305,-0.17407691344065668,-0.002121031018913468,0.01826840195673546,-0.0003812578110811461,0.003106542557061137,0.0013378258706932475,0.006101456932146171,-7.05972024303567e-05,-0.0007889145229350084,0.013762589946582974,6.21172377375601e-05,-0.00021709876892896237,0.0013045986141786425,-0.003906508670071331,0.010229336611161198,0.0037480081531091544,0.002043199439822759,0.0010876030877540604,-0.0015333388406219665,-0.00026309612194516316,-0.00015006247725007178,0.011440461821786034,0.006402227761211698,0.0009932619118284344,-0.001085668931782073,-0.0011326451839012708,0.0022306339029830556,-0.5215684097904575,-3.868284008684553e-05,-0.0009254478782375905,-0.00013322470328065023,-0.07324737991962399,-0.0017484166437219395,0.08275298052462482,0.004777672065475335,0.0016717040127783162,0.008240804216101322,0.0010905628343726545,0.010253518487784895,0.03005216435784179,0.0001506158781805246,-0.0026794035231972636,-0.02288726271560853,0.0009117112950404738,0.0027261333319197143,0.01820404907519417,0.028129006293455508,0.0030711591967310693,0.006106747304404692,-0.0036414366488980374,-0.00995886844825214,-0.02318958948641814
40,-0.0027720906668830363,0.04601504660790266,-0.007147497248542916,-0.00012818590719428037,-0.033457004360163495,0.006398230048815765,0.0005523986618914643,0.0032412631440462795,-0.0012956636491623947,-6.856627800713375e-05,0.007466381366790533,-0.016331260932269435,0.00646003334159612,-9.165945307305565e-05,-0.02330660518394931,-0.0027929459608184784,-0.0002404387580601762,0.003284493614842411,-0.0002307052741560827,-0.014425663964694132,-0.0012665290489709945,0.010522921109100669,0.0007904788989153578,-0.00011427357595247996,-0.009608116891164663,0.003932049717368841,0.014200859288069472,-0.00025949783750463425,0.003710156574395532,0.02179293257647271,0.006002950251401017,-0.004750816266185491,-0.02009941975206752,0.003869335928478378,-0.0015366646193989324,-0.0002654050208659581,-0.0038748357437009655,-0.1844077662439169,0.004110736202598365,0.8753338657615495,-0.00021396133468881695,0.0024509506648140843,0.012707571180315133,-0.0083948580105953,-0.014169285358760705,-0.0018796593813410615,-0.00033764815273550595,-0.0005714425800993207,-0.007309069028112021,0.0007207010016447603,0.00032411403524574764,-0.001252668388916912,-0.002371692900187897,0.009859304906432272,0.027150846011774737,-0.002225320707602861,-0.00017207436973452135,0.12155211248773404,0.00017163335670123482,0.0011471241256976437,-0.00042732082072939885,0.0038698085878333256,-0.0017017132740811056,0.0027812711274778287,0.001220573779677905,0.0030809385884935916,-0.0003554759535617121,0.00021326553873460318,-0.0009291153816580696,-0.0059461464828648855,0.017531783141256016,-0.0015790536164010582,-0.002293319552988925,0.0003289986119543054,-0.0006613959531530031,0.13379952982984736,0.000536237228959552,0.0050489844711106265,-0.00048372540782975126,-0.23357628043288897,-0.0008414258829536258,0.17919775976407998,0.0011125908446941945,-0.004455666869462518,0.0001594198210820815,0.00034381780243643935,0.07939351904607983,0.06579767753166092,0.0004913483575286516,-0.014588728935184607,-0.23677902051233454,-0.00046986526875302057,0.0002562751187858239,0.07204680415127805,-0.0021010449911899117,-0.0004895568442322082,0.00029373452648466525,-0.0035979482693745297,-0.024899634831710937,-0.0033124994772333032
41,-0.0004634571850181535,0.07311596729334004,-0.0022622966409544037,-0.0010082855962232047,-0.0010825109303924457,0.010994421433321409,0.002759852295387108,0.00968362199319038,-0.0007832299107658036,0.00246091380085256,0.11477545952017502,0.001895660696956022,0.031259504333937656,-0.0006372481355861096,0.000789002373579726,0.008776707036228293,0.00040681369847398764,0.002455127669607847,-0.0010723946585580874,-0.008769318586744275,0.0008079891477039691,0.09874303325071954,-0.003400154184278747,0.0006628169500318532,-0.004310024589350491,0.006240974589055464,0.0005705504023663919,0.02228502022806839,0.005809768829312891,-0.06851197314560055,0.0010162516243724172,0.0007477353188882756,0.00015736419735818113,-0.02143763583391322,-0.003030646077165763,0.0005511551753438967,-0.0017851488616419681,0.002798833844713064,0.04427234305195148,-0.0729380334123442,1.855795826072315e-05,0.014015176593324522,0.16384560535343026,-0.014557059583387629,-0.036482594529251115,0.004728331211880618,4.412382580985439e-05,-0.00021002291722539744,0.007475974015098688,-0.0006342560782213202,-0.0013921885009959487,-0.0005620103416346051,-0.02568272402720144,-0.0005288575662591739,0.0003613129407263147,0.004226679738578558,0.002159306674830743,-0.008114578546573877,0.00029314000849663005,0.0017292053276684,-0.0002498623713756847,0.0009551403704989208,-0.005934334092974658,0.021149002371552227,0.0104100615832462,0.04941350796616432,-9.032273317875647e-06,0.00032749247047672266,0.008715322172012204,-0.0019079274985826782,0.018223989879666103,-4.1236490994999916e-05,-0.010130192760644512,0.0028484488983172504,0.0017155697784265178,0.01393655689776176,0.001003638227154477,0.06556867017292417,0.0022730164194082504,0.016665694520011175,-0.0025499074613680203,0.0022308968338408844,0.0064539016281725675,-0.035813841684678785,0.01212218046254766,0.0026336061164542635,-0.0029771909762631057,0.9565907029312947,0.001917306496565273,-0.039222525819086335,0.017500855235598106,-0.0002296396517998383,0.014853185776583564,-0.007316221632082134,0.004475656362194102,0.002632752487684906,0.0003708467857532205,-0.0009361719330336971,-0.0023054785193810452,-0.028649845872611344
42,0.013182144497549413,-0.06151040617909697,0.018565992009476305,-0.0023214466041587153,0.00880100938966525,0.001821730288088616,-0.0001577415290417855,0.0010445189049944348,-0.001079476158402981,0.001063188418827684,-0.0019015439306321463,0.06355901735168609,0.003318957982751128,-0.0047091334751792335,-0.011129272022562964,0.008967275627012342,-0.00048015172852022836,-0.000696923650736436,-8.726481548469202e-07,0.032559568757918086,0.000302202841209475,-0.0007622524653442542,0.0011661077587501135,0.0005605342749882471,0.024643683483868133,0.00453588720036523,0.008046223425212808,0.008652240225005405,0.03462598069733097,-0.06140178830767576,-0.01350162549145394,0.031070639389391277,0.0561887139836661,0.005278630932249312,0.004224826470042846,0.0006893437391699345,0.02234711492803168,0.8401896993496606,0.0015152041095922947,0.15672999433067455,-2.126272867291907e-05,0.005819922344284765,-0.0006246259721950303,0.0013911365184683978,-0.40203056456980935,-0.0025547602151350943,0.00022410696459961021,0.0001888156850620576,0.04768110610121492,0.0007142160699692727,-0.004525939436681059,0.003324754598967033,-0.000994794397625405,-0.00465873770912683,0.010816747992404965,-0.0017383128612934828,0.0015001770761887048,0.027092625976157747,-2.0865105874842e-05,0.0006449899589815081,0.001003204523530997,-0.005969541648947813,0.0013648328987748404,0.005249388560284944,0.0017246153279328307,-0.0007205651835673517,-0.000706536000835388,0.00013953189681846457,-0.0003035774236623669,-0.00047763108538719483,-0.002988396386028467,0.0012205707379576974,-0.0003582651884085743,-0.0005332249457983551,0.0023627424594372124,-0.12593038060615966,-1.3273459124940601e-05,-0.002086140755861202,0.006371082278645617,-0.2158967858772792,0.003809659431947122,-0.13982370894842688,-0.00023406016339794656,0.005924242004328862,0.006092910071264999,-1.658035904266033e-05,0.013347249255030856,0.00021562996315324537,-0.00015190864953719277,-0.004397974646601241,-0.017993249816231224,0.0015346977506532078,0.0003775517840328077,0.027686637036073804,0.011270153108856963,0.0019647856749129278,0.000775023637331361,-0.00676581120355188,-0.010687093420934483,-0.022689053239997356
43,0.001669834710261765,0.2927626942324487,-0.03148895178746135,-0.0006618709582841676,0.0021792966281158656,0.008925558444710109,-0.0002673168776775141,0.001865138036618726,-0.001149484443708419,7.46205579547402e-05,-0.0013280296416425356,0.02045994017368828,0.0017643239654049347,0.00026591912988363844,0.015509133269940679,0.004878165398909631,0.0002768948112313076,0.0034607682943420554,-0.0015698392033038806,-0.05988482836338937,-0.002508506423229312,0.0018911904491196166,-0.0006351276355466722,-0.0002948624815587893,0.0001945614099010673,0.0005006419539638606,-0.00240824135743264,0.003310556656166218,0.07248891113708607,-0.12217687932043014,0.011377003449890875,0.002067532481704295,-0.0032474455478699177,0.0197445985609565,-0.004593370021389062,-0.00025265726809269723,0.004555716278516392,0.06944076026890181,-0.001873370026896551,-0.2293214888491154,-0.00021736394951414953,0.006253811481295975,-0.005826746097697061,-0.008726935127405553,-0.1440258254492579,0.002046940269369697,0.00010050785993688614,-0.0012413558394421863,-0.030558721307429867,-8.376756447277256e-06,-0.0004535082175672889,-0.0017632873554849146,0.002584981008129879,0.002516269347177604,-0.015686972847488503,-0.005232652829367756,-0.0009447376251020614,-0.037406879328960335,0.0004322590049607479,5.693336314575772e-05,-0.0021209345298183703,0.006876995405106938,-0.004576944034715896,0.00230463662294308,0.001669021402116192,0.00721943757825558,-0.0025588230657052043,-0.00012446120147036532,-0.0008354427045007952,-0.01761295047409656,0.03175755329625971,-7.311051511988548e-05,-0.007298384156744901,0.00011867501155151533,0.00027252866116177915,0.012346539526867366,0.0004122129386013489,5.426894037718509e-05,0.00972561264842273,-0.2484986829239057,-0.0046050808385210895,0.8587230580369517,0.0012942114668938773,-0.015681572433928204,0.005928545594662847,-0.00035544382494092925,0.0023519710561074655,-0.056330868401909755,-0.0005586526793024023,-0.0194717789583184,0.02374940788949982,0.0004664198296490292,0.0015382577926011767,-0.02430163150946705,0.003084272237577363,-6.44209603448704e-05,0.0028436122586710105,-0.00011233494838073024,-0.02940241701725608,-0.019437470131585064
44,-0.0003856504405502978,0.08398369648007742,0.003460456635542839,0.0005679751875819853,-0.000677016360298667,-0.007987403573385852,-0.007777258380207566,0.00021234633533430587,0.0006169942401536607,-0.0015210483071808332,-0.0006187747596603488,0.001237835563216761,-0.008588517327483839,0.0010881875714742095,0.0029289334183780266,0.0005649974721160115,-0.0015467249873546934,-0.0005300686712661006,-0.004720746021198482,0.0010568228401318007,-0.00038046938435172886,-0.006845858945417196,-0.00028326542406675414,0.0007510363326783818,-0.0002330373621993384,0.009766705482235231,0.0012846762623819304,-0.006253470085427884,0.01367266691028486,-0.02482196781589129,0.003886655918263887,0.0016034852198360513,-0.03668829448499217,0.800173256679343,0.0012326830274423627,0.00010569307692326682,0.001409628953233634,-0.004586865390709278,-0.019380917922074352,0.0025724948243717374,-0.00047377338980678237,-0.008052747733285561,-0.000459063437626428,-8.34473700589704e-05,0.0056057303087681115,0.019108258764922822,8.274940167372034e-05,-8.329731063846241e-05,0.00010536369000847638,-0.0014152089832760338,0.00010273606578362765,-0.0005706853196203775,0.0019004106298909844,0.0018481538557488337,0.004817275331423707,-0.018181512903640295,-0.0017410852165832009,-0.0010972243162592691,0.0017107859913583546,0.0013105082140775278,-0.0028548035755078735,0.005990785001042533,-0.004104024723301694,-0.004420478960298999,-0.0032095254992487005,0.00017912144641093537,0.0010316356808527645,-0.0007181982623984802,0.02733692218587976,-0.005815366458198686,-0.004324758517361136,-0.0004194234634166677,-0.0006068899531683678,-0.00024170337781090692,-0.00016941988307317413,-0.002643507980022025,-0.000699976778667016,0.0035217026194708707,-0.00023446237858007132,0.01785839028115897,-0.003622121132320175,-0.059281630718821546,-0.012688709423674092,-0.030453159666493985,-0.005736325675771672,0.003995769955944145,-0.005365753535990241,-0.013389565028280885,-0.0003100319654979794,-0.5850547669012638,0.005025271171523462,-0.00030992488399134675,-0.0009316435998595652,-0.008016857189135227,-0.005168310297385143,0.000398382190204219,-0.00016067241231594934,-0.0010310378260473233,0.014693924503572906,-0.009922742596577017
45,0.0032277724401882572,0.8405434375756716,-0.011016114029964542,-0.0014264814557718784,-0.0019097550763672198,-0.0007527506517778365,0.00035325058810306564,0.004012065769000324,-0.002862194325418052,-6.899957604851892e-05,-0.006021108669076784,0.08588092417372764,0.0015535310985785346,-0.0007574437818731808,-0.00601202980035539,0.008965990949997022,0.0007402264589907517,0.000443319161764248,-0.003947175143559294,0.0017647520256694194,-0.0017688715205757752,-0.005126249456064819,0.0019021825217898644,-0.0009494822868132274,-0.006225841263094778,-0.003957502102326026,0.000753973764225673,-0.0009684589803071741,0.18295685475871581,-0.2773889200990103,0.030338382924602905,0.009118682266739231,0.20288969177090466,-0.07863792597770726,-0.0023428884854606036,0.0006826786097745563,0.012573120144590388,-0.054654376594223925,0.0018224136581911016,0.04358527075824932,-0.0006091562116594309,-0.00195139441735925,-0.005309397086630012,-0.0026067385775812753,-0.0516670099313942,-0.0018643605915265767,0.0012918757527865428,-0.0005860314918600933,-0.0011476769564860365,-0.00042646539073189563,0.0005752057028491908,0.007303759518086369,-0.000833177854709554,-0.003904142296166528,0.0036439532265729463,-0.0035770805555727604,-0.005935561895628822,0.008505310947268052,0.0005157009663240067,-0.00035606472081413897,-0.001422872168070126,-0.008517817377761153,-0.011458715901236788,-0.001665637040855225,-9.35819107581587e-06,-0.0021701282821139254,-0.005642937963723288,1.3621082346342538e-05,-0.005663462267303557,-0.018351560115536975,-0.003548133997677873,0.0004595229362447721,-0.018164299501485653,-0.0015144349661457765,0.0014013109277159208,-0.0007615324061733125,0.00016923080917314454,-0.0013988886408293783,0.004471914499114785,0.07046100235874553,-0.008037787196639551,-0.3182832498716677,0.00749697238651648,-0.014022404857059668,-0.0013304997834191062,-0.0018016204787726759,-0.0025495447772958847,-0.08208769103769561,-0.00013858524728543875,0.052530899824633506,0.0013168967059470106,0.0013501805842525,-0.0003781686307379275,0.025732283208668123,0.022264094589903013,0.0005828126362304523,0.007690847342180951,1.955583881699599e-06,-0.021017633067180755,0.01408878777008958
46,0.004688045902944065,-0.20090262611005819,-0.008178577248365605,0.0019166329445429592,-0.008694991959576733,-0.001293870276741757,-4.780431232443566e-05,0.001392224144161517,0.00015355458191807295,0.0004518066636222522,0.0027410652370842524,0.12067313297604382,0.003051272498158307,0.0029135420613051466,-0.0038328480747239525,0.0010505506755430563,-0.0005156787993444018,-0.0025058024776351486,-0.0014329645538805422,0.004495647632459296,0.00030885678262702887,-0.0004840482697136836,0.01757405512967689,-0.00038765494710069764,0.02648037587252764,0.017147570906178616,0.004702947466681097,0.0035648355365167188,-0.053265354843408344,0.013042713929710166,-0.0041355162209599575,0.0022038068441726823,0.9413978942162626,0.03802539380516401,0.046529168044791645,0.0010806355067157027,0.004883068291268611,-0.084490020250828,-2.8694141008421763e-05,-0.01923151314980667,-0.0001087912552796607,0.0009746569379954087,-0.0009501302754440841,-0.0025860818851109546,0.0004198042266667255,0.005652701358574172,0.0006986657789574994,-0.0022602584265692515,0.003092050905440527,-0.00030520100665377796,0.001119334931920818,0.027110108429235738,0.001748786522330287,-0.01718506308420243,-0.028192850664153935,-0.0038396309524631996,0.0019989507693738175,0.0018797305475697816,0.002382015365098111,0.003643016684142196,0.01400208331372927,-0.03766235263448064,0.005883125463187626,0.0030873104691910465,0.0011771372957572182,-0.004863062046761841,-0.004398320216633976,0.00019905175694574437,-0.0003826475502927162,-0.011143765041794236,-0.0003646717666802681,-0.0028643904237442295,0.003893960473246299,0.0006135059215431338,2.0704152938000667e-05,0.01176553330318611,0.0006797471502447659,-0.0019085971296967231,-0.0031919917958338436,-0.03470758498321672,0.019719547862318634,0.06422507091207415,-0.004221731908817012,0.005270397803907723,0.002236777911150817,-0.00047524841456606155,-0.0010771226656385094,0.014580742191250008,0.0010834956486817245,-0.050382838891680076,0.0006531079193500215,0.0035488828611440273,0.00016449821297934435,0.08640809575245864,0.08098448317535634,3.0552699947939115e-05,0.0017933264002262805,-0.005706444180020018,-0.12869570597437233,-0.0013662793022535496
47,0.002950380904159439,0.004668150673427934,-0.0026294639843696195,0.00019226924348315346,9.593892725823618e-06,0.005258255016746305,-0.00020384991349002915,-0.0010785881500083184,-0.00012651483840142412,0.0029516693548512665,-0.0005485661614257221,-0.0011443060259360652,0.019426157898697748,0.0006699738363405185,-0.0005385024875778233,0.0010736254839210004,-7.968943526323602e-06,8.269828855192376e-05,0.00013915063729793252,1.535657604779042e-05,-0.0002230683064016331,0.009965987218656873,-0.000254632886257541,-7.041685706718655e-05,0.0003004042438204055,0.9912870605616477,0.021937343713911202,0.02126542849920334,0.0029091585295225007,-0.00021554690220942582,0.001154007579506183,0.0010142746834927601,-0.01707552253669104,-0.008373586960481546,-0.0004090886211743569,-0.0001468481972678069,0.00026463040849701927,-0.0035207457391080825,0.003968762445062743,-0.005700184605414776,2.8127717314056484e-05,0.02675482881729634,-0.0018935157232846025,-0.00041927416491666157,0.002144810350991919,0.0024366183877937227,-8.920552482449037e-05,-1.5848565402974604e-06,0.0006120504195487799,-0.0001630541311832416,0.0014279978979826473,-0.0028061911151231163,0.0002673447028861209,0.0002670038768440705,0.0007891730399349093,0.0032520688860951594,-0.00017665833235410138,0.006453386435059343,-1.0763752355922088e-05,0.10129556781115177,-0.00016209472396515844,4.451379496733408e-05,4.377485800066e-05,0.061461715705219695,0.010032236551025107,0.001400883056210689,0.000513980696602896,0.0006704935704323067,0.00044690800534721473,0.00021691941319328134,0.0038195642110894915,-2.0854294200594497e-05,-0.0005933336238869657,-0.00011301273510391568,-0.0022946959394222364,-0.00134333483304774,6.761969346427265e-05,-0.0003896245116371876,0.0002899461476035586,0.0029487338130782035,-0.00031612065714112605,-0.0034390687689660453,0.0004328257728350533,0.0011124893429410216,0.015738781893779454,0.00013592034840865993,0.0023297748550337636,-0.011569953163700155,-0.0010058714924797555,0.005926244704370683,-0.00021177850066436492,-3.356681794063919e-05,0.0015231124833393033,0.0031670398360776576,0.0011613584478498721,-0.0016626161808953534,0.0004534861695709479,-0.00047130322478929976,0.0009303905067550612,-0.002629294253767738
48,0.03187698593079949,-0.029153286165743947,-0.003125745575831316,6.674069103190794e-05,-0.0016715824894451298,0.06380828236498501,-0.0008840112064943256,0.0020649074824375807,-0.00017958262188733087,0.0393536742258234,0.027274274017016677,0.012920332007830472,0.4427248913738959,0.005903635230874046,-0.00349042076108827,0.019900743414313585,-4.9789451071272084e-05,-0.0006199290159255386,-5.8723152622466857e-05,-0.009101745973649572,0.00032372411316877736,0.11580119376593347,-0.004640359715739965,-0.0007070154782429783,0.0630147265043426,-0.0688910968468114,0.007608383321786231,0.517117155648237,0.06160392738235891,-0.013020787923072517,0.01097451985104484,0.01021940224770293,-0.01743640401709403,-0.003923441256044138,0.01973224354159301,0.007114348812363117,0.02976224734089207,-0.03177904385128871,0.05261225843330333,-0.009669597695335229,-0.00011453071198121861,0.15135195405420787,-0.008395057186720997,-0.002388970992236998,-0.016918675266075735,0.01373364800661673,0.0017884621473803573,-0.0011453344744246606,-0.0056108499837904564,0.00026081553055284923,0.009300521906930051,0.0035409239667723268,1.02293470749526e-07,0.0004930914512716808,-0.005073311055475373,0.024989724393107836,0.00034005251978801165,0.008347200533736176,0.002056676628149066,-0.002497597258451179,0.007576405187761558,-0.0039991583868934834,-0.0022858869436956954,0.5507947964258675,0.1834644266004884,0.030936709128461887,-0.0015048521581996048,0.009413367892169174,0.0056902021252577895,-0.0008049882084972346,0.1492825414218195,-0.0006789164082869545,-0.0007075798545004702,-0.00031163235435200873,0.015717888481277528,0.0011924910948259426,-8.304619192778815e-05,0.006211390132983468,0.0021907258888924017,0.007072763277732822,0.010284593067168828,-0.020429224394362094,-0.0002490731852845887,-0.001227642790619615,0.3083864867524427,0.0006704109042574795,0.029774273434075793,-0.07250073552560551,0.026609597758345333,-0.0312524241877803,-0.002386512538543664,0.0035417967326359244,0.06997799781542734,0.0017419240673379847,0.013278580800962411,0.023627148198877325,0.0039481458619185575,-0.0012965256430612186,-0.010789653197004997,-0.0366457269586274
49,0.0357965570127507,-0.2629475377543944,0.007766297166930777,-0.0003928617343175421,0.0028739916087613176,-0.0020419604587488052,0.0007967205799098293,0.004183120530865239,-0.0004675730386253518,-0.003277790630034541,-0.003171934517833449,0.14864626128945246,-0.04211358703711692,0.009141967712870971,-0.00010748714083215483,0.03345634298108603,-0.0001539352804861699,0.00014509682461168573,0.0013963977558325638,-0.002819627195161444,0.000446749884134727,-0.0056827285404201094,0.0013269748148007571,0.0005337795098676809,0.07583710378272236,0.0033268691369314632,-0.0005117823152577352,-0.04882077129515115,0.9048229223214557,-0.12026197374776842,0.05098630693546498,0.06580041611103776,-0.04066844971259564,0.002920237755550317,0.006776978142062542,0.0007747688148573954,0.1442541024050938,-0.1289982140415935,0.002054458887037288,-0.0028293971947986056,0.00027645093703108914,-0.010137618048600338,0.0008841474215973656,-0.0011084217142356169,-0.0666029377716839,0.0008448779153565188,0.003874988036877044,-4.574724250549361e-05,0.007870671177536107,0.0004974083439600162,0.017576064714450834,0.011522923403441935,0.0009125331492770526,0.0002538175580238354,-0.0001438577986612906,0.003623925665264995,0.00032699248088137456,-0.0002439080552145323,0.0019111080453192448,0.00021421893753065507,0.0008556530155291731,-0.004749047274509265,0.001257138352493198,-0.052962853338078215,-0.015296056727852274,0.018870298722273884,-0.002794548358553852,-0.0010169171180474078,0.0009963743583530538,0.0008124112103764971,0.005986904898563373,-0.0015884269919202976,-0.0011045583714789104,0.00014991366588018584,0.004998600687426235,-0.0716249443718981,0.00012091474300911925,0.004486005737192482,0.005181711811096442,-0.008728722359276388,-0.0015353569352982103,-0.010756825778482627,-0.00033366189063927833,0.0013480459125421638,-0.02726176020615317,0.0005627251196927823,0.0002962669359530953,0.00839827282711314,-0.00200896775381197,-0.0009553707547137565,-0.0029598147262601855,0.003434190302831666,-0.0033348850693727373,0.015312990485287992,0.04133840838649473,0.001168014676799895,0.012487813095419811,-0.004554688475867058,0.003514198055466258,-0.0018472864440918137
50,0.003753562620284481,-0.004120275455236121,-0.01921215241300607,0.000502376813268209,-0.005280866594247054,0.04841209007453608,-0.005914283918119926,0.004071780685846303,2.4851251299604603e-05,-0.00802900898609181,0.033717203673078434,-0.01363434003324823,-0.06255895539600613,0.00465892894178979,-0.005531030345993651,0.0020110516244382527,-0.00042060231241851853,-0.0054838749906007235,-0.013247397334450402,-0.036684454039159244,0.0010569509700297972,0.017045753092071552,0.11409286269782463,-0.0012468091877383559,0.016475561651183905,0.005222905085488962,0.00855564667894018,-0.1117392438680917,-0.027643519613714404,-0.005581579458508306,-0.0033484490820128825,0.002910621906952704,-0.013318517402627727,-0.018057573337030695,0.1025550592430261,-0.0008210963808588136,0.0025114327070556806,0.005260301333921473,0.03940632007801967,-0.013090030157612524,-0.00019661984104975272,0.01135780900904917,-3.935848681674783e-05,-0.0031542841554497002,-0.0003973055951452739,0.039842647836413544,0.002588838909719923,-0.007253341078335964,-0.007513487446899333,0.008816085778346361,0.0022004527914520743,0.03739367277530466,-0.005083516542795645,0.00018111466070847015,-0.018423644401403812,0.027690017435865338,-0.005552921818254496,0.015776487243889283,0.012177711253870656,0.0017363063184861252,0.04282726948384001,-0.0019155675605608711,-0.010726307975322646,-0.10322236608631181,-0.02884875206712806,0.04197352196260487,0.00048379353014047096,-0.0023125431896495047,0.006109233626171047,-0.0012480905843348616,0.9555797393730109,-0.0019054490963445617,-0.002803455836100564,0.0007675911474512315,-0.0025306409780143013,0.00283258743351816,-0.001935075404806144,0.012423627172882173,0.007079677984319979,0.010879145417254883,0.09181505245507492,-0.03804966058068838,-0.005773648237520999,-0.008361942020633055,-0.04991945914542997,0.0033507371476672845,0.03110889891204977,-0.025061240793249607,-0.0049369527990723635,-0.0258739176954512,0.00032349096962827097,0.00783385205672195,-0.013171681260270095,0.0038590906622267634,0.013455780924018182,-0.0006971690769294928,0.001317388674519475,-0.002223326145366255,-0.025137826289796064,-0.03229178877454406
51,0.021700263125983322,-0.0014365921820981564,0.005253582309867558,0.00027669311270783065,-0.0008657998922967734,-0.008981304968216728,0.001401224161661517,0.003197194208536487,0.0005932930242108433,0.0017298235824144692,-0.008925988924117773,-0.0025805945140322615,0.0016942652026569749,0.0190105809627097,0.0016067986927057326,-0.0022610720508502505,0.0002304278492635866,-0.02034781099127068,-0.08540758637407346,0.004253801071884996,-0.0006353406987495425,-0.004556761440583866,0.8117445252476269,0.001183814248685368,0.0930990546649524,0.00018538948481162248,-0.002099241886846912,0.012272231166593584,-0.028749897403734417,-0.05940136914547286,0.01978965597031356,0.005324898664874131,-0.050974304589837593,-0.0059713541841209215,0.3266545399060803,0.0006409804446879646,0.021448590655459926,-0.010960046636545276,-0.009681694029865493,0.0026114631973626497,0.0004798598824825983,-0.0018414421356380793,0.0007205861110257481,-0.0026517722399296956,-0.009312912301642886,0.001602821618367414,0.006534861642575048,-0.03077179573990715,-0.00288202031612886,-0.00024259089093374528,0.009196074523381441,0.15363377194795963,0.0014716243541477206,-0.0004683914182263202,0.0019039737703749875,-0.009445897039256896,-0.03273257207765756,-0.0035977166530379275,0.05177988141680032,3.780570890269408e-05,0.1496131038363176,-0.00933455303269198,-0.0025574486097282726,0.0070015794914683694,0.002460517685946977,-0.009909759594660339,-0.0029899251466136345,0.0003682377466668902,-0.002750494671740739,-0.037895913980437346,-0.17896504046960643,-0.005061315752268007,-0.0033636135497761743,0.0005869956588367932,0.0007365358769803373,0.004877527264081218,0.000671724457326801,-0.002253373667243467,-0.00014994913293851948,0.003467456512533491,0.3498667607394552,0.006374548204403408,-0.015135995850951446,-0.001759281776535446,0.007874816387225118,-0.00022843097964025217,-0.006961603203397095,0.0065458462897753505,0.00122760540309001,-0.003017595630583611,-0.0028635861636475686,0.02716045412526962,0.0007403044120623107,-0.005388733623893511,0.009263577806029403,0.0009459552699819308,0.003973197502627533,0.0004190162669553126,0.007467992429140748,0.005813368558816806
52,0.06557079304428359,0.01984110047558646,0.0016463680406648765,0.007756027036515081,-0.00033095222165863136,-0.005173916303054575,0.001542189602089697,0.00865285181604955,0.0004295866160881484,0.0029335825358343115,-0.004384180979621316,0.018723215676662963,-0.02452284020653188,0.03431420423923034,0.0006464621544384347,0.0024876149685470472,-0.0003547878852235872,-0.022796472810675844,0.027611621315883756,0.002577000171262267,0.0006170012631746156,-0.005863494262377546,-0.5511421317553638,0.00016480667527316376,0.271597847041497,0.0025077518609592153,-0.00014466340546342125,-0.004835783172305062,-0.0586320555031726,-0.013119188380052722,0.040675051783552796,0.020316881954326363,-0.04953541496176726,0.005237188641615551,0.5413998844486284,0.0026551174534460327,0.07627358573502477,-0.02383722454244242,-0.010381877174995235,0.001514348086140295,-0.00032565226992161203,-0.005010921435725766,-0.0010432700113287429,0.0006475416558537304,-0.02745983539164959,-0.012912094224360009,0.008987335985151293,-0.029792171524907818,-0.00718034598495456,0.00030416233820875936,0.026440877539924072,0.1749581410496552,0.0014913841717069526,-0.0003739694397391219,0.0004695371211799904,-0.008749336461042886,0.02299533598122283,0.0020006430033564773,0.037251395473227665,-7.90930494542672e-06,0.21447474701496966,-0.02118448547732336,-0.005583346145002703,-0.028846980574485932,-0.005626366394571234,-0.0060428923463328454,-6.857894443438459e-05,0.0008320606315181649,0.0037477000228559954,0.009426600519275807,-0.0643514767798297,-0.008296311252586364,-0.005088671477878937,-0.0003238766161368818,0.003204093753848454,-0.0007963592572262403,0.00044831507231566856,-0.004495567130623449,0.0002265662471551184,0.002770976296887797,0.46434802804683745,0.0021526994547957073,-0.00679359684625144,0.005029653146004305,0.00484757736719911,-0.0004161364386010578,-0.0033589121505192988,0.005424315188404619,0.0003123917210957764,0.010716252116572057,-0.00041159651945800284,0.04313212851403789,-0.0002264832206886171,-0.005768857344181858,0.03497575597813582,0.003063372317518953,0.01675505411091508,-0.0023585285620614637,-5.73471501091119e-05,-0.0014695187512010766
53,0.09883915195975293,-0.014957923723601219,-0.002077049058401212,-0.0019917628100474954,0.0012570729209243348,0.0012090182701347506,9.175123420120113e-05,0.013638677327842921,0.0007359215250560963,0.006412707287810238,-0.005781588836428653,0.8211245038414035,-0.02339945614622302,0.010837603400852679,-0.00907734917176134,0.02985206755709366,-0.00020746671106789544,0.004650909513388802,0.00023505803470078024,-0.0008909985168799178,0.00022690409827735847,-0.0009861484191102665,0.04370566115097684,-0.00016261996440470466,0.22813534085823506,-0.0016038438601861677,0.020489053714863037,-0.005032487923677484,-0.24447355291568076,0.010191555130274742,0.04825858237535703,0.048061448483287986,-0.16689472722566806,0.00045638824223890977,-0.0940876321596554,0.003576280179511393,0.19089442854894587,-0.10202938876398966,-0.006028282763949446,-0.031187267129701678,0.000276435208455654,0.0003480461099571192,-0.0004936170774778263,-0.001742093749551964,-0.07322132157145866,0.0006151526569743776,-0.00030694359816001507,0.0067825782140292674,-0.009053750982033199,0.0038738627764298567,0.039393495393209126,-0.0351290319428338,-0.0005902030395373422,0.003141814461756414,0.0048723758516658056,0.0055235231427925476,-0.0007735287685625425,0.039400790593983895,-0.006299417583141931,0.001572311741912481,-0.024228390121287496,-0.007417829196237555,0.00035561004455977874,-0.03243992742673028,-0.0037768984650191767,0.0008964098252841153,-0.0009551371663858678,0.0015836821229639197,-0.001769554420742306,0.0031724998328723254,0.005395472695158509,0.0011879916828297227,-0.008458162389790469,-0.0001535006859534893,0.007194096631858188,-0.01744572517331383,5.996573453060858e-05,-0.001844956854936041,-0.0015918539928634658,-0.01551494431753589,-0.109183784630443,-0.0057408342795310235,0.0009441125202610118,0.0028670589090180124,0.0034865071135074983,-0.0020622973342797066,0.008741259772252269,0.0016553058620751042,0.0004711759965534898,0.0019653813942752275,-0.004989679894733881,-0.00030717915886436164,0.0009126172564159927,0.20824402155144844,0.20128574863310686,0.004051854322809202,0.03943116866916016,-0.01088817635756105,0.015585770381053063,-0.006837576964457703
54,0.20376578538188916,0.025710998204445668,0.004224716944675147,-0.002141489788421269,5.3173529318981116e-05,-0.009711229409675991,-0.0002903824063709842,0.022653785937385873,0.0002932319421923013,0.002917678629439785,-0.005645874491942621,-0.364459826055171,-0.05358661745311634,0.040231546665321305,0.0045136149843899714,-0.005287783225007642,-0.0007449032883130868,0.008855174824832283,0.0015628981345400875,0.0032135704183442774,0.0003454867314312826,-0.007578068068445107,0.07736986718737042,0.0003274235596245883,0.754461464865885,0.004582955418602696,-0.007450635218465547,0.014942319146373284,-0.0730268039627397,-0.009181634475202503,0.1298077723167466,0.05830737286602995,0.049892876040317245,-0.002546781646949466,-0.13369247360012468,0.00808456524264925,0.3037113116582901,-0.02208351367930593,-0.005025208764434307,0.016412974904370617,0.00015423184818526628,-0.00992365404067539,0.00021336674030745508,-0.0004966347985664145,-0.05918687331314258,-0.0022331604507181075,0.004740163304368095,0.013397930555015593,-0.01735628860023363,0.0035509477357547198,0.08724432186355445,-0.08911437277596383,-0.0010456237122883193,-0.003260425888700403,0.0005548827363685005,0.0045188919204693975,-0.0021675241427338426,-0.015652324758655047,-0.008951821866115687,0.0003898283670754428,-0.0317756991653922,-0.025279249101654806,-0.0030830491025009427,-0.06492990836984375,-0.007041485230315765,-0.004395890699256912,-0.00313812935679438,0.0007954444808156158,0.0001724735424606977,-0.0008567295391499995,0.006464162313503055,0.0005972437874088628,-0.013303364773840393,-0.0004718401032855202,0.01176441312269217,-0.0003770173381895392,0.00045281598961957603,-0.0025812347681910285,0.002965872081801567,0.025941460084349735,-0.24890969518536543,-0.0018360802180670578,0.0025836971279783426,0.0011894699634583195,0.013937593166735741,0.0016674959349094992,-0.0017106709498085574,0.0035132106070365184,0.00026057146758091954,0.0015685519714080352,0.00025830180302954114,0.008700406516156427,0.002849474882526768,-0.11339259411677599,-0.035312314778791,0.006777861003217675,0.0343843249714218,-0.0002971942276683015,-0.0036213098576380783,-0.01884413770022558
55,-0.0017884226435007193,0.0015502511235273061,0.00023047318633918944,-2.4491423963294125e-05,-0.0040610926740813754,0.0982498816754036,-0.001007269291490966,-0.0007683328460650479,-0.0012372743889490002,-8.952539067708489e-05,0.19605826060443615,-0.01327129598071532,0.12960311916533265,0.00046725894710587085,-0.006346593767615936,0.01433401887643738,0.0004089141656138417,0.00010289340602798961,0.0005853312354571136,-0.002314065285465945,-0.0008958144553789515,0.08202494732441955,-0.008612848011752206,-0.0005508179177050321,-0.004304355380473884,-0.006628852838042122,0.016003281385378754,-0.24298486179162612,-0.01745655845530984,-0.0033640808970432593,0.006978421993652353,0.007239407102881679,-0.00022348591445475394,-0.11929520387006443,0.00011947976710188421,-0.0006615094849281959,0.047172643901926714,0.0013518124905825962,0.28244738610193226,-0.012616957745827282,0.00018169908607033186,0.08615649771848113,0.012747964776385446,-0.004887265653422354,-0.0014881282865427461,0.27095449774505936,0.0003852161489682564,-0.0004663377782047071,0.0026961304955889706,-0.0018336975697794042,0.003958700034056226,-0.008881217934993184,0.00013088590890478896,-0.0005896374644203811,-0.0011431499229045336,0.7715332498241394,0.001676546596852499,0.043465341508050676,0.0032053262106060505,0.002678091002527673,0.0033381869011731066,-0.0015273896506898497,-0.000686081739927246,0.001019627878453843,-0.004618992802332954,0.1435485585666389,-0.0034724535342778116,-0.0013805143892646867,0.11807349491014368,-0.0026604539570956706,-0.10310945056451336,-0.00019587705572045484,-0.0008978378339159626,-0.0004503032594325926,-0.00667203410304721,-0.002089095198598352,0.00035609720951149115,0.03992629888830089,0.0010016999399913157,-0.002180545634806349,0.014932154606932499,-0.0023389885979458016,0.0007668556048077233,-0.015820393177224976,-0.02195587108487912,0.029052323440685552,0.07306735892212664,-0.07322044878911554,-0.0027653798695030773,-0.18172993717644262,-0.0038390317581473016,0.0009929116200575576,-0.027876188331924373,-0.007272439738464377,-0.003388872044030501,-0.00038574419059846793,0.0018323196461659452,0.0008523321022785042,-0.00544572459388855,-0.007612727384702681
56,0.16039519388312343,0.007311215307029606,0.00475194333354835,-0.001105423433754693,-0.001611582586274557,-0.009966937042539828,0.00013694757496056972,0.008405825257301757,-0.0008257839377212237,-0.0028225452459238187,-0.010166627382797624,-0.08821707591429837,-0.008086994320724572,-0.011815463020578482,0.005587947458527309,-0.0022193699652201665,-0.0008210747287944326,3.116580089289941e-05,-0.0022809510051784005,-0.0008874323075840421,-0.0007450577905189614,-0.007868243679095163,-0.014989570142997795,-0.0002460481461521967,-0.44856648624969675,0.0009127443497479546,-0.004083834043942391,0.03827372657705003,-0.1001909522347662,0.012625074461153477,0.15438904932673153,0.0994894131920015,0.026187971985022453,0.002052296052301049,-0.07465726278978711,0.007878551918573062,0.8130307187024766,-0.017497025988920972,-0.011955909132861486,0.018119448227653226,-6.218298732605862e-05,-0.017235856130988932,-0.0013662779537426826,0.00046823112758014995,-0.029482150119955045,-0.0026501393786030475,0.010481645989243154,-0.006310573562074886,0.008190894938767125,0.005211436760186445,0.06015844497006155,0.012687640268724168,-0.00013856448655963013,-0.0010424601376361024,-0.0028910447249907937,-0.027286994280586802,0.0007811369182274932,-0.0438239739086644,-0.006763568562879547,0.0018407346156508744,-0.042572825125430494,0.016492981301245206,0.001764913839003836,-0.0010082506881420525,-0.0011763229491580877,-0.011103569289941407,0.000258458143067413,0.0017600884483538748,-0.0047129949046406105,-0.001342195283776827,0.006157364905818279,0.0001640056882098546,0.0020665637808389157,-0.0008224441897313264,0.021625395963749634,-0.03972605028703263,-9.17216688663923e-05,0.0014881030921621292,0.0009856595431506528,0.00829210238223755,0.1591697804395221,0.003246827106562378,-0.0022165786164649033,5.3697267411719624e-05,-0.019671791900833648,-0.0017602475064047696,-0.014241815507121683,0.0037151755309108472,-0.0015055855567860932,0.004618052717609782,0.003251072250000887,-0.0027310809478012024,0.007869614549513317,-0.10611484680817654,-0.007676635921312437,0.0021963994929099636,0.03276124424319851,-0.001682678513764942,3.7360323600979056e-05,0.007764180140795661
57,0.03182933038921957,-0.0010685413105164382,0.0014506658143968367,-0.00030469655522417927,-7.388078589266531e-05,-0.055039281676687875,-0.0014590321858967805,-0.00593976846621627,-0.0002742195804304728,-0.0010215300138256538,0.029807330943386237,0.041413902322060187,-0.49022714693125025,-0.0007985996797026836,0.008256991038565906,0.013284626916153335,0.00011356089551734123,0.0005825830814413513,-0.0008783343896319185,-0.0016953834757562486,2.3058359410799145e-05,-0.07854683154685409,-0.0039307372733830654,-1.773784617992158e-05,-0.020973770044177824,0.016094750393130876,-0.012282208121023949,0.6992666978832698,0.010110200888534406,-0.0012591443438189007,-0.017388809719086108,-0.012549675856756351,0.007310745689306973,-0.03746670484769113,-0.08971134233589298,0.0001502044995267595,-0.09125928248068174,-0.0008791533655588962,0.025761337852711487,0.0332014530004144,1.3123882421361976e-05,-0.12756564205237808,0.0052357684115040565,-0.00017374450925377802,0.0004148331168865628,0.08245817048757496,0.0014397450006739896,-0.003485797429624399,-0.0027232471351740437,0.0019055510516535184,-0.004580810847688209,-0.006558170202577169,3.0687277868257645e-05,-0.00046042913537388055,0.001983291219809134,0.28612001086393085,-4.50322722145291e-06,-0.0974852984595118,-0.004323457334030231,-0.009444635322056473,-0.035426701257420666,0.0026115753330429713,0.0019390499986008738,-0.2703695637131151,0.0031617204965357516,0.008677293671106158,-0.0005831421583708755,-0.001833827031144177,0.036504149111495146,-8.971002882649307e-05,0.022009118910066818,0.0010664193795626407,0.0002475281366202016,0.0003650824790588057,0.026868415215306363,0.004778449014748248,-0.00012827135970716825,0.01080832689766496,-0.0004568975140222531,-0.0005247916231360707,0.11725609087640108,0.0017587175522449233,-0.0008200916797611799,-0.0037931563520832694,0.06698862536638919,0.006229123909393886,-0.07083407354554959,0.00208298518322156,0.0029614915873048785,-0.05124028951207034,0.0006081191046615603,-0.007124621422529555,0.09364775171906017,-0.09823339677971236,0.007542126576854652,0.008630094103022509,-0.0023673212325590887,-0.0003241565794897239,0.0043135302167206,0.013685736391809198
58,0.0010383409607339854,-0.004500487115176914,0.0018004613538947166,0.0019504045747341955,0.0009852666068093797,-0.012152886125276905,0.0002232452776386912,-0.003405353352565681,0.00032644361237339276,1.1251310893778594e-05,0.004265476861758079,0.03638214398521231,-0.05914108397092412,0.005526408538165962,0.008666058766650764,-0.0005507344796921505,0.00014154625605294576,-0.005123768239645613,0.009716767280720998,0.00017905376785942728,6.109993020991106e-05,-0.011610687279477066,0.028859260143551935,-8.1483852634949e-05,-0.16885829052608287,0.0029914667154543723,-0.010253654352329609,0.09184795472051276,-0.013542411814237208,-0.005198207577738704,0.006292541193830164,0.006177021004899367,-0.009589003376964078,-0.009748762805411964,0.6016309076232672,0.0005756465670738262,0.08398685617451696,0.002321957820245307,0.005182060546539716,0.030738839245372636,-0.000234865576540403,-0.01697212987877754,0.001860724954083806,9.011577105894845e-05,0.0011766044155720771,0.0010860463132608368,-0.005395707569955714,0.020272527689598124,0.0033754135810209725,0.0015808700736910518,-0.0011672706978411956,0.04073160570823886,-0.00018543862128868327,0.0009791915714966494,-5.9351885577930454e-05,0.05264735520879368,-0.0008057327852905131,-0.08558562394982096,0.035147324399849786,-0.001010962350325461,0.20438443834209,-0.003306732665070795,-0.0030766776311522415,-0.026239565135204264,-0.000720777814840097,-0.004578830929954948,0.0008749108289866721,0.0006987798131892842,0.004612771743573665,-0.0023624159487368483,-0.0016798884993461446,-0.007225972869432479,0.0013765640192445845,0.0005511561270197182,0.00488996701738334,-0.0053859539295151295,-4.132689136736225e-05,0.0010296455031018165,-0.0012538341587700627,0.0007972018546007383,-0.7102795235671464,0.00191377728738467,-0.0020090316771552855,0.00017137804960517438,-0.0004264896706447493,0.002255157875423045,-0.03682562524722154,0.00022608123208958924,0.0005267837905400673,-0.007053894420916663,0.0034913362281343125,0.038644104081821125,0.01071514694223123,-0.14701388235510154,0.025704376463346116,0.0016373677025422625,0.0013555405015491708,-0.00028923117213387165,-5.966353220293922e-05,0.006694755555096976
59,0.024481830257009257,0.010840039798056318,-0.0006513730304185499,-0.0005433028124032149,-0.0030005744279134536,0.033656277568362834,0.0005615348892566013,0.0029361015849470673,-0.00022625371709545034,-0.001514360664823194,0.0024210751884407994,-0.23235095377368775,-0.10644089999323318,0.0018317501453249674,-0.04762030933940211,-0.003106886524070755,-9.938448199872142e-05,-0.0016473237769702746,0.0016881297311058703,0.0013117186730805669,-2.4503511770537778e-05,0.006558132766944986,0.0022015843839364203,-2.2494508899654694e-05,-0.059969611275540666,-0.0050405432927725985,0.042528278611211084,0.14281915946655716,0.015283584258450937,0.0036672723283814965,0.019525677303382498,0.008752767822027495,-0.04035660406452271,-0.001141095324609354,0.08931404566133934,0.0011037213748581465,0.08916919211632407,0.004432014603045539,-0.00331012208458587,-0.15655312007381542,-7.826444960851858e-06,0.0004975309342201699,0.0015060540540001478,-0.0027075915033697344,0.004055112615215659,0.013619213803100664,-0.0006340429570748938,0.002923315017087866,0.002247008813320626,0.00020749073551991955,0.0069890791481501055,0.028591423492214243,0.00013868178600142528,0.0003053731908053139,0.0002344092955189822,0.0020212528291467563,-0.0003699636483947208,0.4915262274665264,0.006297580656554708,-0.0017105235369196093,0.027775809011261296,0.0036476820261587177,-0.00042213611417424995,-0.0817819637895183,0.001542736304567728,0.0056031640914943216,-0.0005505873482825039,0.00018334814183582418,0.002322632075540179,0.0004351797815531583,-0.02376198543697299,-0.0010884522643668584,0.000518574800440836,-0.0003271801900367466,0.007731891770364756,0.0001867952890800273,0.00011348805137811955,-0.0002121955341878169,0.0009066814866518433,-0.00631046898404293,-0.10369863087287581,0.0007977881994272653,-0.00016836600039289717,-0.0006664123502733159,0.018192359299686503,0.00016112815561874355,0.14478057476664252,-0.0014718432590528428,0.0011336974748628395,-0.009661936050817263,-0.01673833153168618,0.0060445953994044364,0.022213139101174728,0.7587766371397535,-0.046740775055928115,0.0035106050904584133,0.0013184593731669428,0.00026772502278891823,-0.005227067120927917,0.0008955164770265787
60,0.01431174293497528,-0.00898797952975051,-0.001997972261173177,0.0004883743832034626,0.005727335381415732,0.15021340371379527,0.00041644237787553766,-0.0017885649861541296,4.5077889466678183e-05,0.004772553161070886,0.057669267421339626,0.08914091439418559,-0.049590576475949645,0.0007178418176271364,-0.020816378704746244,0.04009692896177837,0.00014879462616165144,0.0008949810535353537,-0.0006812163000433878,-0.0024766057194968195,-0.0002257971641443507,0.09705758989237447,0.0033600592412216107,-0.0001339543214683228,-0.02390144031465174,-0.000874209511655145,0.039424665505305365,0.056010220976765016,-0.010545856810678633,-0.004493381347014316,0.006903680491327671,0.0012493352108115686,0.02905794453092299,0.012809818695090083,-0.0007701431784494319,0.0023727602022464447,-0.03390647419915629,-0.004960841392457494,0.05966725633870538,-0.07686716861821019,2.3117359075619515e-05,0.11548068297815982,0.0067406291182328815,-5.068437249068809e-05,0.00021602776671842544,-0.022913432381511036,-0.0015273671352498003,-0.00010487740812356941,-6.741332725013205e-05,-0.00228263346135399,0.003798942170537118,-0.030494524450140056,0.0006063586837600152,0.0009148832113097388,-0.005442775266990964,-0.1484687669361122,0.0005633307158347117,0.628884550838291,0.0009327149501046097,-0.0036120368949037443,-0.0020422525501948476,-0.0015991222683399654,-0.0001727646623364866,-0.1473122328596156,0.012717737310569025,0.10838466412993292,-0.0010860050607958648,0.0025629569946368828,-0.00857119180035312,-0.0019481279408989456,-0.048629974309876825,0.0002284107323283248,0.0006763332209530019,-0.0005131197740658802,0.005421008847175725,-0.00036299795891362417,5.70794063231711e-05,0.022146620169721364,0.00039921894114042233,0.011537227548861478,0.008571256581408462,-0.009241144190204966,-0.0004862526702233763,-0.0014001725579108563,0.046548198116465746,0.0014111442119511264,0.43756030689786407,-0.030303358714536675,0.0011670991671252112,0.01553200896481615,0.007698979170057521,0.001580627279735983,0.015610686402717067,-0.517952505545003,0.043602303365938566,0.005595317015472982,-0.0003615862345066525,0.0009089351338346218,-0.00963859505410817,-0.007405488219666545
61,0.029164518818459537,-0.01089537884202265,-0.0010154549240908488,-0.0019714175402885626,-0.007418677260162819,0.17455354525366779,-0.0016379916111859578,0.007127770280156683,-0.0007683710053854537,0.01018882411954603,0.3616193038912233,-0.03605919567147003,0.007916449545960375,0.004131744277799249,0.010585996753594746,0.06481344584122045,0.0002871787791328473,-0.001074357949850651,0.00013160446520547875,-0.005592539675736738,-0.0013114243137214432,0.22603232636971915,-0.0059145666564148006,-0.0013130964866414213,-0.01658724739535951,0.005906312661452032,0.02600669841083856,0.04969799234124591,-0.0159637214091905,-0.007047665142214703,0.010265409226221614,0.0008265630847249031,-0.013270776338466307,0.005863133904423117,-0.02180320416982852,0.0033509117066220983,-0.011578072670947404,-0.0023597054985075167,0.3614273307060208,0.02727109765254305,0.00020269893049923438,0.1860396252267993,0.045524167254099246,-0.005208524146688601,0.0006080820635806367,0.17752904990844215,0.004327734605100418,0.00047452324963063227,0.001728765907058876,0.00023960363062711012,0.010086275212213613,0.09389389705294812,-0.0017221740400749919,-0.0003918562902315917,0.00011738874627248777,-0.41350541915727007,0.0012668268146291822,-0.35609256845536386,0.0019481692232910198,0.0009525412222821418,0.006940678116966976,0.0001318802105569495,-0.0017132697591336111,-0.2871410013422177,0.03328059060687669,0.3477566379791811,-0.0012996772184534489,0.004908058075662931,0.018458275567459003,-0.0011340106324174504,-0.07564053757083818,-0.0008001356786450538,-0.0010108158615517887,9.307934958793784e-05,0.00989127317948979,0.0013090299309272344,-2.3360870542804557e-05,0.08920538379476424,0.0020023612663705725,-0.006764406843354283,-0.021271468374299215,-0.015790334893766106,0.00111229132743558,-0.01319195477786716,0.0812195134966562,0.020619908681860904,0.08182737332040835,-0.11521426728822558,0.0002481547311687089,0.011210469636819981,-0.004317475428297609,0.005497643176315017,0.03026022909600263,0.14542548222057902,0.017319912791176333,0.014143843628321977,0.00610663268855751,-0.0013563401903765628,-0.013075746501160078,-0.010941892971407217
62,0.017749212933569434,-0.0006173039996613412,-0.00042386674162301057,-0.013510370944189026,0.001183463192163837,-0.01234151643027711,0.0002462545787902783,0.00168240653818933,6.128598381345378e-05,-0.0029272634576437005,-0.033410376881773965,-0.0189188111404269,0.001184539291643815,-0.005237817696539391,-0.0005956713452662573,-0.0017219751603094547,-0.00010331973582671547,-0.016386758814396864,0.006195865845231401,0.0004991275200430403,0.00029160520087561856,-0.019579075767731623,-0.02641387466692064,-6.065392411802389e-05,0.018808972274704072,0.0013965475014167889,-0.0024780544736288214,-0.006248123470570853,-0.01010580450988047,0.0038233998520004766,0.007003066698739639,-0.0023146370317556316,-0.01318285124149665,-0.000465433881983886,-0.19175081079006437,0.0006713687404587016,-0.014463984566557446,0.0007730579165520259,-0.025723666937883555,-0.0009734991072676165,0.00010738125728913632,-0.016290177994387315,-0.0041295409637235134,0.0005808951980112269,-0.001661574178300644,-0.02589512534582297,0.046206802439331604,0.0005896472634261555,-0.0012943600325744792,0.003112005996022461,0.006472809994681706,0.9539032602616614,-4.686107530655487e-05,0.000447388396231658,0.00032985356967388507,0.048189213052104864,0.0008233358997493617,0.039645233806405535,-0.02910160439323346,0.0011350008334762127,-0.10608388500195784,0.0017991845549713073,0.0017419461508434812,0.029314117649180044,-0.0031053696596611453,-0.028309116382065142,-0.00012885031586120738,-0.0007843934489470527,0.0002597138321180984,0.0007398940384365696,0.0080673498377152,-0.007080703300186321,-0.00041646471552745073,8.597209574807106e-06,0.0016312819774851675,3.1176723003425305e-06,-1.4429776510106046e-05,-0.009558080258622937,1.9361637158757036e-05,0.0030867983888282343,-0.13746136828468447,0.003457506264125949,0.004012697003574204,0.001677166890848012,-0.015813345895319367,-0.0008352316975565802,0.008920919539467678,0.009298360667864726,-0.001308147448968673,-0.0020490580988499546,0.0011780792752924165,0.010781831715901167,-0.0028336159256582335,-0.04849843011607267,0.07164730261112924,-0.001739581161981453,0.010292531495483403,-0.0008276281427407259,0.003694639701279881,-0.001090102695434557
63,-0.03488331182733137,-0.014479690208589779,0.003204054545155827,-0.0010106149591126122,0.0018681123308655952,-0.15805509029756223,-0.004235966158485338,-0.0008685941708692912,-0.0015425186616234874,-0.015701765739475595,0.07445860956534897,0.05146204555287215,-0.024702933569484047,0.012941083202469991,-0.003849908442511176,-0.022106972637592218,0.0007196056374986241,0.00011466561749774902,0.000880793477495416,-0.0033832519435025247,-0.0010776639176241498,-0.08697280517435803,-0.011407410874279983,-0.0006579740870233247,-0.0006915074223570183,-0.0026354251369444864,-0.02450351889637571,-0.0009312960668240991,-0.009827424727343213,-0.005997723285363311,0.3383189054629537,0.01505768283223601,0.005173482540719018,-0.039832627703775186,0.013102629009663462,-0.0037656976529642366,-0.07389795473851395,0.0036043030596176143,0.03785695791424236,0.0026462916383450134,-0.00020037450169743676,-0.1907382967171078,0.01380063154179812,-0.0016205250731330823,-0.010428382989383454,0.7476039772283427,0.005739945788344276,0.0011567837533927802,0.0012887135664563032,0.002275651095984981,0.03509037043333464,0.01538755628565396,-0.0015951572036154785,-0.0022788871425842086,0.0005179834912373178,-0.23180971166239464,0.0012679125497141903,0.21973518035440656,-0.004083337032280406,-0.0014193361742357528,-0.023224844324838255,-0.002028713774822305,-0.00033559489425546377,0.17417601130781155,-0.023705835380799848,-0.046625589997944264,-0.0001349403854643337,-0.0038794010451006986,-0.0003400466406790896,-0.0012923531084078294,0.005912476920114667,-0.001293238117130625,-0.0007532112961573813,0.0009521685911085907,-0.0025717165116241197,-0.009822543217355591,-0.0002062756322728284,0.003729727774971204,0.00026547934739380025,0.004173458216714006,-0.010691089492953242,0.010005368563334366,-0.004967547644050436,-0.006177977497437842,-0.1010758220019538,0.004818149832785005,-0.2533001009237744,-0.0015886125551872335,-0.0009289889134734171,-0.014508601132529508,0.0035845718112345803,-0.0016251118216752654,-0.006514823590892032,-0.0728407953366211,-0.1362066140783106,-0.006868327296621126,-0.0045222493499993376,0.0009219666797420601,0.008379368327536328,0.009065852494189293
64,-0.015825666060746393,-0.032766496035019604,0.0017741155588281141,0.0004547356723938493,-0.0028292035337954434,0.06313095147363051,0.0019160912201235175,0.034845014799622306,0.0007389029860279932,0.005207634529899082,-0.04526548056821097,0.019485239209701608,0.019814604175962935,0.03683546514841431,0.0025948049034098548,0.025369048582096338,0.00011469233131600177,-0.0005530837566825545,0.0005306469355855058,0.0007016915028066639,0.0007175898159481036,0.043492509956252375,-0.001027389473536649,0.0003400024109844191,-0.08110685495100037,1.6426974224546245e-05,0.0111582382125373,-0.004621791210545512,-0.028768256684291626,-0.015823279494285768,0.8810438154878512,0.03625110224161086,0.0053223209427227264,0.013996620737194213,0.0012393625316478884,0.0017275667891573782,-0.2199496809024681,0.0012888567937857365,-0.023693412249219014,-0.0012616263894952517,-6.414215410460375e-05,0.06936578022667622,-0.014052218144206773,-0.00020295495297367738,-0.02647161310528208,-0.2917895055935662,0.0021611828861496317,-0.0009958576078082791,-0.0055962411020918,0.03581030993491296,0.1100419471733718,-0.00653077499587339,0.0012547210794398578,0.0012599973179358882,-0.00011104722574833731,0.10213477951837167,-0.00025623791909345356,-0.09097849131909375,-0.002435931113982063,0.0048986816689110336,-0.012261575154007482,0.0029730632506031127,-0.0010781895411366774,-0.06884996750035495,0.007967682054535614,0.0148890120026081,0.0015658231073182758,0.0001778583017127888,-0.005887941529053065,-0.0012854070330752749,0.006400873371237788,-0.0015261435501593952,0.0010668653244270375,-0.00026008423804014386,-7.114926070864863e-05,-0.02026126509470812,-7.002296292935202e-05,-0.006380717708319168,-0.0004556093944961359,2.2673987139983434e-05,-0.0012723910043527273,-0.008183648679289234,0.0022382274163065246,0.004704376055449628,0.037377735670937294,-0.004082469599303468,0.08836476640628997,0.0030397256766042198,-0.0002641370071645166,0.00513618728548955,-0.0023614908944971633,0.004757649722042468,0.01340533199199756,0.03499060001445846,-0.10952976780425928,0.010691958068546985,0.020938272118568642,-0.006497773776293125,-0.004285118788889152,-0.0021208363686432714
65,0.08404456440790319,0.005580770531293288,-0.002555419253657879,-0.0004616380982367888,-0.0055884376728242875,0.17744336562960056,-0.00126361394143178,0.02078649043820354,-0.0012282516559263996,0.011619145744919346,-0.4169509331790096,-0.027266891281128386,0.04272087514323196,0.0015835208310180197,0.005475721033842071,-0.002119678470420199,-4.723966343785774e-05,2.2111673465809167e-05,0.0005347766353158145,-0.00023205611944328297,-5.451205638828949e-06,0.012724796529116105,-0.006341037965047372,0.0003703050654001172,-0.02714554975816913,-0.0008669028162647641,0.04132445094875025,0.0005254609356591146,0.009824398309480259,0.007777314360451758,-0.007673484958200735,-0.007760259391401264,-0.0081196141715007,-0.01592640348794169,0.0033935545967038877,0.0069177620418353625,-0.0319243187569761,-0.0010410533744963854,-0.2947717181286909,-0.012205112439932454,-6.610361984601965e-05,0.16861197485925597,-0.05627419528645731,0.002098167449552636,0.00035718188174042875,0.4656868460533665,0.006796233312274528,0.0008948428904346044,-4.6017294824351324e-05,0.02168721480014306,0.012416495702960904,-0.004392780177219108,0.0007128172160759116,-0.000557529120406311,-0.005414485340214811,0.02600343677032385,0.0002565317855529464,-0.2988116947374444,0.0003355695231843361,0.004807163643728154,0.0014272895981891956,8.080682581376036e-05,1.0979066536888349e-05,-0.12696176581854607,0.008805983187597184,-0.19700378527526052,0.00015495105779606238,0.003898109923944914,-0.06358825700153427,0.0006313261913885179,-0.012488060593506134,-0.0006951963017771123,0.00039903869676838344,0.0001103836495814775,0.0051092460866836165,0.004143355487071974,0.00015999873510522122,-0.07591952692680204,0.0005470749858608147,-0.007544092661264747,-0.004852001829996323,-0.018314987450461777,-0.004442742171523437,0.00846061236208719,0.09182408744873763,-0.025476147686527773,0.5153384673847984,0.07907782994123824,0.0010906593970802791,-0.01139645426716532,-0.004555233832867741,0.0046860075618527786,0.0010197545710076052,0.05780741342353732,0.05870696783136895,0.00615362225237206,0.016756340785504233,-0.004730388032605571,-0.006288064551496806,-0.005406330058409491
66,0.23424795103370685,0.00016878673252192916,-0.004162553136633832,0.0004226373735586181,-4.53078214707886e-06,-0.058001957843482166,0.0003001767781262016,0.06257669353872489,-0.0011145712564653368,0.00996224893270683,0.04491566923922145,-0.20882476058960012,-0.019451341034786775,0.019072595291488137,-0.0013343609760093356,0.00603382317368327,-0.0001259452760187206,0.0006634959729087007,-0.0007358524561044896,-0.0010798679942753686,-0.00032903375023603243,-0.03782064480836004,8.125654014012103e-05,-0.0005297991058418328,-0.10332432100856162,-0.004899498095704044,-0.0031163285359617956,-0.037786445659448,0.008114867552814924,-0.0005097114858783891,0.10219506895237966,-0.03166876351617344,-0.04267658926312408,-0.0012661032300156645,-0.047199724364293795,0.019026408325335906,-0.14178828367367527,0.008357226310219557,0.009123681534300196,0.0024216518740952124,0.0002046928859938662,-0.021932772828494294,0.00546410791752269,-0.0014545660494640735,-0.016785211340481106,0.037790090968763075,0.008133113181638982,0.00010590067067880928,-0.015840102585011444,0.05153214887599257,0.07927187678580407,-0.07808121764682009,-0.0005103205451343698,0.0013313450617358363,0.0022304033464058508,-0.015113823717970013,0.0006363880736221308,0.04250368064300816,0.012131751832867875,0.006530797033862616,0.09013753084493561,-0.003249835124155538,-0.003331980026293868,0.059458771664164425,-0.005148454208783659,-0.0011749408226995042,-0.002590985450389508,0.0032193985881205714,0.012392635855333452,-0.001259506488369538,-0.009635404832559433,-0.0002016063999796371,-0.0044165866010013426,0.00011253331282878865,0.013309085939004636,0.0018423693743901057,-0.0001382396333046293,0.002842261002778358,-0.0002695401568521827,0.007753298029174932,0.009842273879699874,0.0003823563579806498,-0.00016638090406430675,-0.00015712530953201605,-0.0024184450915418175,0.0034749495872335363,-0.09430339155863972,-0.007834043786148034,-0.0015644835469522875,-0.0026269226564962626,0.0018476929745827216,0.008134914888567487,-0.006917209250821586,-0.003853533000881878,0.8879726660481255,-0.0008709152273348542,0.10726469485952617,-0.016914840766216188,0.0015788551608233578,-0.0034809450991019606
67,-0.11036786373113282,-0.0009058242514027219,-0.002425220464966109,0.0007242998871085653,-0.004244048509040264,0.055172288433606366,0.0003518170350139682,-0.01949665756909041,0.0008114596701408912,0.01137879896377053,0.18984975792336373,-0.009611152233526144,-0.48243766967484303,4.047239554702542e-05,0.004196376925857857,0.024818962390720522,-0.00012816514905687575,-0.0002757491094845278,0.0001336623894103231,-0.0032492085129682408,-0.0004673656351990574,-0.22849540932583925,-0.0006289946980373691,-2.5862869102027952e-05,0.030337440203131415,-0.01876700409496655,0.02961232849230984,-0.09533360951778523,-0.011064637317950515,-0.004836845765772467,0.02783083283694015,0.005861250011073174,-0.0019542505874576357,-0.0008323413242665272,-0.010540614805571093,-0.005657064269478561,0.03577871072637709,-0.0017442521501207855,-0.020268508479213725,-0.016002360591799755,0.00010189551427908228,-0.12882236286189624,0.04516895172664352,-0.0005485183489524308,-0.0005817801421949664,-0.03992806520716779,-0.008115691827760788,9.18770302974041e-05,0.002560979427372767,-0.013039022259774961,-0.011850677257186274,-0.0038738638163910936,0.0004700394705851596,0.0007524851912587907,-0.00125631047922738,-0.034200580389112306,0.00010494302380069376,-0.17062139344215763,0.008704249583498464,0.007257050024900388,0.03580774850335955,0.00028663362805424284,0.0010552821840571491,0.5877207679456191,-0.039362526411346556,0.21511022961473378,-0.0003695496216332868,-0.0007863446745593238,0.026493087931776342,-0.0004921306925428619,-0.009923602738874191,0.0007979304754063554,-0.0008823385885518807,0.00017003335624702492,-0.010088526968701786,-0.0024379588182261436,-9.937316824731868e-05,0.057762745627455016,0.0011067582887497873,-0.004981833360079482,-0.002678094550587631,-0.013292368464909436,5.656973953802741e-06,-0.005148925574744223,-0.09979773304357478,0.012084645197519802,0.42950129124543757,-0.013111087729185266,0.014450495594271178,0.006533811268543554,-0.0033528020979235306,-0.0007414874728730594,-0.03487209209146757,0.03760956375286175,0.01433713643954002,-0.007799245472672661,-0.013293142162142689,0.0023818753747909377,-0.004481807123184221,0.007497390764117354
68,0.8250852983167399,-0.001602131870496279,0.0034787705365018073,-0.004779682447965285,0.0011857471924040137,0.0031196526006390807,-0.00012613196489208445,0.044602884933893736,-0.0009490252077029304,0.06653193068230719,0.06608721340593833,0.061467150137666744,-0.14152969481503594,-0.0012926697887656324,-0.0008414655406127139,-0.008719174309607836,0.000377559433376036,0.0002558416372169768,0.00014399855711445808,0.0010456979097362325,-7.761440583182316e-05,-0.06911768418939643,0.0014260423296494863,-0.00033616753907858565,-0.12131806973984016,-0.00810778077662434,-0.009979414824072629,-0.1214941301770838,0.020609755422506315,0.002628426300322298,-0.10373550077412894,-0.02923313320759397,0.01618918182546899,0.0007089488207636194,0.027502638984803703,0.059221582066931316,-0.20616303634226707,0.0016410229848872748,0.07674177090442703,0.0002021334144230412,8.220799405758705e-05,0.0846509658034644,0.00862007133140084,-0.001993363734679271,0.01475843995523864,-0.03694432810904029,0.0659670539618506,0.0007218092905837189,0.003115423062604124,0.10480845749768784,0.1288369032079186,0.0006928899946121139,0.0002893523998914044,-0.0003604129171996505,-0.0009657526578614427,-0.0120605315825645,0.00015513631675629497,0.016382309707615016,-0.003869056317188497,0.008384248234041054,-0.05006811051782585,0.004559460703559361,0.0002896485666093705,0.12015742854824316,-0.004814852250515471,-0.09127466846420909,0.0007925366694603842,0.018555369694535653,0.007986701235361278,0.00014325038159752196,0.0010712765578594716,-0.004363814711348847,0.0013488110688069646,0.00020189851217599503,0.03640116767778383,0.014668012636833191,-0.00047601358202309374,-0.004174095996001572,-0.0002932873556781082,-0.001143198429424272,-0.0027036096281126683,0.002850854920806419,0.0007799752108391851,-0.000668928256186592,0.13330368620326277,0.0035519820876661378,-0.037470507310102624,0.002790743884697398,0.012418155791342037,-0.0015231077391776142,-0.0002549314206392421,0.02674228686975776,-0.029077859474876913,0.0007929485430741039,-0.2927214422692397,0.0031354773800262303,0.09760873519789642,-0.018867220311179107,0.0005002184875904361,0.005414496878424806
69,0.09300307917791664,-0.0010152119348820939,-0.000251439929796701,0.00032807553793205886,-0.003378826150695949,0.02129531624568734,0.0014766396011705839,-0.004936636854376911,0.0004916733843736976,0.02402959926310587,-0.3157005690333973,-0.0045236361227679175,-0.015648923882660155,-0.0005518019333628259,-0.000923998426391444,0.10620678974240483,1.0542605863921202e-05,-0.0007592181718018322,-1.9489079006826393e-05,-0.011642528140947968,-0.00047443279305367514,0.042537584792335464,0.00010559693850238118,0.0005943601944399246,-0.019145294461430887,-0.0009480217137554032,-0.007826621666043624,-0.04688624175283291,-0.017049850766089048,-0.006219369124659112,-0.023063768099278133,0.002704765310495791,0.007917433024194051,0.0015660168180445305,0.012915685806470043,0.007861385795681672,-0.02296083507257074,-2.2553524745699827e-06,-0.3988952820727471,0.013452201663749368,-0.00015270419734182868,0.008441673488370311,0.002008719546753681,-0.002492452451429046,0.0008908378117426438,0.05522764258678202,-0.004116682547608665,0.00035668767794536094,0.0006336636588731863,0.00994019211418899,0.0091089213006461,0.0031474090481939804,0.0012898770728912018,4.480973801967818e-05,0.0022453435236939427,0.059644926910418554,-0.0003822848290980993,0.06524259230995419,-0.0015558563113326196,-6.906036365345817e-05,-0.02689072514291058,0.002330354009619423,9.536108282864756e-06,0.004858145630826956,0.014580712393383717,0.7953742919007925,-0.0004028417900095362,0.007694324407311066,-0.023491439645619554,0.00355621748902945,-0.009540299914618477,0.0005773660522187807,-0.00040659707193139993,-9.252572340139043e-05,0.011419659716523797,0.0022501208294818447,0.00017638954248534733,0.10714528244623509,0.0010983795367854113,0.0004331036174340386,-0.002124165823864373,-0.0008664295556750704,-0.002129836428120646,-0.003260667649903664,0.07842590541269855,-0.012753811213845025,-0.21873825275598205,0.0029469456092173266,0.004892313400477348,0.015771324675929593,0.0032365069281392726,-0.001512462920684396,0.01864852960698079,-0.006386179920109242,-0.03378392797871739,0.014218300554762121,0.012458460570477978,-0.0021343364839627845,-0.0060335497468357,0.004564220954845427
70,-0.23683086146080307,0.0023741180344566126,-0.0005289173328794621,0.0007261433982411105,0.0034214954004494684,0.10299957246627392,-0.0004609034402119454,-0.023049517414846996,5.9864726386922584e-05,0.15067834949124184,-0.07893555810804478,-0.009179657716442458,-0.40001422658149943,0.001886877066984944,-0.004718279193443017,0.007549499045239105,-0.0002606657623947378,-0.0001150576912866113,0.00032176723179831723,0.002129681430730293,-0.0001528647407899042,-0.049304726241263724,-0.0028387059216331565,-0.00014128850615360844,0.0047905317239769,-0.014692296543979463,-0.018022463644852566,-0.20845034678179147,-0.003538372733216291,0.0009597632406406487,0.028505596291936462,0.02224297991799971,0.0004259959097174214,-4.3477054405061284e-05,-0.04190376866518887,0.00754881348487868,0.07084246549003784,-0.004965434054502921,0.05369888036077127,0.016868036767789706,6.679438040010921e-05,0.48323128545614497,-0.012299962866328956,-0.00018528466662031014,-0.005119055792698363,0.05020209783289618,-0.014567705559167272,0.0004977005505625298,0.0008782541781293856,-0.0381936896522656,-0.044781277990186816,0.013854982056962426,0.0005218145304984462,-0.0007519281550112944,0.0013716198598536567,-0.01303086517031851,-0.00021793279337155302,0.08186119957932528,0.01676335563427598,0.010093697428438925,0.07694480079719838,-0.001671076268684655,-0.0007567844528200349,0.07313833603198264,0.06281066747041635,-0.14300691165173005,-0.0007289936329220731,0.030305273107205218,-0.016875002908488906,-0.0005414074883318964,-0.0037317589437167687,0.00066625269870281,-0.000322493306197269,-0.00035925071688372445,-0.023602116271302338,-0.004187647394214289,0.00011257137498652155,-0.023668347797084415,-4.897646977383707e-05,0.0036217179718312856,-0.0032509141376783814,0.004447677561918878,-0.0005718668066909335,0.002633011079336379,0.5557250641486615,-0.0037279093376647986,-0.29193316243747286,0.02401979815744163,0.05378408257502286,-0.005046968825701575,0.0008591451956655094,0.0015425185620693734,-0.02456761156017464,-0.018784474993581997,0.031922495703690074,0.01564310995108665,-0.023707389263013797,0.006431400145499476,0.004253794062904196,0.004036668376911358
71,0.011951815031275332,-0.002521250443405705,0.0008670626258008307,-0.012618962316004796,-1.1786282375427469e-05,-0.013547506451950833,0.0008398992993424638,0.0588427880844293,3.6455761417437905e-05,-0.0100932440944093,-0.006961363011033088,0.024703094836784064,0.04699366701961324,0.041838831242646354,-8.585350945084381e-05,0.0028626399557231336,-2.110934701368423e-05,0.00382498880223397,-0.0034451625351992945,0.0005824174719513625,-0.00016315651215885636,0.007878457426430802,-0.022329346781154624,0.0004697222332024596,-0.030924079220856746,0.0023739206195884585,-0.0015381038840399214,0.018599617258887067,0.004098899426365246,0.00230552885134404,-0.011388006960178401,-0.002241038054983521,0.011612696086502627,0.0022560055937272333,-0.35383358149015337,-0.0013221740670587082,-0.0009720861772154045,0.0017093490539598303,-0.027565861212692923,-0.0013073337580587169,-5.2640786559069244e-05,-0.05280879177000454,0.0021243016069638176,-0.00042848773479313234,0.0016968107937229346,0.004555494290464406,0.16575785005639787,0.0035256676368315854,-0.0038727705693271802,0.08794598322009436,0.006623238566144652,0.02530113560532448,1.629793565418626e-05,0.0005893144819972065,0.000246830456546971,0.006394146013456839,-5.522565419202943e-05,0.010312704813222039,0.18867449509266332,0.00038388074948783065,0.8733264452633451,-0.0035238146983759874,-0.004474187841981211,-0.022529072516178042,-0.0041665381069831125,0.016159389017374425,-0.00011663382899580136,-0.002650099867461619,0.0036067321502447586,-0.006023641217457002,0.003670210994655025,-0.011591328807559607,-0.0016971970536967633,-0.0002995615796455471,0.003933117594559403,0.0013275328619890073,-2.6765811810328805e-05,0.0031553192628991787,0.00031446331178487663,-5.2633485556112525e-05,-0.029773984813441758,0.0006286532150922147,-0.0036483606650865082,0.0017451924088933146,-0.022814128150052838,0.0020677641083805998,0.006120755794623936,-0.0013347193456225187,-0.0046847358923459625,0.00012093920276210552,0.001225382857786006,0.09457919319083974,0.004019787020430845,-0.00608404689806917,-0.119111338607886,0.0010128709177690696,0.007875525019943723,-0.013353408838896942,0.000882938928184313,0.0009686362138854572
72,-0.15777114130208575,-0.0005407570002302908,-0.002864117667563686,-0.0012889387340621478,0.000964242699083278,0.0011730647766571155,0.00026584116096241284,0.5432250084700609,-0.004373378783368419,-0.0026235286511111407,-0.009250863777710065,0.0019995882125183467,-0.018846218109994498,-0.0035674693693106205,-0.00014152387503028885,-0.0012094316304245185,-0.00027029927629534955,0.000984701997106022,0.0002942321100990776,-0.0013156829339477302,-0.0007544093358659784,-0.007871278229444192,0.0015679192947400762,-0.0006318271952549803,0.01716120406654996,-0.0017993628933008878,0.00021607797235695652,0.007157527361929067,-0.001230748446220474,0.0006056970673013957,-0.050898350290331025,0.00796477018946376,0.0006368128809078871,0.0004045423884719611,0.04020032982262951,-0.0096985786959847,0.03352829413974513,-0.00017052314493284232,0.022570573048063557,-0.0019792341410491705,2.7024934608876894e-05,0.014921415387888893,0.0012752899607058124,-0.007055869176670079,0.0018562916721123549,-3.507222918095788e-05,0.01859447535253984,-0.0006794231351154919,-0.013101050098353198,0.8007620897668574,0.002499691169603205,-0.0024875686349776337,-0.0010052600445131614,-1.8210699929965823e-05,-0.001236361288953363,-0.0035436852141345473,0.0004910491927975977,0.008933721069015145,-0.022565116002568133,0.020115855315309468,-0.09947199612580745,0.0012325626645359813,0.0008775874154739946,0.011342611569896242,0.0019463216153685521,0.010508799823280245,-0.0043427225571417115,-0.0006648216903140797,-0.0033444747536972392,-0.0002556580799279217,-0.010202845970866065,-0.00046767544409969004,-0.00935683717440971,-0.0011055300740532986,-0.006450854159846836,0.00045908055450176455,0.00011045377473045681,-0.002150550933154071,0.0002692216031667527,0.0011661053491174161,0.003397700767846047,-0.0007717681537735728,0.0001330355331240242,-0.00012948282687355248,-0.0035558151742297265,-6.706966966509275e-05,-0.011694987993554158,-0.004565733059005156,0.001309241483263314,-0.0008159000087991918,-0.0005771650364255199,-0.01151568513146835,0.00237045324948313,-0.0067380965442189085,-0.026697018325931778,0.00028242923149471213,0.03890656773269573,-0.130558040926929,0.0005389220657195729,-0.002608485586136274
73,-0.07195228665229467,-0.0001774746835428026,-0.0004869759004128985,-0.07025576941450667,0.00017831849880790493,0.008173581063053567,-9.468893983620875e-05,-0.008302167521443787,7.653934503019585e-05,-0.007412370145880596,-0.0016790972787022688,-0.004951850738432857,-0.009335353386406623,0.013891233727190918,-4.7537123390159475e-05,0.010353859876624079,4.270972664952499e-05,0.01635210919296682,0.0002634721028005743,-0.00023888001711482726,7.071919713128386e-05,0.00029922642997310886,0.0038165717745094713,-0.0002025100208732178,0.007118845704767536,-0.00037803634030800085,0.0015032187171546043,0.0016772578124640333,-0.005349299119045742,-0.0007520061891265949,-0.0028493253119306174,0.01893615856757843,-0.0026083178943318887,-6.0400183987334324e-05,0.060657735143290585,-0.005623204350521209,0.002957452144032105,-0.0010832512317204626,-0.0018276788511121308,0.0003726939634020529,-6.880982829506055e-05,0.01701242428975131,0.0007912501598747129,3.5401764081196435e-05,-0.0012895586876374068,-0.004605745056980486,0.9685648768234085,0.00719115473372476,0.0014342225932534236,-0.051429246489256314,-0.007187327844820297,-0.054891084713134926,-0.00016241976435719962,-6.674534695891299e-05,0.00026421126532491686,0.00011527198384094514,0.00025311912679897193,-0.0006364338273507177,-0.015471608335547579,-0.0004072086409656737,-0.15574542360673416,0.0006357270639238792,0.0007452203419881075,0.003365042915622396,0.0015125411795310433,0.005962099887871485,-0.00010743304949627696,-0.0012223351082146245,-0.0026491842244647777,0.002051534660054241,-0.0020765217282503992,-0.053852656803409185,0.0005395144156953253,5.83824212541462e-05,0.0028957364332607965,-0.000821114073059407,-6.838339816548494e-06,-0.0009788228298246789,-0.00011585572640108316,-0.00021136675683424908,0.0014863184165979074,-1.297406842300057e-05,0.00032326067807858603,-0.00020393394322553056,-0.006511247315623744,-0.0017830058282819316,-0.005152431028313649,-0.0003070637168783205,-0.00042054355652669517,0.0004230017083333746,-0.0002109349769369587,0.10991315074171251,0.0025827555477009,0.0033409617282970675,0.029765881511361045,0.0003866533147044107,-0.0046103187612043725,0.008140105950185703,0.00030920129938061345,-0.00011549886017441424
74,-0.020178893266250126,-0.0030035695682823545,0.0025554896917623308,-0.00033869782376345307,-0.0018614329454374667,-0.05483900170163459,0.000354192029490958,-0.008710203961306614,-1.072021502838608e-05,0.05011710280602264,0.6324505960278272,0.0037315958951698873,0.13077176735545787,7.203571449770907e-05,0.002014626383433636,-0.014589972553452797,-3.365407724630629e-05,-0.0001369472173877312,0.00015427112412923216,0.0015643487818028413,0.00012630301091504093,-0.13691394296560927,0.0026365135555583364,-0.0005261132978551519,-0.006494032295634167,0.008655606798467382,-0.009238001032929476,-0.03838892704804239,0.00575388888820242,-0.0012122344943341565,0.004390531778600937,0.0055608068710226236,0.000701744626938082,-0.007995780244026371,0.005165099985908517,0.005783542916592804,0.006939795309317182,-0.00019941348998048225,-0.6508900920321334,-0.0002452389964113749,-0.00011163010285482593,0.0010155528384065298,0.07452577251641888,-0.0010470289937084439,-0.0017884556208141167,0.0354824688214957,0.003081107396935395,0.0002598167652678972,-0.0014272612486760285,0.03169904479165137,-0.008748064853323578,0.00707075814576484,-0.0006344966912043282,-5.186194730583474e-05,-0.0014450892065487725,0.04366028204042805,0.0001277643520772448,-0.010252870177057146,-0.005281207257618645,-0.008086469379830517,-0.020402242928800794,0.0009464593950071249,0.002036777881706666,-0.15490132754217645,0.018973817447723966,-0.08618597071137993,-0.0010675357310971929,0.010965545875107705,0.13885625024949066,-0.001165051554404272,0.008094504443917886,-0.00017576311431807823,-0.00038097813377971877,0.0007679726328235492,-0.005285722577302671,0.00012895630965453764,-0.0004761219552321394,0.07515006813331593,-0.0005529896006031404,-0.0017392800266426006,-0.0029546847167349465,-0.003273138248233304,-0.0012290681194064637,-0.005046151272653234,0.24051853023001585,0.04134855075395227,0.04608918671900765,-0.04890402626084554,0.013821195691281464,0.01761584626564261,-0.0003757015760534107,-0.0008936763981433962,-0.0031380693670652673,-0.000782752038772469,-0.012861968868115501,0.005393455379112616,0.001606198723284491,-0.004995643321925229,0.004417743867503399,0.0030267801590273744
75,-0.005564282162939989,-0.004179280168594336,-0.0035806449057082623,0.0015640189620646412,0.000494721506221712,-0.011987323388144903,0.00030156017217567517,0.8250352857049175,0.00026682344086189085,0.008305081323108454,0.013060772799913077,0.0052863431899830855,0.0004744130573118557,0.0022632283435786377,0.0002056390271468183,-0.0010866657928617278,-0.0006096260694216167,-0.0005832558606753127,0.00015437840916746742,0.0006703993083306652,-0.00041301090132946777,-0.0249720749276232,9.873850464347947e-05,-0.0006127670356189385,-0.01820449616535519,-0.0029762350297611257,0.0017827156829083243,-0.0009925952115631131,0.00042006922326424945,0.0017704457807189487,-0.02441506255043964,0.009585173867615596,0.0011485621472715948,-0.0013524243659561947,0.0010091059437912497,0.0005068412072992134,-0.014168739337513253,0.0011754462527912152,-0.012874924197298788,-0.001560221182325839,0.00033280016725034667,-0.008776845228719679,0.004399739917685681,-0.0034441686155332885,0.0009780900899056116,8.410349761674932e-05,-0.021045316001961925,-0.0007597656010424371,0.001676604281764936,-0.5519876481886742,0.04607717342502579,0.0031756546800575172,-0.0018490287908137087,-0.00024375093376133306,0.00036915854366190853,0.003786820537088573,0.0006024044521933461,0.0002603875981707211,0.0005589649728884429,0.04025993755560264,-0.0011747035078601906,0.0003988642661856001,-0.0007422565860037006,-0.0009290772911261999,-0.000991710201839708,0.008394799403264371,-0.002497614643277031,0.0031805512961665706,-0.0013608314513826334,-0.0015902868109342362,0.0031362524062965537,0.001326288657938204,-0.008159316963795595,-0.0007540351685224184,0.0030729858113699438,0.0008236861903312964,9.698934845969731e-05,0.001760463580554001,-1.730709135833175e-05,0.0006750789668578949,-0.0015884286912542624,-0.0007362965515458203,-0.0001110690702674031,0.00025871249637379745,0.014673018312078802,-0.0006176962031889492,0.00434468207815738,-0.008163595611291926,0.0018953141243808966,6.810182895011243e-05,-0.0017499935377143366,-0.00241488050609626,-0.0024502606147200276,-0.004172655084628721,-0.032182003281391744,0.0005799234876158726,0.02445468115749108,0.07491989963642508,0.0002450471869041154,-0.0023329050965870367
76,0.03654433312623728,-0.0005545544253759832,-0.004959413449578702,0.0010089165374409358,-0.0006381760980700424,0.25367739860540034,0.0008463942575649159,0.022083822358746848,-0.0004424936342596799,-0.13809567691862437,0.11358927512751711,0.001337023571898072,-0.23413395365986936,0.0005286133827795796,-0.0016517884641913255,0.00358128733454266,4.603780267736085e-05,9.281866174793135e-05,0.00031728790580426436,0.0024808405749070506,0.0003368126586439507,0.6037641005515265,-0.0011826860140003457,0.00017419026178155245,0.01014981260453162,-0.01607153167648987,0.0009784794162666518,0.06014964222319885,0.0012893916574286887,0.00212064843570111,-0.010326109659440651,0.006309968989407282,0.0017906423284917376,-0.0005433494703361305,-0.00840472977332742,-0.014963426763817041,-0.01083366552416059,6.587070935137884e-05,-0.2960240290905117,0.012191170065955156,-0.00025980264282784993,0.28545818669036055,-0.011639726226088495,0.0007136554083611267,-0.00180470461118111,0.018489554774738178,-0.01061867245678663,-0.0005740222254726622,-0.0021404651866015235,-0.00967521902755458,0.016151703085318478,-0.0013471051322469186,-0.0003160326125053736,-0.00028022348005900255,6.209383986092998e-05,0.026443157024441975,0.0003177646417391669,0.021659462079089774,0.004802294131189445,0.010744715548122596,0.009198135497807423,-0.0017190488871446329,-0.0013079385858444335,0.18601697392062863,0.014666123582892567,-0.15779524124340397,-0.00015876928625605663,-0.026852490251727777,0.03405400459743578,8.645402707839304e-05,-0.020969632385459007,0.00020888258754607307,-0.00040722781694157995,0.00026398550778493346,0.007402280906770543,0.0005741160141542051,-5.5014607385522885e-05,-0.020000538514960284,0.00010615479038761366,0.0013654692956625233,0.002529900184141061,8.573381890852536e-05,-0.0006382195196499504,0.0010459131040798375,-0.4502827429233904,0.010344350751841433,-0.188420602936319,-0.049837876761361935,-0.04219216838654885,0.004380608738974135,0.0007102630179480658,0.0017503787947261307,0.0315428927918407,-0.006537279447457172,-0.0036963190323687075,0.0016903580578830069,0.007048249607596209,0.001319771067417111,-0.0004247141402030103,-0.005021112924456905
77,-0.01887053025510294,-0.0014156701895326543,-0.00024446411350084567,-0.001037999101389346,-6.992356046823384e-05,-0.38779095186544627,0.0004596898765384192,0.00596670770144795,-0.00035001023226900654,0.1594991816314509,-0.039844150596507165,-0.0016137024837347726,-0.13954718107597133,-0.005844691436752116,0.0025000391086630776,-0.003504567036203162,0.0002595695376028549,0.0004281103758975559,2.7354889126585125e-05,-0.0005762739959399299,0.0005808469691575731,0.6549132394727649,0.0019229174631029207,2.182369644254667e-05,-0.011875728682044506,0.004668725353934896,-0.004072635801078696,-0.15136390884017137,0.0014232062420949793,-0.00021240655121487068,-0.005943691065879934,-0.01528751864123797,0.0009273225084654082,-0.0009019591884485922,0.007757270223195839,0.024517141583818174,0.007976453786148086,0.003931974998173424,-0.004468025213436006,-0.006916196290679345,-0.00011899326642737795,-0.43078566682647795,-0.015122849181746396,0.0014422824695318852,0.0003578000634336109,-0.004150365647827541,0.01314863011351386,0.00013825005497994543,-0.0031982512792064835,0.006480202830677012,0.006688882918055569,0.0018382289668425768,-0.0007252405518128717,0.00022698447909423602,-2.2819819780792172e-05,0.02108212719518447,-0.00019327805700184212,-0.0311265748738174,-0.02623247044401674,-0.00934939848263789,-0.00782119627820482,-0.00014799115645538694,-0.0025547118609713787,0.032271099077374965,0.07060825010061007,-0.0443493332494914,0.00017730762920638472,0.036398020090504205,0.011659874269076173,0.001175457229436688,0.009567280738570274,-0.00020671002266931492,0.000566500868744586,0.00021521213383313142,-0.01098548244932665,0.0006312785031628507,-0.00016608418300713412,-0.02234035792932118,-9.345297742432979e-05,9.923796650577327e-05,-0.0005704653772655374,-0.0024891655405403883,0.001116953093807332,-0.001067888610338125,0.3482128594123718,0.0021821601374309,0.14784085531175453,-0.045114473118671956,0.06710760782115532,0.0008897330468829734,0.0014199952577626587,-0.01628095215553437,0.03158054750024638,0.004989235611875253,0.0035604694887136053,0.005323542778846973,0.006220939501226722,-0.0006293912893288994,0.0008446232433530036,-0.004887439841033842
78,-0.009905132378610713,-0.00043123464291401625,0.00027180951341356126,0.004003482898183369,0.00048213705962178374,-0.11837756975257185,-0.0003428902736786286,-0.000934813674863315,-0.00023773113486323487,-0.011409522485934574,-0.001767434129791401,-0.0015543166779952901,-0.002382307572022997,-0.0005701583864759514,0.0006878809628298489,0.008500519779103514,0.0002509283884406981,-0.004306845945699688,0.000323800954205619,0.00045013513354892273,2.2601222970096077e-05,0.013114329897636728,-0.01990931042477999,-0.00020755095131073237,-0.0005020813449422984,-0.0011259387412523106,0.0037604622793237924,0.0014968266257937087,-0.002566248727407147,0.002031812350448009,-0.0014630712287673773,0.006022452150328675,0.00045096131420350143,-0.0018015136864199897,-0.0050513467280479014,-0.0018785535081328724,-0.0011259741151288978,4.7122762304025595e-05,0.001551042771068433,-0.0013616250582679271,-1.1580408979167123e-05,0.05712725449530535,-0.004524443443161537,-0.0004639689213725266,0.0003430348439224136,-0.0006764700677508656,-0.043554995889599844,7.165227887965587e-05,0.000643192420816111,0.0018697193413910007,0.0036880928136950944,0.0004872441615375665,-6.0031918602623975e-05,-0.0001607843873827966,0.000696392788143204,-0.00018934146652637796,0.0001322151542607862,-0.004457824198294323,0.9432314024701304,0.0013049655985468674,-0.2185657292279781,0.002082948856235955,0.0011344345452322818,8.810634569739878e-05,-0.00011922162799414939,0.005437337102818904,-0.0005658470004099123,-0.0022188475335612546,0.011560652601222167,-0.001446858332060254,0.0030722479274544745,-0.002394025567655377,0.00029496705685715054,-5.820164107213539e-05,0.004181673505954574,-0.000247412226378781,6.721202903237078e-06,0.004154587270129505,-3.496894911357573e-05,-0.00015004016169569302,-0.00974395058820155,-0.00038943588246464654,4.942608915774454e-05,-0.0022131139751851306,-0.013279347302463164,0.003625610180139449,0.024706659843815253,-0.0007888880562743215,-0.00515394377834557,0.0023579436360571084,-0.0007273547178381829,0.202654652817463,0.001028135118798524,0.0006951617702059534,0.0068021025696912395,0.0029963726888476627,0.0009303432683670232,-0.00016672807741686512,-2.3180649210585713e-05,-0.00010785216857259043
79,0.0010588787919108354,-0.001424659315791022,-0.0017360193512842314,0.00012892396568139376,-0.000615683819168257,0.7600819148257655,-0.00019677912532140777,0.007648640401294911,0.0002854495744289635,0.059106840489258176,0.03498983098180563,-0.0001953624162110253,0.008327466022242781,-0.0031058679611726857,-0.0030555847529708437,-0.033463914948672985,-0.00021768492958784973,-0.0003322173815573084,0.00019647314282801587,0.00030061508693429717,0.00013754326901081054,0.017441693737728168,-0.0022676775442213876,4.8146034484664035e-05,0.001108121128316944,0.010297674091699774,-0.02096256033578629,-0.04973423224561152,0.0053622973971535065,0.0025103089877200457,0.0008440981757241312,-0.057166914372254185,1.544004657279491e-05,0.007752891222425455,0.001931233457284567,0.007071263242988665,0.00860702088530429,0.0042545788685378755,-0.01298633058149248,0.00937902677662792,-8.844266460061867e-05,-0.5248140846579831,-0.002484320875825441,0.0014017290113679023,0.00029195773259965696,-0.0040461791921090635,-0.00035999446286766757,-8.07842342617287e-05,-0.0010236988138755433,0.004362696123725227,0.008080217362838232,0.000380378238916082,7.692478454630891e-05,-0.00034465843212960756,-0.0023578594374218595,0.009282154082326643,-6.354317002918441e-05,0.018892493668215472,0.12779343496241036,-0.014564582846137526,-0.036731659839553704,0.0008209646744663408,-0.0007371671883203285,0.0011638752539754275,0.0189390558575216,-0.07328916553786852,0.00018232624695750698,0.011659207738006385,-0.21722124310190613,-0.0011762574448755721,-0.01734872038140437,0.0002994980783490478,0.0004367115620137179,0.0003923101546904305,-0.008790526271130458,0.0007570730678301829,-2.7420507658110216e-05,-0.03760959519599,-0.0001601750699192772,0.002683249746097391,-0.001955104821288027,0.0003121950300668617,-0.0002492459180646542,0.003921104272772965,0.17988280223286057,-0.05216339641296942,-0.15413720191521488,0.0018417674740065062,0.028868640318614604,-0.003552176507147625,0.0011912186647542906,0.011894071448051085,-0.0008910399899292841,-0.006052786362793012,0.020844241543756088,-0.0024191071446829525,-0.010140247045260946,0.00022897660105572308,0.004597555577890657,-0.000149111949116678
80,-0.004887805758170533,0.000752346727406596,-0.000543497357711714,-0.0005403001572361846,-0.0006475202706943337,0.18273688087361353,0.0011830229381011269,0.005740309489884642,-0.00030301575852963647,0.01006274769815279,-0.1799320555551879,0.006019996500629604,0.004070016045398663,-0.0034970533349622784,-0.0007396586810607172,-0.020082760467709737,-0.00012762658180799202,0.00018966764999577522,-0.0002816791104454999,0.0002249315265659942,-0.00012129638846790358,-0.00886123781485482,0.002799991202795698,0.0006233970154114477,0.0009257565343610968,0.0018307695447410375,-0.012930882350808907,-0.004909985891028331,0.0029045081262229254,-0.0021279413247140555,0.007915157572404158,-0.07318977279993287,0.002262143165849063,-0.03425679806077391,0.0005572543771568845,0.0014372553521953685,0.00951726193593802,0.0019242734875437074,0.0266111351861559,0.0024276453611956233,5.171136441450841e-05,-0.11121816164562486,-0.032769904078952014,0.0004209741419202197,-0.0005382569648434065,-0.022111500989789444,0.003941058671452675,0.0004563286809757053,0.00019173562787019893,-0.0026732411919234357,0.00512556607437812,-0.001823110140983635,0.0003607065845988022,7.400959472929347e-05,-0.00042100482960538005,-0.11167690252848364,2.1956907252453778e-05,0.0025131258130842,0.01836534381489465,-0.002320862957452739,-0.00988616947292616,0.0006699360275549838,0.0004061286151779425,0.0033185940755433786,-0.011801640187000447,-0.030042744007880363,0.00047772067336572695,0.002244545721406991,0.9223910534321392,0.00132302147094933,-0.0006998871500217531,-2.39487274581434e-05,-0.0003592745843391444,6.834734177445928e-05,-0.0033353030430291405,0.001145847346811002,0.00017845116202269348,0.007251341137433127,-0.0002965965270883969,-0.0003884192849463071,-0.002871383175780173,9.134864105450526e-05,3.542210007609608e-05,-0.014230537070808989,0.03833065109682587,0.2102177582476451,-0.027694400833499905,0.017370774956890184,0.005233816860680775,-0.0007408550493331932,-0.0005956524123489765,-0.005141609225476064,-0.003115245322580943,-0.001938326192964104,-8.330369081943102e-05,-0.0028483859560061954,0.006664446249484431,-0.0006319642237213939,0.00034279291876962914,-0.0005389968799960336
81,-0.016043633064395692,0.005743285040204958,-0.00014889216073810368,0.001977097467298558,0.0003494193134875468,0.04729976088552256,0.00027959380714783454,-0.018117234819396005,-2.7795084839569995e-05,0.03804640725882674,-0.013721358375700876,-0.03979555301598667,0.009554703413178914,0.006313022279973365,-0.00019186484748280955,0.1801811783338382,6.800891329945997e-05,-0.0012284032890197312,-0.00040752017644134914,-0.00046429060311045656,-0.00015317612128318628,-0.003721296722763057,0.0015865377673146518,-9.847539289610518e-05,-0.031099078907924495,-0.0006275997286706409,0.049716085582416955,-0.007884014366846664,-0.045649467702767586,0.0015354651909327954,-0.07939055610108085,0.9548583995803213,-0.0007182198749409244,-0.0032362196042327626,-0.0026881183831402,0.007811130218047857,-0.13157248894000367,-0.03176992221202578,0.006142024415058529,-0.0008530328136275357,-2.322761260727113e-06,-0.06561552878035035,0.0007079509852461783,-0.0038762622460781345,0.0020614348926923202,-0.0007833076642655627,-0.023026895340427733,-0.00023744858477262043,0.001649821683285705,0.00029840250453498814,0.0009392056136947463,-0.001459689654029836,0.00021191183775001385,-0.00035751276370140847,-0.0006839222640162186,-0.007408161929426337,-2.4640211946980184e-05,-0.0038631455721167087,-0.0047349546146244524,-0.001127507813467458,0.001142978270355574,-0.001296316885445365,0.0006266910837846784,0.002177721176817568,0.0008311535528694389,-0.0402393992244757,0.001017494909205361,0.011900519725373239,0.056449751201456774,0.000811933234452846,-0.003037043691310225,-6.125739506793876e-05,-0.0003799481237743707,0.00012711928094914088,0.030541128719184872,-0.01711128543001121,-0.00013045721415736594,-0.003386116364228516,0.0015841110969215186,-0.008992827486990308,-0.001371886230701987,0.002071080549099857,-0.000255456974811049,-0.001216288795208889,-0.0019688587039315246,0.013668326980388,-0.01372258853876401,0.0008451398398287295,0.01409972297294785,0.00013303292540678652,0.00048097537283902075,0.025028949880302617,0.020022113071486526,-0.0035396130437089285,0.0031236935209690026,0.020360987510582386,0.07698277321376527,-0.0008697367406836237,0.0008921656348880487,0.0001937669065691476
82,-0.1779363346959211,-0.00334264718503674,0.0013678759163113785,-0.00290075243916324,-0.0008723660397116084,0.007623887445915495,0.00044178505517325495,-0.07357078595621899,0.0004421508579162403,0.13705072763722936,0.00418927718662776,9.920033420022373e-05,0.00843028351758858,0.018232346906214225,-0.000632652194611838,-0.022042385812318682,0.00014247698406938403,0.005006672529485644,-0.0003918001016515755,-0.0002949236024891444,0.0003562145408787312,-0.015785567812838387,0.0004928192305986864,-0.0011690077433032936,-0.005239383647599488,0.0004846705511310388,-0.012028562285932036,0.017205594636057267,0.004740565294730575,0.0009240341542086639,-0.06342652748559724,-0.07491514965852672,0.005560039764005777,0.0013063656509345878,0.010151253722853353,0.037391215067359596,-0.004530875627055335,0.006270222794357641,-0.00053912547985691,-0.00026198978569475385,0.0006377792785755574,0.015725805104239016,-0.012068421061776082,-0.0002508276238763511,-0.0019499648396623832,0.0007829165326810675,0.022386436795304863,0.0007892754134370421,-0.0002277038417591512,-0.03914830920852722,0.2958080603527458,0.003553770382163846,0.0003509849420016836,-0.0003919063245257162,-0.0004194362232987428,0.0013158155463097766,0.0005996341263458296,0.0023143932997091825,0.05129199370035548,-0.0008939225629510886,0.0035029405041128447,-0.0006512152427707793,-0.000508593401877741,-0.010192260065190459,0.025880928749160696,0.005137897298059809,0.00029412858454394824,0.0392866611827898,-0.0142592321899525,0.00042172429999145404,0.0010671549570073348,0.005499264193516094,-0.006525776563371959,0.0011355973986284032,0.01423846497502436,0.004115871051770158,-0.0021624152157567055,-0.009267565627134919,0.0001174007038951437,0.0005866092198047283,-0.0002611659037661789,-0.00035555486696301516,-0.0008425845903188983,-0.0001313376562850693,-0.058428220484198184,-0.0031136499654161698,0.0022754357359243173,0.004162024463460848,0.06347451366536602,0.00013146920044100532,-0.00021632189448367312,-0.2347572980451481,0.005728387609771783,-0.003551814988928143,-0.07374881813956126,-0.000932527894873315,0.8759268686989227,-0.01745900332073491,0.00035427653470659903,0.00021113946945758993
83,-0.0718245175360823,-0.001767567519453228,0.0006414093157679213,0.012297184174230757,-0.000570456280586551,0.007490161836719432,-0.000256596545803886,-0.016970195879465508,0.00024530035487151103,0.05097815505112213,-0.0017881080918383703,-0.0017064541442761271,0.0033028198042320614,0.042274098109787675,-0.00035858770785363037,0.09544539622708224,3.4994530462920115e-06,-0.017626709390252362,-6.331882144210155e-06,-2.0917555234277463e-05,-2.2098861536171306e-05,-0.0012667606938814475,0.005284904697414906,-0.0004926529476576291,-0.012868879037619449,0.0005974770613278919,-0.0008472033391384525,0.000783551121962022,0.0007913817422048677,0.0006451599460528222,-0.023208378772459994,-0.07197386890010461,0.0008374334775931051,0.0005967855969313501,-0.026417826374870175,0.008134423881361187,0.0032761019184193753,0.0018264454874332208,-0.0002994357683505479,0.00035131646824933466,0.000297077017377757,-0.014878600986668393,0.003019832600641236,-0.000765753223922006,-0.0008837201645462839,0.0012901139152369607,-0.11914735818498352,-0.003390145908162164,-0.00031699509412642934,-0.00799366984955837,0.07723271956859232,-0.0208754083939572,-0.00015313510752175755,9.284829288182077e-05,0.0001390356660091914,0.0011159070284497232,0.0005374264758133736,0.0015743053880991047,-0.214830746811679,-0.0017114214895043332,-0.046935472246705696,0.0003078879764969074,5.343114938770495e-05,0.0002562016943181214,-3.163357505641187e-05,-0.0141411589791728,-0.001113305498660126,0.014294235778204274,0.000524387080527329,0.0007961404675772468,0.0007534044280209482,-0.02004647064313987,-0.0012622033711828413,0.00023557212838458755,0.011729507979376021,0.002431404858057512,-0.0005155774695141582,0.004498868185668707,4.854404421800011e-05,-0.00020091207557771523,0.006996593990669363,-0.00031696148206014044,0.0005020584435311358,0.0010271679074756281,-0.01637467957575188,-0.002195464738982109,-0.00491976039624714,-0.00014701793154471218,0.02512971953635764,-0.0003880233591003262,0.0003676184855997506,0.9277994862584417,0.014640751495847745,0.0008489563189165612,-0.017976989127266828,0.01000134149990492,0.20282806751795207,-0.003148768938258395,0.000252737916669403,0.0007313279114659517
84,0.0009321677654633384,-0.0004322009856170309,-0.0005424039202755594,-0.0010848068252450394,0.00028048418195898315,0.017719956654195602,-9.584048068673437e-05,0.009820379170043888,-0.0001931522834573517,0.7251602291492458,0.003644432442706075,-0.01512006725310511,0.048618561227424556,-0.008603034859508486,-0.00023235997176267544,0.4122567744424348,-0.00013958831517754005,0.0010496475597836872,-0.0004468079409728626,0.0008648562150190275,-1.5006579846266188e-05,-0.026888336703428054,-7.075987816358882e-05,0.0004135545882994196,0.007941706101972344,0.00017466203516443768,0.015481661525779735,0.0408159097071712,-0.006608060650397374,-9.904556222226774e-05,0.008458220865659075,-0.10239833565472359,-0.0002396846379600845,3.278025230162799e-05,0.00013583760226847617,0.13216542118213256,0.014367686291562876,-0.0018504405748643593,-0.011244564838246263,0.0005832045898432475,-0.00011174089841126111,0.040935901021674,0.02050076132857555,0.0001379347756657115,-0.004416327020072691,0.001791743335700393,0.009718635626480373,-7.464498498322217e-05,-0.001054632419840623,0.007696448710228839,-0.02397832781981943,0.0009111210940134212,-8.485749444814283e-06,0.00016753212087883274,-0.0008821579696934034,0.003608060902333542,0.0002713296554737593,0.0022836524828345143,0.020568810726993143,0.0026448117018676477,0.0046466865752566155,-0.0008281321869980929,-0.0003129331519938494,-0.01206517866807458,-0.06314449920733535,-0.06051299826795647,-1.8374233998174824e-05,0.1696501619079382,0.002688295929904971,-0.0004412191160536698,0.0018266343665261399,0.0014730960688323792,0.001107316778383577,-0.0005847242614507586,0.04466380258499185,0.000903572362686289,0.00047888144347651984,0.006058972012829081,-1.3055193944261356e-05,-0.00047245866592492136,0.00041682708448744204,0.0006399367806619385,-0.0002388761715657467,0.00017386430423751292,-0.2564037436095567,-0.0015478516058350222,-0.018323252323245925,-0.00470159639074226,0.3498560286549997,-0.0003763207998927591,-0.0008525990201496136,-0.06281266696122118,0.05563022103220672,0.0015916300417940996,0.004311666769435642,0.03866917877933479,-0.17601108279171415,0.0032707484069618015,0.00019067987482740412,-4.0494177394566344e-05
85,-0.0075335160595810255,-0.002705007466699898,-0.0009769753975897334,-0.0009407032185446982,0.000944794658211531,-0.021160973891886512,-0.0001106708764791256,-0.0005642187631036324,-0.00021736180172589672,-0.3633437296208622,0.00302768426663823,-0.025283036957825564,-0.009676051393285335,-0.004747441592805428,-0.0001842321889761831,0.8548845234926976,0.00017009829231086782,0.001431114088587343,-7.838906029741799e-05,0.001413026818457147,0.00011830218640046519,-0.02742718197318558,0.0014773701720438535,-0.00025017181094652563,-0.001968278183087563,0.0005389761672125774,0.040464008100587284,-0.05936661537678222,-0.01769443695524616,0.0014291332978507848,-0.01171490959394391,-0.16200503007325567,0.0020882586849390802,-0.0009844339040961472,0.008259892956239624,-0.06651045821723461,0.015146255872791559,-0.005508594637219366,0.009727483360782177,0.0009297788835731027,1.3440545454393438e-05,-0.06288639266034547,0.005849257508403004,0.0005287548187580815,-0.009428813790326562,0.001793820097167196,0.0029286061369159355,-0.00023046220859514188,-0.0009420254968239838,-0.003266884433959401,0.01373258090788751,8.727694679523505e-05,1.3775878157207266e-05,0.00015171374886470412,-8.902331359807863e-05,0.0029061480566580098,0.00012144998385564543,0.0008463277311543081,0.010781568320984692,-0.004020401584453027,0.0019450862878685887,0.0008839375070221617,4.184489193258256e-05,0.014348519015488916,0.04863840691594488,-0.11689071124432672,-3.3456189051407625e-05,-0.08147051309553098,0.0009102694988751864,-0.0001413872040230517,0.0027680532150218544,0.0024673367612651903,-0.0003345933039150021,4.995726474835149e-05,0.08349681953991378,0.0036678938165842223,-9.849372667114498e-05,0.005458227480892907,0.0003131720020864842,-0.001772147254508194,-0.0010964286076062461,-0.0014649969355891952,-0.0002970807879589116,0.0004532648598275027,0.10514992107567725,-0.0036654570374608344,-0.014610606759307315,-0.000416499238388747,-0.17687131862906907,-4.022228007241049e-05,-0.0002758326895879251,-0.08930739339099426,0.09142176801537043,0.0016137884686405332,-0.02295183172641571,0.03629847550977892,0.05743375711348932,-0.0009429578125228003,0.0023178680531822093,0.001117319754427859
86,-0.009788799320479633,-0.0012341659292460366,7.053963689599482e-05,5.816359157004812e-05,6.653193375754166e-05,-0.011663168433811552,0.0002722244308698187,-0.006128291448327636,-0.00032771066268981464,0.013135701134376426,-0.047608196073863365,0.0026782928157484723,-0.0613419573760146,0.01777601988949755,-0.0005234901303873777,-0.042822900740192744,-0.00011103469064875637,-0.00038056798862176177,5.234999381285334e-05,0.0008731588030293849,1.1979160705340164e-05,-0.09401355876076223,-0.0014747520741670841,0.000411830379346511,-0.005302595738848766,0.0021411315138068375,0.011117408630842823,-0.08978946905812747,3.723719846961994e-05,-0.0020208249844500953,-0.019545787107477834,0.004173996138611511,0.0002725780868150854,-0.0015804783244296372,0.0007451875130672228,0.007442538614069627,-0.007434839247429447,0.0020693924011233565,0.003113709972801297,-0.0010319713832517823,-0.00012592467803688328,-0.03527611800283026,0.18401634066379444,-9.70674685955731e-05,-0.0008489677783737257,0.0019665694478068953,-0.0015189115193349873,0.00027307720567457464,-0.0006189280812320488,0.003197240527680792,0.17321997580298734,6.0130024994543146e-05,4.76695972103083e-05,1.3263955468701457e-05,-0.00021317397578909437,0.003755797644768411,0.00025461903183676346,-0.0004958761424003501,-0.0004087507173013571,-0.001199385558646312,0.000935268374678454,-0.00041716799055732234,-0.0007840506232285266,-0.07063308269421531,0.9213596666350997,-0.03271159882700128,0.00012082656751599718,0.017822458338365064,0.00903306947383076,-0.0007681769117098745,0.0019030706531951449,0.0002916399288582852,-0.0003176008064063327,3.035796664885293e-07,-0.006486818942217205,-1.9720355200314454e-05,0.0002393445131328338,0.12768941041797643,-8.394541752533482e-05,-0.00021556802636082603,0.0004790121280386934,0.0005905630307618385,-0.0004922710522278326,-0.0016042796018298513,-0.14514303429593403,0.007619096407899536,0.006714459805742482,-0.025969414763979706,0.02146012081208343,-0.0005056441541894236,-0.0012087006802302463,0.0023494056568387077,0.06840449844424065,0.0002514988520214414,0.0008356696964260957,0.006817790032522522,-0.09932244931434694,0.0023487270493780443,0.0005986674841704524,0.0021352034080030402
87,-0.12625791704568082,0.006477787800640011,0.0011002991223342112,0.00023287527113462214,0.00023586065357064645,-0.006389171907875801,-1.2949383524668567e-05,-0.039621176118235985,-0.0002691028030824272,-0.04460720519753744,0.016665049772673003,0.006443937635849259,0.01003246780077148,0.09548744476035845,0.00027708205872387093,-0.0033543061838527677,-0.00019280688600875617,0.00020674820908909031,5.070005635272098e-05,-0.001129491438300885,-0.00016049768257164754,0.006096547685377814,-0.00047385900903788804,0.000728547132522725,-0.02843001022339081,-0.0007353991237858547,-0.013259208181747424,0.013872043208779439,0.0035992658946361056,0.0008343327888746602,-0.11800569045044738,0.013921779099655703,0.0005407370558241564,-0.0001038706132203064,0.0008619330567278122,0.0028930589965558695,-0.020597203218713032,0.0019510410623938337,-0.005322368099710307,9.434348851721647e-05,-0.00018832616348728876,0.014265794397795859,-0.07288240028218516,0.0012018756145166856,-0.009560227808050395,0.0007224045551216998,-0.004621745764345523,7.958027911445149e-05,-8.63529123430462e-05,0.010996231995880238,0.8946307724489385,0.0017689490807136646,-0.0006222217952263735,0.0002944941999794004,0.000679943887939698,0.00014066901449344155,-0.0002272311624044272,-0.0003528382488688104,-0.004144260728932953,0.0005480513951592186,-0.003488860907781305,0.00108626241803264,-0.0021619952471023055,0.010385990576080063,-0.17228097851031535,0.017662508680650977,-0.00022871180604060746,0.008471199282484937,0.0014556207644766273,-0.0004116617718396073,-0.0006610311092373755,0.0005501703321481442,0.00019239875225951096,-0.00023095604505634845,0.03273021779373278,0.0031796036202574804,0.0009565618902869629,-0.06659917655887783,-0.00033219469220511014,-0.00024082663081693295,0.0011608967510082927,-0.000613333125761388,-0.00016089448163388465,-0.00029750477707960084,0.04485371770099252,-0.0038368223013238957,-0.0019335681384110258,0.015190333364866356,-0.0017793750772176278,-1.918080077940214e-05,8.810130607898501e-05,-0.016211858536857464,-0.01022258186114812,0.0021785520901427954,0.00246175938754686,0.011376332322058876,-0.3322088398328781,0.00802925545201275,-0.0009085223983515064,0.0009995348764085393
88,-0.014706377528077734,-0.012161860762429762,0.00045363079557798197,-0.0003522765455580938,0.0007139794147743746,0.020604725516450255,0.00043408608733855325,-0.00538216263800715,-0.0004957197272566632,-0.019125121442869767,-0.16414873590038256,0.0005453414287461453,0.021516308468590352,-0.0016357082467298063,-0.00040874108773622866,-0.026378428119105395,-0.0004925112769249319,0.0001615891053059525,-0.00022664261898600047,0.0008933303565817723,0.0001389606131296725,0.04262691668844392,-0.0029909290136465976,0.0002634802302507941,0.0009988079093493259,-0.0006648845941531656,-0.013943081122831004,0.019916411988456645,-0.0036191169389085363,-0.008879777110014246,-0.00273691246358119,0.0004210457902731352,0.0013309399492280457,-0.0021008977955009616,0.0010941869795469588,-0.00617702545465644,-0.0033550665472967672,0.0008984822104583928,0.010526587474157873,-0.0008584821447279839,-0.0003952793055234938,0.0051137125340195225,0.713750071585152,-0.0013120719503011344,-7.989535916507265e-05,-0.005308877936361699,0.0008802972050342739,-0.00012518061530697108,-0.0007478321779805872,-3.491935663668612e-05,0.060280573156375424,0.0009048846758427593,-0.0009208582520038033,1.3373822071118327e-05,0.0004207603601863589,0.006656289084035836,0.00046886842449106285,-0.001210034596053594,0.004323546324207027,0.004945114583264865,-0.003044048710038963,0.00016807868608937737,-0.000923106882650934,0.014065769674767165,-0.23843264195534553,-0.13743214741536433,-6.845988445904451e-06,-0.007295525103218293,-0.02586265855273174,-0.0008771494587037134,-0.0020419002520853722,0.0002594755198089757,-0.0021525664884400643,0.00012535416050787201,-0.001296792438014541,5.7821310154426014e-05,0.0001808109698693064,0.5968901241371225,1.1263387156304483e-05,0.0003212029269420262,0.0014294078752114276,-0.0005114193632059774,0.0004101063911533514,-0.006259686246616532,0.03789054770517641,0.018357743084972355,0.001132158138367964,-0.14029340103532043,-0.009703560044767256,-1.0524525772076087e-05,-0.0007291234821224273,-0.008820842407579707,-0.0036453436800455703,0.0017836225393361134,0.002946527043031298,-0.011041696616768832,0.004787249344812894,0.00010843293317259724,0.0009127109634987742,-0.0005085330156715155
89,0.0014936160375681696,-0.001695031944868211,-0.00011953971067496776,-0.00020448007626707658,0.0002038648919152307,-0.006763488694609276,0.00024318022072906866,-0.003910358230560094,0.00019160113878642724,-0.005379580516306512,0.0015053121560670312,1.719316996644498e-07,0.003587583129166149,-0.017508233897203244,-3.516791680816802e-05,-0.004884185009957616,-0.00015534787512337537,-5.6158242318163094e-05,-0.0003028844594223115,0.0004929136383120167,-0.0003360291801594898,-0.0058714630760210535,0.0009869271910328558,-2.0520154235710575e-07,-0.0023388271898639396,-0.0003003932198594275,0.0670714245423124,-0.0071437914760047105,0.0023093911951036494,0.004518090521860953,0.00269689542766455,-0.004328073841141956,0.0006693918087230042,0.0011086846248092516,-0.0006160639955691355,-0.0019119501062720371,0.0017940780844612186,-0.0013513943138725394,-0.010229927973375982,-0.0005221343539476565,-0.00025429907777613247,0.014911993420484528,0.6330242563622889,0.00021567437045172974,-0.0003952888191630778,0.0009065434460803108,-0.0022034560974953273,0.00015322294086829642,0.0011338134988920377,-0.0014633278628162646,-0.004686617699940836,-0.0012137699089239042,-0.0009288833489070007,-0.00017017847449092745,-0.00030975582577991346,0.003187711121204018,2.8127538630802907e-05,-0.0014663451578182968,0.0027925649288817185,-0.01146481512076266,-0.0005837182453869508,0.0006811783359898198,0.00013387567994595348,-0.0010572514342085963,-0.02555778177208749,0.0934765742161822,0.0011438130715928786,-0.008340784897419845,0.03972622993475025,-8.060225677635749e-05,0.004399284651860028,4.866012160403008e-05,8.074019018738926e-05,0.0001333241749000829,-0.0018740179700795058,0.0016360220705433834,-8.006452104281254e-05,-0.7548883713385218,-6.656988220345031e-06,-0.00024940038079145207,0.0010407179996135604,7.65679264462584e-05,0.00032579064262498964,0.0020653962229043657,0.006695805355157028,-0.01329539952688814,-0.0073230485024907655,-0.06194104736551704,-0.006352028470698024,-0.0004058320591938955,0.0013761402286999059,0.002718638052767141,0.09148318082089489,-0.004943410688781348,-0.0029308514186529673,0.011934060918299138,0.006074548810835634,0.00035828904462628105,0.0004156077396527401,0.00024089220300237905
90,-0.0039388131901507304,0.0006111422751088457,0.00033146207513175307,-8.582436852960177e-05,0.0010741492567578137,-0.005828828050791492,0.000115215576647466,-0.038756005168090135,-0.00031635835505073456,-0.0007415025724057328,0.002330997073890337,-0.005202105487838617,0.002641030703732513,-0.016186561179142692,0.0012234980345335515,-0.02023146243872608,4.30519323452584e-05,1.984870236821859e-05,2.3427981868164808e-05,8.393398173425987e-05,0.00019188010449105748,0.0006353847108707118,-4.408840253019967e-05,-0.00012570022262299823,0.002213436315272716,-0.09362687984407368,0.5649487172663048,0.01659366495533663,0.004362438714963469,0.0002174654842978978,-0.0018200563409292722,-0.02639006333598009,-0.0010664612961185703,-0.0011681832920522617,0.0008536297621570038,0.0008311278994603197,0.0020082647045575565,-0.0031281272438594757,-0.008818139202570238,-0.005227933541298222,-6.691842876470518e-05,-0.03509499326294596,-0.011544498709306173,-0.0007972316563608351,0.0001176420433200466,-0.0026014667682357513,0.001095678601392135,0.00032090224591986284,0.0005909646115473052,0.005028057215611316,0.007099242589251223,0.0003339707980347231,-5.1481436682708145e-05,-1.3923933469136077e-05,0.0004706919506390653,-5.076916315770748e-06,-1.5978316650659945e-05,-0.007162417576142352,-0.0004681959350420847,0.8093119382993328,0.0008415704724689529,4.984685480327079e-05,-0.0001634374205043269,-0.013657748420832902,0.0005955500918474975,-0.007168900042985536,-0.00025781759163547935,-0.001125901206275137,0.0008663267338208058,-0.00026992151690363,-0.00271025842135957,-0.000267235588510773,0.00044127381573673104,0.00013040834286496758,-0.00358674668608747,0.0012631645330247483,6.915007311138546e-05,0.016726209926374264,0.00016612338679801789,-0.007110307188801526,-0.00029650468759799526,-0.001891075186452797,2.746744168556013e-05,-0.0002805834483110127,0.012654079840525643,0.0061177098155476735,-0.04743615689453554,0.0017473432087644113,0.012010075411305207,0.001608964620978908,-0.0005855364010074375,0.0016993970698422128,-0.0916970475773041,-0.021277630870146166,-0.007539389021558327,-0.008532893998012422,0.0007203914237027933,-0.0009283027899915177,-0.0002836011621460356,-0.000832375324971349
91,9.063252414865499e-05,-0.00010109981362012044,-0.0004282015882222132,-7.86856621648053e-05,-0.0012126146455488872,0.011203406821526216,6.763029211380786e-05,-0.023821768144256034,0.00030832875903594355,-0.018787880230326688,0.004696291704231307,0.007218122376328344,0.004866884798459415,0.007929870152180378,-0.0018314790841526098,0.020036533399395356,-6.945117096953162e-06,0.00019590358906258006,4.336865692305264e-05,-0.0004783218534877311,-0.00011018930831012928,-0.005200026034769871,-0.00025139794187134946,-0.0002364971642724381,0.00028222150082538033,-0.04117369747352077,-0.7818781792445455,-0.021674459109806483,-0.004899887687216678,-0.0005950484014430593,-0.002474033475102198,0.033536783434880334,-0.0007037597050712169,0.000966284740470621,-0.00047557416727647933,-0.0015717046596785376,-0.0028092193730960956,0.004639799732339631,0.008177298274697854,0.006011492198568694,2.88479279308574e-05,0.007123576830992071,0.01648819654120999,0.00031997239897657266,0.000540589359290489,0.002767476122221967,-0.0008183781571196556,-0.00010051479100573607,-0.0006698628323375572,0.0019452116449455508,-0.01677708377303303,-0.0015546198601980544,0.0001475701356558369,6.740525648203741e-05,0.0002717729577972502,-0.00016414449358899888,0.00011215731386651426,0.01520344161927458,0.0008374865870533058,0.5732332215060816,-0.0007546289387297486,-0.0003403648914184292,-0.0001076063441245239,-0.006954940766410201,-0.004254275843632039,0.01119923297517745,-0.00024090044029590417,0.0030603214114826582,-0.0004033988266632829,-0.0005420362863125656,0.0019871394510166183,0.00019685392614834994,0.00034815983130630896,0.00011018551415611786,0.010372667221120069,-0.0024944147579687745,-2.8593704682175827e-05,-0.03689278368756815,-0.00014032095902837514,0.00896646989831781,0.0006373224370892462,0.0022439689401766555,-0.0001903025004487465,-9.547843041444212e-06,-0.005800791227217102,-0.00888839986092874,0.06466560953465994,-0.0038015843505316083,0.014736218332509907,-0.0013267715512767357,0.0005628347769432598,-0.0002943543344484415,0.21646202044949397,0.024085307194344176,0.006443487465608047,0.018296604275301297,-0.0033251370631681414,-0.0003764528991414824,0.0006925305870547214,0.0013420237605879276
92,0.004700895212221423,0.00020470977709548602,0.0004063464451929187,4.876176788229294e-05,0.0004328261123603041,0.0005313406314089693,-0.0001422251504123919,0.002186485875266717,-2.7933946119712907e-05,-0.02801524627015671,0.0027179435680072857,0.0022181599411512662,0.0024145152951485956,0.0253088632637249,0.0004939687507279837,-0.13241567638343557,1.0498160473876219e-05,0.00010264427436859451,0.0001307641215751755,8.038500280072719e-05,5.551478429993359e-05,-0.05283856218145596,0.000533724053539443,-2.6392810998846286e-05,0.0011163704841169464,0.0013621135137628015,0.22051805033432179,-0.11848058877014851,0.0027452002150295395,-0.000804842593339539,-0.009036604566836873,-0.010620879022983316,0.00017369610147727806,-0.0006731890300980564,0.0005580333613393899,0.014151011065609835,-0.0015924670843699487,6.705656892785905e-05,0.007129070156612897,-0.0010038764717974521,5.494822628602028e-05,0.007028860815424167,-0.07857102321896947,-0.0006362973321555139,0.00037831480962119586,-0.0019369708817705146,-0.0009352723917646954,5.636957622502832e-05,-0.0008297411277997553,-0.0020748976580130464,-0.009527198813532894,0.0007050060985739729,0.0003009845639111129,-0.00010868684295932841,-0.00038928755950164845,-0.0009940686234274844,2.9101959217455592e-05,-0.003767374622477574,-0.00020302279501091682,-0.04983635191014935,-0.00045373597656320035,0.00015262812876928183,-0.00016113168163846975,0.02547189011499584,-0.08765033685535291,-0.015644345201353573,-0.0004312455201257374,0.041421028741212826,-0.0010676589279833943,-0.0001964597232953975,-0.0013323316301864022,-0.00016274268330735905,-0.0003674724443395276,1.2703891386311311e-05,0.02367119331566569,0.0013271166528724468,-7.164179940080673e-06,0.07222985738737334,-1.222698411608436e-06,-0.002866492630217052,-0.0012726066751092694,-0.0016217096330179053,-6.686764770742065e-05,-0.0006277894126975217,-0.0003604099927250479,-0.006957954168010941,-0.013195325511214325,0.0031898376012630928,0.005978985899776518,0.000502690724318711,0.00022907537554398504,-0.00326551289749037,0.937611492570129,-0.0093369356941906,-0.0010783440153233686,0.10335016555367864,-0.0002578481986370701,7.994994640467268e-05,0.00016323539437352458,0.00013003851518262818
93,0.006057131590366606,-0.0005760437564865262,-0.0011901791127451483,0.0008774825562603578,3.6103880736264304e-05,-0.00010784747351602446,-0.00023162231249100954,-0.00039340656657228454,0.00015518661199535877,-0.02143517815402852,-0.002832937568280982,0.0023972645101988325,-0.0007612359921094691,0.9877800546964138,-9.347669855182088e-05,0.006122901653184577,-1.4758769409564296e-05,0.0007161279667988185,0.00017873974447490254,0.0007803840088199676,2.119396294680831e-05,0.004114773928453785,-0.0008366405068592278,0.00011677048783786947,-0.04161724024058691,-0.001480639286802369,0.012141252283363636,-0.00017158924039359022,-0.003208004560134897,-0.004971960990493095,-0.03176670914275353,-0.010253838674140604,0.00027586009418191504,-0.0010406859771948883,-0.009296606459476553,0.011427164203682366,0.003809734473200296,0.0022622484050416926,0.00016978693609905494,0.0001695206703190566,-1.3999558302113524e-05,-0.005314872211432734,0.01796654174736015,-0.0007008121613354765,-0.008129459138749656,-0.0018023863754012184,-0.015679757259541974,-0.0012806499627205925,-0.0017743450418990416,-0.0011092250833277216,-0.10935350466966572,0.000870968568539599,0.00036431251218946303,0.0003557092229040104,-0.00016345236914411254,0.0003565015129803435,-0.00036153136068547975,-0.00042635481673033234,-0.0005823159210004017,0.008215586400493037,-0.045842335771648375,-0.00020109755783885574,-0.0010628742769941205,0.0023061056247308045,7.104078497500999e-05,-0.0019674334390458095,-0.00031682639253723804,0.00837699886182279,0.0015498617928297995,-8.233367919564306e-05,0.00012025856684624858,-0.0013305033314339881,0.00018013653114859127,1.0663542685751537e-05,-0.022176157836708205,0.003225494457582273,-5.569516812153896e-05,-0.010159130857394246,-0.0004478753154468912,0.0006238452726174404,-0.005982597304071578,-0.0016289600088074813,-0.0006429115456880845,0.0007170048631792228,0.00014090350214219106,0.005108486659933426,-0.0005490021598416902,-0.0022282323010216105,0.04600053199235917,0.0007827463166769897,-0.0005609632506740486,-0.043402673296120145,-0.028113127030062045,-0.0009323979842603778,-0.009024048472376554,-0.002279300045809937,0.0028943268540977674,0.0006485479455400015,0.0011830701581531308,0.00020794324587610803
94,0.008592947121128519,0.0001593993791883415,-0.0002646954325294295,6.398689236936962e-05,0.0005171547508228888,-0.005628015396764196,-0.00016261101334358666,0.002619710389928108,-4.653797785543132e-05,-0.45151362075267415,-0.0006366295297960609,0.0007497210227064288,-0.001058694376742407,-0.0542156597039227,-0.00026038222182490564,0.0033703102862508317,-4.655385324105069e-05,-0.00014428009324192123,9.523177195478773e-05,0.0003010993364466058,2.8540528342058114e-05,-0.005770697215727283,-0.0003648770293506132,-4.389195656288869e-05,0.0008842096157381102,0.004852202232342674,0.005151818244238884,-0.011200672157272273,-0.00047014193705972873,0.00011958471572496437,0.004193559665304438,0.0024410603192522333,-0.0010268379398899116,-0.00013065008707022468,-0.0001522648935066719,0.10615314050690697,-0.0023363725079074207,0.000398172819786477,0.0008002474789335259,-0.0003910326743375471,-1.765463228421693e-05,0.0028029521224357777,0.0029605095741451625,-6.742768554254125e-05,0.0007124839415062478,-0.001259931792107327,-0.0005218097803266902,0.0002728821286465122,-0.0005272657266097054,-0.0006294694519266557,-0.014017662295783884,8.629802143005451e-05,0.00022736305814284596,-8.217679498091768e-05,-8.594735729317016e-05,0.001154392530660718,3.360851278485372e-05,-0.0014162996435408653,-0.00023234338607680112,-0.02038304137736395,0.0033697944301417804,0.0003920462668468988,0.0006831980006831578,-0.011446919987604085,-0.00744694804119035,0.002923051033585205,3.849730480580491e-05,0.08177785503451593,-0.0004186104861241939,-0.00019470859639932406,-0.0002049360455345147,0.00010880565009287885,-0.00020722347870002697,-7.422300271178739e-05,0.014006954953357291,0.00030001011135689926,-6.147746638025808e-05,-0.002861683437050562,0.00013010366588128708,-0.0005999796556772283,0.0002371537625037957,0.0002857862688713138,-3.339803560972743e-05,0.0002649661912936113,0.029632373943025203,0.0014963356952317347,-0.0010345744621973341,4.5082265932808e-05,0.8786161607524203,0.0004092541008290343,-0.0003879660643767366,0.0018175642646796226,-0.027853505807529162,-0.00037550113978041086,0.0015134918282060992,0.00976278176033547,0.009999861678673262,-0.00021209808330657776,5.204135356763444e-05,-0.00012310998765343445
95,-0.04000400091334265,-0.0008394995772360442,1.2266013240752605e-05,0.0006668687270144913,-0.00039102043140749887,0.0012452074760610776,2.206348996725005e-05,-0.0005737164514858784,-9.403703990035206e-05,0.012649879565596378,0.004688021739923637,0.002406025133940004,-0.002172703434064116,0.018504272456455348,-0.00016191631437073584,-0.09690488243025489,-2.4808187338215548e-05,9.264976138059766e-05,1.7246375921920604e-05,0.0003128353931270353,-0.00016215783835803882,0.004167468049620201,0.0006293212108369442,-7.468825309976321e-05,0.005492760161861378,0.0028984623826058733,0.0014827760155645708,-0.029343337662015044,0.00023060165086417547,-0.0012640084829923376,0.005185814843181534,-0.012370926396111571,-0.00012315380535671099,0.00022937767854684134,0.00029232661862882425,-0.043373884364567905,-0.0072952460666763155,0.00019339156352682411,0.0017119029038679479,0.0002904970530252784,5.3667607836193135e-05,-0.0021868379824100132,0.007908276693448166,0.00022076477559237594,0.0014604940948474976,-0.0011743540536361492,-0.005249492231747879,-0.00020184955374105695,0.0001854110781350192,0.0013760859367187902,-0.043553566095423935,-0.0005217104532071074,-0.0001206115508983821,-3.943959500135813e-05,-0.0003502660136436332,-0.0016807932271268831,-3.2585714548167936e-05,0.00011080675943348503,-0.00275361012594463,-0.0009556213822493505,-0.00032525052389918707,-0.0007539634565460595,0.0001343775888526912,0.0038092296199605837,0.01037528769149253,0.0016930416589358618,-0.0002989308823848902,-0.03157501907767396,0.06489154246692308,-2.2511986726067405e-05,-9.946079059317339e-05,-4.793742370368982e-05,-7.754623160346032e-05,3.556085984155952e-05,0.9451682588094666,0.00034393584492870694,2.356302163599236e-05,0.008986420933287746,4.6039155722081386e-05,0.0005053702611664546,-0.00048060885661127886,0.000804947148419594,0.00022829036639721804,0.0009254246391457112,0.007246491288221494,-0.28116784840133646,0.0010983422641579468,-0.0026214974826210677,-0.0011853533229691654,0.0013073778226496764,-0.00019019489952657614,-0.002501069797490877,-0.04723639652761673,-0.0002175407206131321,0.00012412293867141572,0.056670215557067985,-0.009721312047045317,3.813097966372074e-06,0.0003393274271740569,-0.0006394445501225268
96,-0.012547803480574368,0.0006990450968838019,0.0002857927515351102,0.00020441228843682754,0.00010325357500868756,0.0005051185755332241,-3.660241690296023e-05,-0.00022846669146361215,6.633862455170808e-05,0.0018285953467416655,-0.016447506522067872,0.0024556124234444004,0.0013962948057975114,0.0008695522236072881,0.0002505389322112403,-0.026027168663646683,-1.387127769226712e-05,7.001566227476756e-05,0.00014552902384688338,-0.0003145951524696801,0.0001608133323556109,-0.0019629656569476878,-0.0010590908140123202,2.7514813287360385e-05,0.0007428784255150665,0.0011415194483352827,-0.007105967702465764,-0.00816445682521807,-0.00015985155435498458,0.00028789103533122945,0.001542593529493585,-0.005720254522770427,-2.0193595618686914e-05,-0.0006017770974494721,0.0003194671629771304,-0.0007440107991616152,-0.002228504017289528,-0.00044819987669891554,-0.006517808676206819,-0.0007105503501098572,-0.0001594861885983851,-0.0031028624590009055,-0.00501218121497874,-0.000315075228520549,-0.0007222762860991695,-0.003129024584377924,-0.0008856822323658857,-0.0003362283257688967,0.00030937917801493464,-0.0005092836870594607,-0.012207130618473536,-0.0008965031766230606,6.0133159917589996e-05,-0.00016882503580692773,-0.00011498669209055422,0.006653607005881746,-0.00010700835630182541,0.000846876536673281,-0.0023395739481371575,-0.0006756269659260821,-0.0016139303878301304,-7.758461647635077e-05,-5.281123548728879e-05,0.0015247968067860964,0.0017749457514867578,0.002828888768026199,-4.1770816509303314e-05,-0.0005306275344939652,-0.21506817010704954,-0.000554915500221359,-0.0003892958125420562,4.556148834310592e-05,-0.00021440716371843904,9.61800552891131e-05,0.28514503549656767,0.0003267539075776805,-3.5015087294134814e-05,-0.03300289878004732,0.00011482184806086392,0.0006324298033611436,0.0018267874568808856,0.0001135531795087365,0.0004127742811617842,-0.0021291907036750236,0.0026494230963550296,0.9315281470091444,0.0004164129892481013,0.004207371958291173,-0.005954814688249148,-0.004686787759798007,-0.0005507179533635869,0.0009639086463069249,-0.006075217460017565,0.0008799357367184474,0.0009248011018458315,0.043219098472466466,-0.003731108355449003,0.00040473815075387116,0.0004219293111423208,-0.00043862536395316686
97,-0.04607964323835493,-0.0005288173513576799,-0.0001892030736803038,3.135307963110512e-05,-0.00011202474558638653,0.0014181025097910332,-4.443194906272874e-05,0.001362958567914574,1.4727895711885708e-06,-0.16433373228829162,-0.00021724555447213967,0.0013572332183764135,-0.0025218995929273264,-0.009144210308907663,9.957009410221929e-05,-0.005229944069331999,4.368935016191289e-05,-0.0002267877722855957,9.618709003416173e-06,-1.3803326549106931e-05,-0.00010118936509005,0.00022691385761780362,0.00037619670169908694,2.6031538365473006e-05,0.006251649236300283,1.2499041048007892e-05,-0.007109252493902863,0.00596704077035159,-5.0372086844080455e-05,-0.0004977079558584948,0.004790358025333341,-0.002592416328285706,-0.0008476008847652905,-0.00010079888221643232,-0.000651528146222484,0.7510867494592198,0.004082364686566989,-0.0002811146809283127,0.0013991881226939045,9.728755958574725e-05,3.475851069134964e-05,-0.005596906007858486,0.008518591421443702,0.00024412435209756472,0.0004094562860730358,1.683916527541341e-05,0.0002459222555118174,0.00012041992183024763,-0.000611644372792243,0.0005766161807212438,-0.02962602450633421,-3.336372902844071e-06,-7.423919171906795e-05,6.038743323156029e-05,5.143773173906657e-05,0.0018818627656042805,6.992109154197335e-06,-0.00018544850791948767,-0.0006091046330052217,0.003658277323904986,0.0007663443845281007,0.00016458339267298727,1.5868867704632583e-05,0.003471129582981715,-0.002635317764693468,0.00038080474516992554,-0.00012957712770749797,0.5847481792621281,0.0034045163428112887,-0.00011474545911409318,0.00017081346352422933,5.2818917676754513e-05,5.502421576301063e-05,-7.702182196486773e-05,0.0403986699384305,-0.00042561124060983696,4.489855662757891e-05,-0.002701362080962775,3.747574317642874e-05,-5.854709157893101e-05,0.0005196707130211654,0.0004391872468792954,0.0001179452346391132,6.417926255809087e-05,0.004547376568493379,-0.016684806694159077,0.0007477575951024438,-0.0006984424251933949,-0.2328716105862653,-0.00018733591462535447,3.310792851226804e-05,0.0019789845081269837,-0.04673348036404138,0.0007111692436440626,-0.00023999695695685677,0.07018512796538315,-0.013981114741797682,4.514897238459955e-05,-1.8575300887196944e-05,-0.00013828121939364092
98,0.0015474019633860856,-0.00022998315397818308,3.044715474492788e-05,-0.0002744348160231493,-0.00018898536155435072,-0.0050949982337336296,0.00013565974342588313,-0.0010123025310314658,-0.00019988140770347846,-0.0005583502360308945,-0.0013757532296766106,-5.7528412553823835e-05,-0.0035528068952446305,-0.00269928065816791,-0.00026892552746194016,-0.03580598273003848,-0.000264746210041065,0.00037611030767555195,-9.99695752078849e-05,0.00035835368210316264,0.00020022878083480761,-0.00379683920788428,0.0001800229418726302,-0.00017333378192594708,-0.005302423774200943,0.002685447638385867,-0.007751422361076362,-0.0001484895762780761,0.00038398335597401075,-4.983847126293793e-05,-0.005470174913047982,-0.01011113159893627,0.000238791939540984,-0.0007112140339179046,-0.0009389219440294593,-0.037094425687010664,-0.0012234503321345768,-0.0015325738960090922,0.003350837264548664,-0.0002609872983231617,0.000190804151694137,-0.016234191321960068,0.005329539048904322,-0.001887918228046374,-0.0014421166487635839,8.366786762189205e-05,0.0011342869652082948,0.00014437226886877298,-0.002079939798594515,-0.0008743623800533175,-0.006805764738304543,0.00034417888714354124,-0.0008070745103549715,-5.120417063329244e-05,-0.0003617146779418389,-0.0009831605482656207,8.781602735874082e-05,0.0016759627882423922,-0.0014371198260981857,0.0019949749839567993,-0.0013130083421220432,-4.7092588162697246e-05,-0.00024093695118816217,-0.0013063864321626504,-0.0042803463787777695,-0.006211530057307651,0.0003201598305669328,-0.07562299460684166,0.005167352693568334,0.00011558577392155756,-0.001686633903656475,0.00018580107239854872,-0.0006340328678231657,-0.00025986290310526334,-0.07937505650800347,-7.471123324138788e-05,-3.2292930709967166e-05,0.007534593191743369,0.0001843708438901367,-0.00042843208670448026,0.0004449023980818822,0.0006509596706165293,-0.00013145916921639546,6.728915628373769e-05,-0.017957294020561558,-0.021858603231764844,0.001135030143134626,-0.0006226547343061129,-0.001317942914487297,0.00048484258013124196,-0.00016457620633886152,-0.00531620190044098,-0.10698012807960344,-0.0012118495246107798,0.0007689337049677492,0.9859910590930738,0.006557252588220704,-1.77838678224072e-05,0.00014558962617055812,-0.0014242788268275398
99,0.030892701747294644,5.526067170086302e-05,0.00017628553219943555,-6.867815631838442e-05,7.004490390180584e-05,-0.00029894824598163117,-2.1041609626348823e-05,-0.0018349917557479722,4.954255247782702e-05,-0.05405621484903986,0.0006275847786482991,-0.0009198099030982565,-0.0005513985830510049,-0.0007897295094388412,2.031086290860129e-05,-0.0009089338552088488,2.5489646356763318e-05,0.0001457140045485381,-3.314082401945594e-05,0.0001734353201048285,3.7272049650488614e-05,0.0007584335462158219,-2.4786803704722948e-05,-2.3625859605053146e-05,-0.0016718107510690916,-0.0005167485158296555,-0.0016504970432277835,0.003935703226508975,0.00074541019321097,-0.0002087493778722832,0.0016696235131400845,-0.0022393674444178492,0.0006366906310191997,0.000304797861844076,-0.00046828391613166,-0.6262070114266031,-0.003126230341802292,0.0002508273496444873,0.0006657584688247124,-0.00014493345942232817,1.844726289464832e-05,-0.00036361844610211295,0.004533777513452977,-7.567369794854104e-05,0.00010429611412464401,-0.0004686533252327707,-0.00033944170818613235,0.000257912175758164,0.00021422264135507324,0.00011650032378062239,-0.0019464287548818116,-0.00010032953960359284,-0.00010577304861109218,-0.00014313995625249258,6.355271675168028e-07,0.0012961846896078115,-9.10179575653973e-06,0.00016936378124210623,0.0005228800634541496,0.00036060810010777634,0.00035489607658664366,2.3854625563765955e-06,5.836885559305999e-05,0.0013920070595680387,-0.005319103825103041,-0.0010682815744271442,-6.372998047973408e-05,0.7753794823279547,0.0003277107225235598,-0.00013224701592913415,0.0006225787757503792,8.266464070641293e-05,3.890177837560967e-06,-8.371951161876418e-05,-0.004190124451942057,-0.00021366265977162957,-2.7559964512754304e-05,-0.005537039545977666,5.956986337750381e-05,0.0004620315828398336,0.00017705079160712685,-3.466210301137241e-05,-0.00011761262548056275,0.00035889608530115334,-0.0038475740081811063,-0.0001759126958885604,4.413423141110158e-05,0.00010495360431453556,-0.025822977850986778,-0.0005706515754552144,-3.507000395544497e-05,-0.0019818841828452894,-0.02877769212389239,-0.00010303344454495704,0.000947036467344918,0.03209042157229954,0.00861903871177589,-0.000500034370185384,-0.00012433957418772797,0.00021438091863942507
