,0,1,2,3,4,5,6,7,8,9,10,11,12,13,14,15,16,17,18,19,20,21,22,23,24,25,26,27,28,29,30,31,32,33,34,35,36,37,38,39,40,41,42,43,44,45,46,47,48,49,50,51,52,53,54,55,56,57,58,59,60,61,62,63,64,65,66,67,68,69,70,71,72,73,74,75,76,77,78,79,80,81,82,83,84,85,86,87,88,89,90,91,92,93,94,95,96,97,98,99
0,0.0002919043390398098,0.006584388559185611,0.008202874593868037,0.0016470085571759219,0.005171307298980819,0.0006067887030867846,0.08742627850154705,0.001985323617279468,0.0850369588615193,0.0001208091152026896,0.0027812225259356053,0.0008782965643808055,0.0005199815914147507,0.00045162348895541295,0.0032465544115524068,0.00019685237832780741,0.2666824377024522,0.0013569524565913377,0.015326040780059077,0.008805003655728562,0.21693175953425622,0.0011305418124486944,0.005359008008218266,0.24219832441443503,0.0017152831461266132,-5.4427169598390927e-05,0.00016765503329395544,0.00018193934048925362,0.0018333408681422045,0.005044024053663455,0.0005743799371895743,0.00045074540030295827,0.0027814288810837184,0.00896906217284289,0.0009912330539593223,9.131005299779229e-06,0.0013184201282121478,0.0015564241516542866,0.001980065893818142,0.0017601459044450747,0.3861042830646247,0.0005541767538113785,0.0012647251033061793,0.024253202669696966,0.001417095882005515,0.0030728592828167213,0.0001189165970819338,0.0025051353323954748,0.008112388002493377,0.0010575687476921997,0.00027429613627329234,0.0001930629772584602,0.1061425721139804,0.019477069409623234,0.010318428392911045,0.0018560368521423197,0.04269947667868809,0.0004034174976125437,0.0003328676563067488,8.754256538466489e-05,0.0007874269124543436,0.02412285136834072,0.03739845467599329,0.00013187896227802342,7.969657043951528e-05,0.000982402814534236,0.051534080413219566,6.896877007505062e-05,0.0008700557311274623,0.013989380786372522,0.003938005070293432,0.001962271251508427,0.03565929422675958,0.12237957664200154,8.251669178390167e-05,0.0023206078293614625,0.7885305933355999,0.0008853037384005941,0.013822896897121554,0.0028272393402400658,0.0010372661077729483,0.002644418423110418,0.023176173407584693,0.020751182723575057,0.0003985543841165327,0.00037320352139514945,0.0005962498068301703,0.002776289707639709,6.613559278883777e-05,0.006332230620582645,0.003531997718065929,0.00019356567574156983,0.00011768531894376124,0.0005428085987101017,0.0010502082410302953,0.00035356336304472144,0.0019673988460824636,0.0009108087572891302,0.008375105703127071,0.01067455190619176
1,6.608062475089612e-05,-0.001741956756226206,-0.007681495521131572,0.000355977165847815,-0.0027343190891127994,-0.00039086628580201066,-0.15538116833638704,0.0009179549067913628,0.0401975943880678,-7.422493401465502e-05,-0.0014734494775029416,-0.00033747962314602253,-0.0007838915360278871,-0.00030406830928648857,-0.0012000182440589356,-0.0001386242623358174,0.28365465592029293,0.0007058977197981304,-0.014089461552985523,-0.006081581322625826,0.045878834058410346,-0.0006777959909397862,-0.005697782767082777,-0.21192880487260138,-0.00040929930126702404,2.9914294915252804e-05,-9.891797311421096e-05,-4.933608835655185e-05,3.071505801014915e-05,-0.0019495078398971176,-5.594019678638052e-05,7.315568107319381e-05,-0.003161788501329946,-0.008764337843568433,-0.0008797348874327607,-4.150518407842142e-07,0.00042612901697023855,-3.489980979669585e-05,-0.0018716746417874676,0.0004891813074100574,0.8120906496884343,-0.0003837442400692165,0.0002956559074984494,0.00832523235550416,-0.0001619926344518639,-0.0031360060026542095,6.886691915359131e-05,-0.00045577240813315424,-0.004012463815692545,0.0007321737317501854,0.0002223817637870631,-0.00010073204247374557,-0.031506600716163576,-0.03538616134132502,-0.009026532446348965,-0.0017713644756239706,-0.018704071306388816,-1.6790508823817083e-06,-0.00032532002295700477,-2.702637093303994e-05,-0.0008978273055437356,-0.030067059917902546,-0.03387879363162191,-0.000104305676197438,-6.832273646405386e-05,-0.00032470940149376956,0.019555149366955526,3.34405820591896e-05,-0.0001286501102718984,-0.007424207967395218,-0.0027774271236226055,0.0003429598487201298,0.028591215242021607,0.02075876450163599,-0.0001410692496446605,-0.00039777324486953657,-0.4229483891081936,0.00017899539921746694,-0.021241595278978825,-0.0009285557808630198,-0.0007027562834260906,-0.0007840353088053786,-0.02443223581203365,-0.011226152920224426,-0.00025192494576360507,-3.6392927510962145e-05,-0.000362238106580369,-0.0009216395691010271,3.445929991090001e-05,-0.006123614232235088,-0.002162650581007155,6.937754843440136e-05,1.0100816102183456e-05,-0.00010379471539624202,-0.00014427367865100417,-0.00010822699396963655,-0.0014402136093581864,-6.98908525521784e-05,-0.010440245938115046,-0.009654483822195517
2,0.0007074381158497979,0.013446787934353235,0.03659315282297959,0.002879308962055571,0.023471191910104494,0.002283528511040689,0.5639862489575842,0.002307875916090118,0.061029839327164395,0.00047843859262292066,0.004655540610727239,0.0027327288545316887,0.0018718326299097085,0.001960409770299449,0.013411612143117115,0.0006366897993044634,0.07490593997506804,0.0020336408626544554,0.03246768619339411,0.042469239087521135,0.1511100415088462,0.0028541518693386446,0.015308924988044504,0.5933688647816078,0.006427936827082329,-0.00012196931751499024,0.000591416580706163,0.0007499342457425587,0.0050728347816958565,0.016924558312677314,0.0022549646685702225,0.0012619546317176168,0.014606331588809588,0.03261042008401037,0.00462842008358809,0.0001480194137767239,0.0021839764503084865,0.005794848817501345,0.007139268749886592,0.004170642380046426,0.04390434401966645,0.00187064765503251,0.0015667279970288195,0.01875690989405681,0.007156175438892508,0.01285427169836951,0.00037690004982124235,0.0037638897382892464,0.019148123976917078,0.0008966014484034166,0.0007141767109824809,0.0006977676093114707,0.11059929211666812,0.1847117445991813,0.04516882838077626,0.00796511462366788,0.051506243491705565,0.0008914814749683033,0.0012598479621329791,0.00021937876430983276,0.003253110829243583,0.10586463761044702,0.11333059910734462,0.00042684988979253,0.0005021054159239479,0.00301127038774309,0.03929864975452111,7.635637704499843e-05,0.002364852566449619,0.027829779577332885,0.010085142737120056,0.002817419443331765,0.022123715568897917,0.106035501773077,0.0002691868673382579,0.010754892636146485,-0.4033522505266274,0.001552576112530791,0.1350395304037699,0.010807169803191383,0.003313915499751302,0.00975060649119248,0.10161257671936864,0.06015751002777785,0.0011909757917423563,0.0007657407804350307,0.002032482412593905,0.004405977614938493,0.00019473409587763275,0.02749196450772558,0.015691903016516504,0.0003721427479068409,0.0003142065864374134,0.002261621014710276,0.0028470424221241136,0.0006854908067310872,3.943862619152462e-05,0.0005218631428338923,0.033766027628409696,0.029279298702528905
3,0.0008274521791368793,0.004650967242752491,0.05036637095222635,-0.00039991826846186296,0.030853381661059026,0.0020883988231307216,0.5488203423094817,-0.001500420217152354,-0.06494377061244468,0.00027478804665148626,0.0007484431773747136,0.002846681437359333,0.0009387332978876284,0.0021796920973991135,0.01684340547095154,0.0004594643067806579,-0.2849847246020165,-0.00011784228534278656,0.019693884097741046,0.06281909724808867,-0.07053200291889601,0.0013536439792772193,0.008196752338396921,-0.5630770173743048,0.0032411782052484393,0.0002053789861578575,0.0004954451132029259,0.0003566846833832865,0.003403201741245791,0.017732028142423955,0.00237129285892123,0.0010656335844803067,0.016034672380944373,0.02410578019580829,0.0038618842789433752,0.00014611886642967848,0.001315650631592926,0.00760899277040761,0.0036548734260088006,0.0049414088221236595,0.17960123736629377,0.0010786869593791576,-0.0002853281801063996,-0.019115242211621725,0.01109829471850158,0.008699889161898696,-0.00013521723744437086,0.0009254182965371498,0.016801962266608926,-0.0006577405138030303,0.0003501982850627104,0.0005754153334468282,-0.05242142331995042,0.309717541643607,0.05937164419460576,0.005347142049237031,0.020089888934696494,0.0006450773155998335,0.0007725367207090315,-5.047539633961217e-05,0.0027879043273444162,0.050090338192703775,0.06022144648739813,0.0001986620392228045,0.0005170225235791459,0.0017854280707966627,-0.038487636736872735,7.480154242532471e-05,0.0020947381917826363,0.007760954459380983,0.008342299764092247,0.00020737133955662937,-0.0245475578959249,-0.12684385084815636,1.7532775719242348e-05,0.018976000206825782,0.1514434799043399,0.001005348600691677,0.2951623412612038,0.014545605921684506,0.0028168947773941225,0.010693975146611447,0.08259748645008545,0.04135909010869244,0.0004316318250092789,0.0005903430661306919,0.001573676581724001,-0.0001663600925121851,0.00014616879810711256,0.021024050876718204,0.01977355639343707,0.00021741157555601125,0.00023685044383216997,0.0023587489367184237,0.001109140520498736,-0.0002446288046246446,-0.0003069118048943046,-0.0004481065006347597,0.03711668551770634,0.011035154873829922
4,0.0006218758948848423,0.0032690816789124194,0.044813415712344484,0.0006767572090735086,0.024965700840958324,0.0010388098196250084,-0.04532170271786687,0.0018753911715950755,0.06133124458949851,6.72669054155306e-05,0.00040584758763181905,0.0032346712326846716,0.0004645525999481537,0.0020585844752790128,0.015995646289244048,0.0005142105869170854,0.7515311605653738,0.0006116636409810275,-0.00693376436011677,0.049276226531545356,0.1631809754141922,0.0006809887382567859,-0.0017947883280563497,-0.30078382029425715,0.004270460453273662,-8.706987287848843e-05,0.0005458206232659314,0.0002318260093247791,0.003188954188530301,0.014706552877177034,0.0020688071143668114,0.0011378754119001717,0.012063887440504668,-0.002649187455848581,0.0014089178840538973,0.00010224986811524419,0.002358798410365575,0.00783140840550529,-0.00021513359053263497,0.0051953527896356905,-0.3753819021130945,0.000298822114651231,0.0010297142155218462,0.01295708610845393,0.011524623892444965,0.0004444594760740131,-6.56611465902003e-05,0.00062242458055751,0.01565863748003188,0.0011970434005742535,0.0009891972067663998,0.0004186963092347694,0.024935613903892356,0.23853525164210965,0.04511311203350885,0.00022380333378513057,-0.010173232628226525,0.0009814829494067946,-0.00019555478469142373,0.00017967926108242881,0.0017199254680840973,0.015091057214070735,0.010996558368340233,0.00010123489169474925,0.0001908516815439001,0.0010266609883203572,0.031601335095778546,-1.2882739039363211e-06,3.947690029129989e-05,0.0043230472208508645,0.00358681200661842,0.0007174769979685094,0.03886276179043992,0.08641198079870634,0.00013677386688992765,0.02031590043182542,-0.060146713228180965,-7.39837480240387e-05,0.2987301505157301,0.014110876074868316,0.0012630006337773282,0.00956890498718276,0.013994573562623788,-0.0030495790497318026,0.00039182028411137665,3.9911924374194855e-05,0.0014545340480879548,0.00018306049964700777,0.00015864566568893628,-4.4116962956093414e-05,0.016355419858807396,2.414365298863334e-05,0.00015149942163910875,0.0026025648555594917,0.002148704809527346,-9.95158257504654e-06,0.00010890060810239948,0.0002184509711913253,0.02826384508331064,0.007568330243695355
5,0.0009176941134486409,0.002662773857044734,0.06933157802290224,0.0007103208801918504,0.04179466496761863,0.001016942370518581,-0.5210237568541182,0.0003892880153011369,0.027659645715514797,0.0002902988323759126,-0.0011275319909423431,0.006114763553540491,-0.00017550555935136325,0.0035848983723216765,0.0254472506080361,0.0009655549444271827,-0.33343145711963895,0.0008013353120389184,-0.030159950071030717,0.08268169985137777,0.2073156284864513,0.00044637167494925386,-0.008949924010337796,0.20473707073077801,0.0047569995818738005,-4.1949800617925906e-05,0.0008452601113976854,0.0005154733541512355,0.005976273971687758,0.02600582742557578,0.004160004557620724,0.001983432722755877,0.018961245523052242,-0.023934940248489692,0.0006755992035079475,7.711305633024274e-05,0.0031535049437026487,0.014586475403859952,-0.003768864371060845,0.008270883137095631,0.08380918481945752,0.00036253914786188684,-0.0002383979079441456,0.004510448675942479,0.021925935651674947,-0.006406194725921695,0.00012955296984563567,0.00013899550300879287,0.017285883309686043,0.0005249813513343111,0.000648362578783231,0.00012023091710071021,-0.017472108353325168,0.3989142214888848,0.07272769700189653,-0.005455076925594748,-0.03889044972241822,0.0012262973611737774,-0.0006979821157850777,0.00021300194295593248,0.0013741275899772074,0.012546512740779274,-0.007737209955979945,0.0002763226797581741,0.0001406806016209363,0.0008490945072076957,0.007606018781831073,-7.487400178605129e-06,-0.0013815670551287516,-0.0038188965847045435,0.0022072064079919833,0.001200702989715515,-0.0057259585930935445,-0.003079564132451888,0.0002156823637179282,0.03817110154081231,-0.01065647040906312,8.86273982979303e-05,0.5766645525881365,0.025854964108382616,0.001602714731218543,0.015195034468131998,-0.02147672333430202,-0.03468818767747509,0.0007444391827031325,-0.0004540352206536325,0.0027790730159470488,-0.0007378740146532421,6.002483697333926e-05,-0.019073408500082285,0.027726402022702316,7.650358493096294e-05,0.0001761194592689233,0.004192879938700918,0.003073821735856888,0.0004241676612037331,0.0005579609157181278,0.0004912294183039832,0.04701017339047628,0.008467592906038952
6,-0.0003515318649296485,0.004122251587647126,-0.023848223491994336,0.00024248329575035643,-0.006762693242435253,-0.0002039869696712493,0.052750079688097654,0.0006220236868458573,0.10427175827879676,0.00016481280628485862,0.000706861180831804,-0.0010273854894676249,-0.0003146802958526318,-0.0010160297178763017,-0.002613434140853521,2.429239926493576e-05,-0.21170847572159102,0.0004161231922033947,-0.004986039289270893,-0.021549814182915433,0.9014824700012435,3.19231570204098e-05,-0.0004215415476643367,-0.22027886943664862,-0.0022682797505082855,4.463005709605622e-05,-0.00023277536892157065,-5.849250577305131e-05,0.0004217467742620908,-0.0004168112377230419,-0.0009820822661495395,2.9835554332668934e-08,-0.0063159638686313465,0.0031274708894198366,-0.00032346051200920004,-5.059403048467831e-05,-0.0011920061245217113,-0.0036459548956832427,0.000754405581242534,-0.0005439476960621085,-0.08672216436020455,-4.5671816698158486e-05,0.000459011716246772,0.012167239167349776,-0.005615443822750587,0.00114217898296617,0.00010931650451983946,0.0005756054736394331,-0.005431541209430853,0.0005526604849106333,-6.233025674954804e-05,2.7191447349438395e-05,0.015110330751470363,-0.14060265298828434,-0.020925082850406878,0.0010999950451656062,-0.009663721917758845,0.00014323773106318487,0.0002494018048703826,7.633243010418553e-05,-0.000805557599512785,-0.022250657546566313,-0.005855267237420027,-0.00011902443670674424,-0.0001887318870761565,0.0008926360364318891,0.03030084305931366,8.18191080456665e-07,0.00055097706836928,0.005679420867283582,-0.0007100817724399029,-0.00012066077447753579,0.008015611792565698,0.019407662725484262,4.712332223291357e-05,-0.01040979368968688,-0.08173238627206181,0.000910024884364576,-0.20380955373725396,-0.004861083995252237,-0.0004021674615661396,-0.0017671117303790724,0.0031176250571403686,0.009741341969282186,-0.0005680309763177751,-3.292153975898802e-05,-0.0003621302706297374,0.0005998911592297734,-8.676573685092916e-05,0.002811851259992279,-0.0060125210784734255,-6.640018363183748e-05,-6.0799674733112805e-05,-0.0006459509719939603,-0.0007432740158307169,-0.00023628028912561338,-0.0005302761809380437,3.065642646280127e-05,-0.01853316025863684,-0.009693088441755681
7,0.00033983492816814397,0.012766816797622198,0.010343773985584247,0.03325191440085287,0.000976063218778217,0.00021164480775566485,-0.11595207751759457,0.001388383852188535,0.04611890026230364,-3.348097809409423e-05,0.000674199673768805,0.0008330638435778415,0.000637409842488162,0.0015796840042058835,0.0006828732440195551,0.00031013709441667786,-0.07945810928742475,0.026744548712845744,0.590199063308983,0.005725071050339217,-0.050718043776675686,0.0012681316207380651,0.0917100562521154,-0.1109213312287238,0.002820557617282435,9.675774946346421e-05,0.00018971903320199755,0.00044336452314971617,0.0030237690753848138,0.006976864829148438,0.001619545917170561,0.0010423764322220943,0.0003963020102856424,0.005132642937908319,0.009592163624423925,-3.5971352961725045e-05,0.0012074662576887002,0.0027476748610544624,-0.00041882589112250657,0.0016894634199208763,-0.012506964768487092,0.00019920603382026707,0.002104768881901924,0.025867846439346143,0.0026277141482089657,0.0003166363187919719,0.0030458774030263586,0.0530261882406333,0.010641400397977892,0.0007878410142783988,0.00047943941704643093,0.003869719219680235,0.2267672250466368,-0.023042903526357957,0.002952742344640269,-0.00028827462367671513,0.6817271884863595,0.00015414641380777057,0.005235689903326985,0.00011944074280447899,0.00857569337981439,0.018140434190128597,0.05263939846851138,0.00017076621470104528,0.0001532558661347591,0.0007933632315334325,0.023599422170870056,3.3786450794395795e-05,0.000544558207639275,0.08201808810178593,0.0015508675824970457,0.03404829919028828,0.03679616428545655,0.254824686151216,7.057856240267821e-05,0.0025090909999891525,-0.041424245834421086,0.0012711358920636992,0.007386341974755885,0.002961830614226224,0.02291345304593414,0.002187162133477693,0.05477135793498743,0.014390120568244099,0.00018104590587866842,0.0004367064692645356,0.00023640385457245495,0.006420169677575566,-1.4428497902860792e-05,-0.005601450767193761,0.001456738836682318,0.0017579887427537232,9.525010134796752e-05,0.0005134629432275708,0.0010679091677249807,0.0003575871874706341,-4.088352318033523e-05,-0.00010105995658802854,0.0006896408177797294,0.010782575420905115
8,0.00039441423119537203,0.002852699760282157,0.011259726657836786,-0.011759051064701348,0.005118396370564819,0.0007795965558575202,0.0017014543099446722,0.0028626640212846,0.177718174086664,-3.995087329528024e-05,0.002659398492172338,0.0009827969305089002,0.0012894333604491076,-0.00021210374027630374,0.0049562692442065015,5.788921939992031e-05,-0.17139625906937317,-0.009905212301658046,-0.24580840375539348,-0.0011445230750656288,-0.13798457259089364,0.0023321503534493937,-0.038226822123037324,-0.16575618198182746,0.00419261380260622,8.822510873949143e-05,0.0004032074399834973,0.0005847449883287305,0.0007872530232697376,0.0005301498964345348,0.0006567278583356258,0.0014460274959732671,0.0023566973661854436,0.0069743313054085095,-0.003358823559536571,4.897324499518983e-05,0.0016820532121667384,0.002582070312555227,0.00204330731375951,0.0018699204646419713,-0.016500954800113928,0.0006672332427674075,0.002400834824864244,0.0779828269692665,0.0016779469484033607,0.0021600238914931042,-0.0010337629115808912,-0.020283230746336783,0.015706306697909,0.002104185416650077,0.0006540829076540841,-0.0010255069966966309,0.3445539767645423,-0.01511270144949789,0.008361754271982429,0.0010650122872106504,-0.26864900722722107,0.00045290248544704913,-0.002456357101843592,0.00020206876528088723,-0.0019485194654022672,0.040405144343343004,0.039126869295562486,0.0004386714692608592,0.00014664823740037766,0.0008377942301373046,0.0678532865588748,-7.24766276370345e-05,0.0002463256074264138,-0.019795041740653406,0.002751123298807545,-0.012161036673200835,0.05080105330083161,0.7871708103504595,0.00012343637530969065,0.0015495323733469464,-0.02553409365305434,0.0014628046887168573,-0.00737909019206448,0.0031722978345315664,-0.009250070442726206,0.0016246707114062117,-0.010599680005259158,0.013693835757379445,0.0004324062925096517,0.00016038552769613327,0.0005453960371326568,0.011060666960521378,1.884282035071773e-05,0.0024078947025510332,0.003826011295182482,-0.00029860188682326056,0.00019824157924287528,0.0011507228375752078,0.0015238011785628973,0.0006170046584300186,0.0006259187985906481,0.0003193504081925799,0.005188134062822502,0.0060819155489475005
9,0.0007963649360126499,0.009779305126103179,0.04806033671928061,-0.011174161091024357,-0.01346292289742737,0.0001706839507618213,-0.058437701890856814,0.00119740716440489,-0.12697660214632409,-4.0994069155151584e-05,0.005724384986895703,0.0020256688812652773,0.002393226061130238,0.0017649294577409547,-0.018204542523800493,0.0007755419876761399,0.014032638923603236,-0.007339164522618808,-0.09442962027180248,0.011867404173582147,0.0036812159439333567,0.006348378299039237,-0.012173028264020204,-0.048036648196991154,0.006902502303650727,-0.00022879884185821573,0.0004957106170857606,0.001222759048257428,0.0032889142328715107,0.007989015911336042,0.0018400625124210222,0.00045689055888757917,0.002007869501486359,-0.0021678375906197932,-0.0008196967928434966,0.00011870244245301004,0.0005695492594293659,0.005283310723243503,0.002551866151684147,-0.001541350904268924,0.010670921771482031,0.0004150819925051582,0.006779469567065764,-0.025170337998101058,0.008997587559636536,-0.0019052142256353957,-0.0007268160210738461,-0.012825694474176225,0.04810087933947105,0.00019324266753755729,0.0013761029965736193,-0.0007502353663722005,0.8495781977974894,-0.13629229040798838,0.012238562971812014,-0.0010397056005049968,-0.06952863022224212,-0.0007410439135055978,-0.0007695038474829262,-0.00011105231543974924,0.0019165492757082497,0.074089114549646,0.1626223559790299,9.32490652819605e-05,0.0003743375688368768,0.0016670975179546455,-0.03176932643914877,-9.533518199479618e-05,-0.0008810208341706667,-0.0005551713378164997,0.0056384719134603065,-0.009040724048403857,0.011406186963698554,-0.41721163731858285,5.7776629691530306e-05,0.009802961362975322,-0.027294397144460303,0.001813187786191473,0.07275566360046365,0.004006149334093274,-0.0029948775532285333,0.00616088023088579,-0.0232049362367527,0.020054271495782573,0.000415747745909402,-0.0002132333619164922,0.0006284062668872369,0.028068743174836947,5.1659899498927506e-05,-0.006594952337176443,-0.009230388639491043,-0.0003450531351399822,0.0007623581230876103,-0.0006357236117463701,0.002921470454336098,0.0005878078912303611,0.0005871952233276884,-0.000652549655624125,0.010438930566330358,0.0351328555490623
10,0.0003456001200836536,-0.0014764082360600866,-0.03401987845539167,-0.0007208548838080683,0.12093724029199207,0.003770816129182463,-0.12248585480621361,5.600136356292279e-05,-0.009319596775624495,0.0001885304206376958,0.0007124534828353568,-0.005157453621297434,0.0012703053066429049,-0.005968604877870778,0.12532282880413337,-0.00014175304369699188,0.0010079547667054267,-0.00011501941535195515,-0.011361649331380952,-0.006635125812315788,-0.018060781200287215,0.002510795400461168,0.000405324833983583,-0.00883336485045045,-0.00019070318745344553,0.00026170164933439185,0.0011561310082890588,0.0005053005642421645,-0.00474463675300859,-0.022723937059345067,-0.0037402991439663834,-0.0009447921995130257,0.020112429919159038,-0.004209422532403383,0.002658012630028867,6.349911983720077e-05,-0.003554269980983576,-0.014163911403000305,0.000374820830486484,0.022050480206047773,0.002499511281120581,0.0007216786475951788,0.001103176394929014,-0.0016222914447809721,-0.02961449715762985,0.002648781792227691,3.6904781681275194e-05,-0.0007242045948136246,-0.0035923197270434637,0.000413042360327339,0.00020059329312630512,0.0005092037803227493,0.12820862212806658,0.7198138880061145,0.1115280539453436,0.001221151157761265,-0.009535872466143097,0.006611460190543594,-9.767240787952328e-05,0.0004951309704309902,-0.0007574258844528681,0.0365203347922026,0.011761951530308554,0.0007866581647144585,0.000574026524937911,0.002304685329683122,-0.001558255413544006,0.00014499613639985982,0.0005683422363697652,0.008808955820253907,0.010992410544661945,0.00015051823577003076,0.00588053016300186,-0.06168166427239925,2.7343816443609753e-05,-0.04582577275663666,0.0001958728927710122,0.0006095917028669547,-0.6191469221691058,0.00012717829279621645,-8.794657759965798e-05,0.004534013770499563,0.060173482050584884,0.0003995860737076263,0.0003708202686285141,0.00013632810779545313,0.006284315927373748,0.004266443905299966,0.0003132519083692579,0.00160830207510714,0.08749155098218699,0.00018184279070196483,0.0002179557808926081,0.009360459548999,0.0003408227221923417,0.0005010278831288429,0.0002467952819220848,-0.00025519901626858143,0.02127918743492068,0.01253933276914675
11,0.0003968832631827174,0.00101304919157723,0.005019983268609713,0.5625481134642611,0.008435423701954346,0.0006840141197219912,0.003944278278546896,0.0014030350357877655,0.08065914309400582,9.45933831302953e-05,0.0006046248926763753,0.0007696257281366303,0.00019557867461515027,0.004094955173636894,0.010064815650071918,0.0008759596577666423,-0.004466150236652422,0.40400816973890946,-0.03191798649187493,0.003641523074707026,-0.014652535781188025,0.0005606306730444157,-0.0023376545350579096,-0.00390106060003478,0.0015309151554006018,2.8761086384698363e-05,0.0003409969444476881,0.00020749934919827347,0.0018616337804681742,0.0035836284551355874,0.0014864345004759576,0.000868494352775322,0.0024006277968033132,0.001157872031349592,0.02050774382274009,9.495315637269956e-05,0.0009131919833320554,0.0032100846089321636,0.00045084340301302945,0.0032188042633606896,-0.0032634956615692767,0.0003578690018304362,0.0004118588876842479,0.0069153030123702,0.0017950062803342845,0.0004827853669132644,0.04736367795639318,0.5101586586518129,0.0037152840872238455,0.00030504646347711585,0.00022264094466321188,0.021525402408746914,0.00752627949266399,-0.01068573825230415,0.007235667147317798,0.0006294572203105872,-0.07924017055059951,0.0007209312880046819,8.2413693088833e-05,8.840260695725769e-05,0.006888500626296083,0.009392400388569394,0.002384432688725957,0.00016487939082649936,0.00018073009987767084,0.0003631405537570828,0.012307043182424293,-1.4945167776292574e-05,0.00017291118375119957,-0.006333224505107273,0.0010172147612012017,0.4895720964660997,0.004428289867287858,-0.03203111212196058,4.28004695486664e-05,0.003813215661620295,0.001771165948625253,0.0006941275423501213,-0.003472407416084622,0.004165220311312237,0.02516499617543015,0.0024478580265785907,-0.009135285275214601,0.0006091764472824501,0.0002561652197694609,6.555633205551767e-05,0.0009037185375800998,0.000788898364873016,5.758528023873735e-05,0.0014828186104120346,0.006404004604311127,0.018869135315502678,0.00016531603000198222,0.0013962575338791645,0.0011083320900038968,0.0002471813585090065,0.0007619940335675743,0.00020143439712308996,0.005347043404299132,0.002142397433967949
12,0.0002310235378007635,0.006473350569439228,0.01610996090018192,-0.051747184518861164,0.0420599590495999,0.0019253395698197338,0.011318716655355936,0.0036434063972851827,0.9281958059892736,-8.701165920749904e-05,0.0012384282792623786,0.002572348651542263,0.0005440157629901295,-2.723063727403524e-05,0.05319909122304119,0.0007812587870363943,-0.04691642771227221,-0.03797465370341845,0.022911916362337706,0.01806248677111648,-0.13027585459520968,0.001448546421795969,0.0035859406525730365,-0.025243314351534873,0.0010962877183263303,9.427334789040677e-05,0.0015744700830385067,0.0007005579808849333,0.0038234900026044155,0.0020907853988148123,0.0013897604863952473,0.0009646975895757099,0.003965459096782329,0.0022729431453450064,-0.0012924302271750956,4.204642961413985e-06,0.0015137481242251116,0.005187829887110695,0.0014421003853181558,0.014323690676367119,-0.02689027191829857,0.0017574466515191784,0.0013431567038289121,0.06670422318040986,0.005861328440198654,0.003525649902884906,-0.004807482794713996,-0.04465570337622597,0.010724951098293495,0.002552543976174964,0.00036267652859488936,-0.001701519400050022,0.008858263137857258,-0.03533858902513745,0.0318685085552599,0.0024655439937193565,-0.004150552289277023,0.00402676359544592,0.00029393435069806524,0.0006027109300790794,-0.00048509459546717745,-0.014112528349642217,-0.016855241729790527,0.0005397603869685865,8.648121280011023e-05,0.0013384242876597209,0.12174255991672053,9.164761562264513e-05,0.0013642030252373496,0.01306521024366889,0.004559772315211876,-0.0457784329793923,0.06948334537741531,-0.2722829864437211,0.00012851860683012195,0.0071208681391189965,-0.0006163558961862492,0.0020564590687821927,0.0018240888445053838,0.015429155196678625,-0.0009653110792698563,0.00977655532627216,-0.01460144509773606,0.001681439661902824,0.0005667375503722247,0.00031207020986450713,0.0037829439982467175,0.003723272897913399,9.436294479577748e-05,0.0071452095003112105,0.03142225864758739,-0.0018684143845870433,0.00020746745640370912,0.005737599946738267,0.0012807242604881202,0.00038230605221349585,0.0016721526616960969,0.0016787542692237051,0.01623728384652678,0.004689525222423531
13,0.004310459854665886,0.026738878445524694,0.17745109202373166,-0.010941925784687556,0.3279081497109381,0.013008478934543053,-0.09295114560385909,0.0011087284982260123,-0.06907203759187469,0.000792681188108213,0.003770967845904777,0.015814035853148556,0.005658082232086789,0.00571448355856044,0.46915307481516366,0.004718304330975476,0.005467241490477809,-0.00722878423826501,-0.030266338647481444,0.1273251578556911,-0.006003450325687519,0.011043602337882335,-0.0013551037105221796,-0.02950976705165785,0.02653980390663354,0.00017700776366144774,0.007408444230711212,0.002969298090602067,0.023625325591638303,0.0443117805195639,0.010808531718524302,0.008534888930873067,0.04213964746932555,0.017480383748124686,0.010955665046024018,0.0005457335105598544,0.010258707449907468,0.04739332057734534,0.006431674608727964,0.10651929168351054,0.001833815503991601,0.008300627652732678,0.0019683722621603615,-0.004294023381866569,0.049307832574499603,0.0047754370420250505,-0.000531820243526342,-0.008418788571598092,0.10996137718222092,0.0017210138754642453,0.0031438109047895076,0.0021655941685659206,-0.17291762870014205,-0.2623572879139809,0.2672132064821851,0.004423503075637496,-0.003995315502945532,0.030348539674515757,0.0003320495252503005,0.0012071674738227288,0.011246519309594392,0.3404993948020548,0.3955092606057366,0.0018043825644411863,0.00197472983941763,0.009762163688068969,0.0022884972001958326,0.00020440991490488624,0.0021464558555767165,0.008295949719739149,0.03172687690472459,-0.006883173051686765,0.009065504672340172,0.013487323743938906,0.0011588629767694657,0.07193513068303949,0.0033287171563287365,0.002870083487864957,-0.05325362306662818,0.10840634843474281,0.004432663244262956,0.07677071136153632,0.0628534581083875,0.054637812320796494,0.003689787176994922,0.0008292395492276539,0.03085493728837372,0.004292790172385303,0.000702997287609326,0.00802932470666266,0.2480397574127487,0.00021368065029777825,0.0011708276535259657,0.03735991983258323,0.011792871867692938,0.0015965627966469662,0.0017107273042233813,0.0011249281915542367,0.14101147811681392,0.1094878360944922
14,-0.0021342945659306935,-0.01455568945573392,-0.04721283988945692,0.0015349503773845197,0.2741535744938244,0.005421121403963936,0.1216774535473523,-0.000566088403360164,-0.07141907024878912,-0.0005756198991574424,-0.000651621649858547,0.0012654881643606314,-1.1104114591015124e-06,-0.004261223725537851,0.48191266293597845,5.911191232554208e-05,0.00010468716609481066,0.0009862199712791352,0.04701884351864116,0.05159358532352848,0.0075040284668702745,-0.0030811101782257117,0.0017795740267949316,0.039551201565962896,-0.024854244402054637,-6.900933994265267e-05,0.004649623092507319,-0.0013355323083516875,-0.0025750952904082854,-0.02587620708147619,-0.0016792540510940307,-0.0009217585126494664,-0.006025826129607448,-0.014008590192853342,-0.01078469744937825,8.0376351479991e-05,-0.00019898163051231682,0.009358978618591057,0.0006815602599052565,0.08492379601205396,-0.0008850208667276062,0.002426617114071267,-0.001581571698809865,-5.203451902454151e-05,-5.0071113627259134e-05,0.0005696013974602073,-0.00022868387600617963,0.0004609573481846414,-0.053054045733318955,0.00011728215181486083,-0.001741085038063639,-0.0017465634549897347,0.1596406056859546,-0.07546458412747792,0.13578488787690365,0.0025660936265673178,-0.0026872890267462257,0.02947681650623466,-0.00026676810223582497,0.0004973599559888935,-0.013462341076677249,-0.48823940219721684,-0.5376142895875079,-0.0003716445011369829,-0.0007248932767221969,0.0019823898979312972,-0.003069206976842937,2.5802358587029978e-05,-0.0005650190998330332,-0.018405655340749,0.0019679606454241112,-0.0006404621177923181,-0.01692433581665658,0.015464444746995154,-0.0003209414146421591,0.019177269128643287,-0.0028397830128621404,-0.0005555404160047372,0.0790836476936873,0.056956534647544216,-0.0011684652974687845,0.02250659197383175,-0.10994390277617697,-0.05907125059458486,-0.00012308648006431177,0.00013494345512091426,0.021627835875810693,-0.002260042169818498,0.00017433449674679425,0.0096737168735934,0.20841567549586368,-0.00017726053064438634,-5.4560284077761687e-05,0.030052559825499904,-0.004800409026136028,-8.771439521933775e-05,-0.00010891793717690557,0.000663282244243564,0.0015283171293057896,-0.04499509948670052
15,0.0007392219077963591,-0.0022644714380325413,0.02709585656199534,-0.026958213617407127,-0.00015901195376175764,0.0002761439356467159,0.01984724421723382,-0.00038923743822620246,-0.016379804378911244,-0.0002312403442891013,-0.00038222635443073416,0.0024825988752630763,0.001323665376856152,0.00043434882805785946,-0.03900447824945577,0.00025401735128588454,0.006392371780581239,-0.013398487641008993,0.7254512865996061,0.004727730259650988,0.008719808728168476,0.0012450580331469627,0.046832237274245674,0.006250943009817876,0.00912352981326471,0.00032955762372192455,0.00010723529292429508,0.0005275569727824867,0.0013387082337686582,-0.002028455219383352,0.00230236381993425,0.001987044533723151,0.013435094654569553,-0.01788072359071563,0.006050142232764277,-4.299930712856753e-06,0.0014249037383980805,0.007512132232154705,0.000535921857774402,0.0005113865189179168,0.007935671206580296,0.0011559027934256215,-1.2304507557221386e-05,0.003295090071153222,0.00880182349784397,-0.002601800863493024,-0.0023490719359575358,-0.00232611250003151,0.02205432617586816,-6.0007831592900386e-05,2.987250208825315e-06,0.0011613700545784799,0.026960607168482392,0.00030609809538007654,0.02582834369584641,-0.003913258753087423,-0.6153476582780137,-0.0017695264555429612,0.0024073813753992994,0.00017904630174492265,0.0049235071974648645,0.20740440940044763,-0.1029636114497686,0.000535296982639983,0.00048540912671073545,-0.000615804214633647,-0.020589889103846064,0.00012898902833602486,-0.00010425803924689645,-0.039260222571335476,0.0011049897229629476,-0.012685743272788673,-0.025082319484865247,0.00850088113063046,8.271529235177877e-05,0.011700149211076627,0.009536213696972513,-4.206808343115866e-05,-0.013269459598413485,0.010829728256688561,0.016523898760045785,0.008288606550570555,-0.1592042236245169,-0.04113135501267312,0.0005249300511374245,-9.684114647212617e-05,0.00037764318035462966,0.001009899502691278,0.00025852405294644366,-0.004773079893236029,-0.0037751209967751267,-2.18013400301322e-05,6.494294925289327e-05,7.628956944349843e-05,0.0026457320305544397,0.0004633143203008743,0.00028443474254358746,0.0002530667658582823,0.0357762760923228,0.01965978006711489
16,0.00287765830593204,-0.015176030486346588,0.01455733964305305,0.0044316819953782866,0.0008478687269928564,0.0002879761027473893,0.013971112841453817,-0.00018899745204323248,-0.004726194211224222,-0.00019191571642470512,-0.002890895317733483,0.003899128962484247,0.0019027575147096826,2.458930679888338e-05,-0.02697708467494707,-0.00034890121869188273,-0.0021146183335241653,0.0018251572536722542,-0.16731200613166736,-0.023414986399675847,0.008972782079697914,-0.0016054592700611835,-0.013071848502804554,-0.011384895152898693,0.024379997263972393,0.0004293480220142216,-2.8779688555821345e-05,-0.0010828160954924702,-0.0010364720554705067,-0.017539080553753326,0.0007004363795084546,0.0030375473944374946,0.03629746966700709,-0.013752624105971958,0.0008331083326138695,0.0004701566810531438,0.0026494479973740367,0.005389178100886377,-0.0017390493636485363,0.001028245552419045,0.0014187966665751284,0.001931829766010213,-0.001387443249721552,0.007127700363529853,0.00789345819037901,-0.0026153142900443836,0.0003825578933672185,-0.002724740373626685,0.008026617340824715,1.7062754814221523e-07,-0.0010212225889299903,0.001820248657847583,0.03987169752170221,-0.03483945229243778,0.03695152580572576,-0.0027862775064914688,0.17172040651415438,-0.0007788614894885942,-0.0012631503909395427,0.0002623351951317422,1.1831657896427782e-05,0.7092980626594488,-0.6453154935022022,0.0005716833212412696,0.0006793567866315046,-0.0025763204606456935,-0.004286560611635466,-2.6675924190505684e-05,-0.002469610290898633,0.01905912440308303,-0.002836563455979017,-0.00043816690727113347,0.011552536763359041,-0.017800666144508787,6.371019933327365e-05,0.006877084920462715,0.0020138167444018473,-0.0008548423803156683,-0.0003916973121335099,0.0032583007435904032,-0.004902944181827691,0.00023330232236047632,-0.024967628615399123,-0.07731166681633767,0.0008480503906128601,-0.00037160121173996773,0.00106491577217212,-0.0062966251715079555,-0.00027980115036995226,0.001811947863494944,0.0031917570129147976,-0.00014047296123684966,-0.0008535513340036375,0.0010341228376487925,0.004537398336608045,0.0003442486597310078,0.0013990502127923035,0.0007767409831668637,0.07702038203973118,0.01418946180959528
17,0.00460986826650131,0.02766863029638776,0.2606648283349186,-0.0008267483664095021,0.19901869129025174,0.008343594601166224,0.003094607183400447,0.0033658942555028493,-0.026386310448791805,0.0010474556787907433,0.0041584918922772385,0.028777847312659144,0.006633273387331995,0.0022914333882865234,-0.6081263123363246,0.008393908925071636,-0.0035705833731930203,-0.0004512770198675381,-0.02549323553648536,0.2878671708098719,-0.007293431186236913,0.009287615233128127,-0.0002417078231050059,0.006745439859775493,0.011149402248760099,0.00018794960189156933,0.0070353039023013896,0.00500408677882155,0.04016545119714564,0.044674418418477545,0.01836570963522123,0.014826212651062497,0.05110690261477271,-0.008072393069678361,0.0019387225199479982,0.0003452230394396516,0.019912657452454866,0.10496373265369482,0.0028714130373769992,0.02705977072892205,-0.0021481662368434754,0.004195042313801306,0.001111227340918805,0.008708669699882939,0.0977195453039629,0.0006946918486486235,2.574029704938629e-05,-0.00014986540723050182,0.14841453451215914,0.002601690646712957,0.0030153052192116586,0.001476384481367316,-0.011175254747792296,-0.06057890256950016,0.38893384877688153,-7.154340266775361e-06,0.020264863156936708,-0.02841819728636788,0.0003847394260402693,0.0003716598008099372,-0.0014874459947944035,-0.2123875918259756,-0.14041239154566085,0.0022359942276419867,0.0024401982451639406,0.010960005083613202,0.030990124152902553,0.00040766660138179603,0.0009583524960190246,0.0010730062008975198,0.04057831252468441,-0.002669701749838514,0.027564980294333435,0.006417578805592461,0.0015201562232727145,0.17500581286342093,-0.001358914575643272,0.003067136833081726,-0.12243600212752057,0.2017923062081044,0.0033058947667401924,0.12450970129647686,0.019515957836936514,-0.00010019814366964835,0.002465484913637621,0.0006117015840668811,0.009997547636405858,0.0032171502966406498,0.0005504763607509712,-0.0007905947871281495,0.035868647640350214,0.0005465724495870893,0.001624409478820017,0.0031593968778479056,0.013164166338741998,0.0017851543876843535,0.002148603857627017,0.001635761232821352,0.1988432870178929,0.13204076549713198
18,-6.319589846826659e-05,-0.0012102896797676582,-0.057348097581371896,-0.003170086911137684,0.013795415748345008,-0.00022156370895486783,-0.10076318335141166,-0.0009246650721704769,0.005866761118467756,-7.670097741358489e-05,0.000916454273575425,0.0005057024461312116,-0.00199022456055416,0.002872404141709894,0.00936953333921882,0.0003448661561214713,0.004187829826109138,0.0006660713226654133,0.07834792252084444,0.02076105710374567,-0.012434981701235862,-0.002380087836194514,0.0077234286785893905,-0.0059115186236610735,-0.002695840661235696,0.00016135007511755252,-0.00034603151571303766,-0.0006775796797946112,0.005128026227904422,0.044703540059847786,0.0011539206725417611,0.0007859024039082712,-0.007286423676440933,0.059373503657823457,0.013044934074750061,-6.112282735555932e-05,0.0030898822954478215,0.0036026008733858732,-0.0011553835766761583,0.00033871362800058213,-0.0003511355563659384,-0.0004290698547122279,-8.88151853967624e-05,-0.004125361347432041,-0.0038456868612456105,0.013589374376833515,-0.0004610911616162464,-1.1385500719068246e-05,-0.04006883773653901,-0.0009605968255406691,-0.0005103206659176768,0.001255058310640788,0.02845942696989867,-0.07986314749024652,-0.035303394738109256,0.014570022392829656,-0.15576710961805154,0.00019168645050675787,0.005186049828219429,0.00019845171933012808,0.007928208815113167,-0.029262389122773732,-0.15275252464559833,-0.00024389771907465515,-0.0003088753550925601,0.0022497306072834446,-0.025449930018615487,0.0001001892654028607,0.005971856881903903,0.004163241121347498,-0.004599005761130542,-0.0017335068185191079,-0.026355522661777132,-0.019311380984333715,-8.219052334060284e-05,0.006428314145024022,0.003284962880551405,0.0018085339993282644,0.020780924117971854,0.006411997255443546,0.014312371890564654,-0.0031772549172167973,0.9469303570143903,0.10720152131913273,8.609581361739178e-05,0.0018123130869491294,-0.00042938401068507657,-0.0007329018239430037,0.0002518144516004354,0.029176410311340592,0.0037455773422321757,0.0008369784370239829,-0.00044382858578935556,-0.0006575078685891413,-0.0020763216886218907,4.146090148625527e-05,-0.00018285989378531708,0.00014271113452534552,-0.03691720867644392,-0.0400925437139863
19,0.0017305539197665656,0.015365175290452032,-0.019592383431771384,-0.002823911338025391,-0.034994913653032644,0.0009462879561972781,-0.002183706090801138,0.0064271675250027055,-0.17853373000418432,0.0003879523151106602,0.005181342604390647,0.00737017529057641,0.0005974924918060905,0.0038021781037562985,0.03422537430213598,0.0014152073776570653,-0.04086366934665841,-0.0001642221778505159,0.015661546807059182,0.03191893076583755,-0.031142376910608324,0.0023742754207663427,0.005573902701067119,-0.0225839642388877,0.0147509714995484,0.00012984104693744049,0.0012214994871124986,0.0009401603524819085,0.013708685816471663,0.029376523934420987,0.005538379312896799,0.005350210153438284,0.004258456237889252,0.010437386700701662,0.0009297388611089186,5.9626251316877155e-06,0.007940883348183221,0.020670502727854756,0.003354018129616356,0.0010838694781370112,-0.01668238252429706,0.0015911605941588104,0.0038205674437149654,0.07984634152377125,0.021475487778846676,0.005867052848156911,-6.9685244678673475e-06,-0.002417421987768009,0.005659899459695167,0.00498466409394257,0.003759749608136135,0.0010229157120446753,-0.028132046347232015,0.008582292810924076,-0.08288973552295684,0.00785951292178149,-0.03177439212190636,0.0022949841443352394,0.0006397469547075882,0.0008160124950385508,0.0034367862917732924,0.002850603993958589,-0.021923372594982823,0.0004550011211227078,-0.00010692475084333217,0.0044694112746336894,0.9111369841488487,0.00018012857477679462,0.0019303832327937456,0.03735127387552122,-0.0005978016647560703,-0.0010773415803928509,0.3156833176398224,-0.07736988037153315,0.00019104167186987514,0.03952329541239025,-0.0027433096604857765,0.004825033357870309,-0.004653130940260777,0.014750717874433383,0.003475398839221795,0.008566910058908056,0.011358020188400661,0.029133107265892987,0.002071934608849399,0.0011473702445707978,0.00032305968319527715,0.012471835585669415,0.00040160929145792185,0.019256702136256517,-0.015060262036824711,0.00033632402437561203,0.00034483797969371056,0.0029981831127291756,0.007144596200329664,0.0009015717143699578,0.004431618215755455,0.00510523953550117,-0.029914121543769507,-0.009717807491400547
20,0.010887396726083399,0.049470016689466295,0.12959999015367576,-0.0027994889197926476,-0.2564056795242382,0.00301492438503409,0.002351631623038822,0.003643147601126523,0.014970309798865156,0.0017177117531659292,0.003018808608725213,0.06595277594751522,0.0011934590122623379,0.013099060749111723,0.21754494580239805,0.01663864865186651,0.0019403199272091769,-0.0016141413354792923,-0.010169958300424872,0.2858271740567207,-0.0017875962852382174,0.004572895636826647,0.00359884796930922,0.005527982553867383,0.04543721364513012,-0.0001548784374842435,0.009663289635377076,0.004642251684321808,0.09722162668910435,0.1597440743456245,0.0481989268641708,0.039161147136058894,-0.0070585487278288055,0.0013916655792108358,0.0018250967261803606,0.0005422699645120654,0.05626386377326555,0.2595840048374697,0.0018320472258241882,0.019041672042341015,-5.97270957473639e-05,0.0053810300848318345,0.002525136942527019,-0.0006375097649297286,0.2591809171356798,0.002539072182191713,-4.297681901400572e-05,0.0023229913811198457,0.1306777843471116,0.00015546360486125245,0.006628206339962767,0.0019294899484874402,0.003413446574153588,0.07089714483240754,-0.45646474665242165,0.0011914521645115758,0.005111285252536735,0.013494402267779388,0.00040912197492440686,0.00011337172687945156,0.006876973882806763,-0.019937899322136715,-0.06268394063232202,0.002109034515914753,0.0011173450082820613,0.007997996548493546,-0.12019894559189054,0.0005547875615917013,0.0023625237852036005,0.00670018956177716,0.006147832451545958,-0.0037115733658647605,0.0027339127400245397,0.006425511672625492,0.0024509553933548325,0.49526750498891603,0.0018204396805580267,0.004012208470925422,-0.1027136829649221,0.24409568214723204,0.007570732999268158,0.09604378077198528,-0.02731991195131559,0.019651723760954,0.0038941737198999408,0.0010814067927913508,0.0054797037562897945,0.004704076502399123,0.0011452296867520062,0.0004136392517480533,-0.1306931389978933,0.001053910222775485,0.001838488278428838,0.015843455441728205,0.02121649325012523,0.002763759805683329,0.003774903172045759,0.0008808814958897598,-0.06806072628778125,0.0572191772531747
21,0.0012548525518893629,-0.007693091582698736,0.48312346058428157,0.0033054901340622105,-0.5393757250468468,0.003793211960645953,0.0007229119921212286,0.003643362801596956,-0.005379577083214508,0.00017218448491895105,0.00023551061605123864,-0.01457535299367125,0.008343162658762848,-0.0037274036633159237,0.24000997868025253,-0.0011611114236854923,-0.004843716319772661,0.0017931184525778856,0.003096139751580962,-0.26093245027828355,0.003131767630722926,0.008485403358546206,-0.0023055264029784948,0.0026784305313659607,-0.000358133095987756,0.000433802345875014,-0.003699116671375455,0.0034354255602651734,-0.027196090748770968,-0.07290158571623058,-0.006019121744026294,-0.008354387736804064,0.029040877935948645,-0.01752298174413974,-0.0008849120322210052,0.00014663663971917207,-0.009271261215452496,-0.049227983457183586,0.0007523074341839,-0.07198218598173906,0.0019175132287945762,0.0032603848141025994,-0.0008797008257595816,0.007198176392827053,-0.005532500438804239,-0.004815061720084746,0.0003444987459257287,-0.0042138896865432885,0.28257042580851477,0.0036546282498968463,-0.00036778778338369955,-0.0006778592222693664,-0.02029608329500291,0.0027358748033659425,0.26818213953483067,-0.0012427994410049007,-0.0036896106762144,0.007999500136923446,0.00034217281913642966,-0.0004988175853133938,-0.004673523742843209,-0.13445930947132329,-0.08818635484048924,0.0034818615343716122,0.0017933752851595972,-0.004145862694329044,0.020369005723647506,-0.00021428553261398746,-0.0020347002794205782,0.00047635705380323634,0.011867119283186706,0.0012962826822408716,0.019250059057606496,0.0037502398034821027,4.117923543023316e-05,-0.08958625291878707,-0.0017776409384491904,-0.0018434649078431114,-0.03589440823961218,-0.1485541724079631,-0.004498497583741181,-0.02218040454911134,0.07597634033937062,-0.03802801298956614,0.0012609834859542979,-0.0006439496921354685,-0.0019154195423713369,-0.0016092797569462474,0.0007021923019031664,-0.0019911277480997094,-0.1409356881634846,0.00024478627675393605,0.00020149033136531228,-0.01340933208436816,0.0045812841768574555,0.00020834467185089977,-0.00031753110056814693,0.0011456174696265345,0.2217187362594827,0.21623271901892419
22,0.007242899457011937,-0.02264624478693769,-0.21744126724231877,-0.003179785704386387,-0.04500415044973133,-0.005813240497422156,0.004504780122393887,-0.008178501274617389,0.021328330838685433,0.00047027774542743317,-0.0054771397397319205,0.039896811822740796,-0.0010032968650042773,0.0056949510139625015,-0.03445028419173006,0.008969345817058064,0.016904755182610975,0.00014037828771415115,-0.0037824457694862687,-0.5555599891603653,0.0010742796402584964,-0.005807192109390298,-0.00032746290167453597,-0.006386732473834103,0.020115011378118733,-0.00015358351550484828,0.00473166058295087,0.0002784387807322278,0.04795164749035566,0.04423182206826611,0.028230453363715276,0.02759524601238303,0.03056228663055411,-0.0034299891525415146,0.004639984667771179,0.0008517401461864554,0.04163791084918368,0.1948062090778761,-0.0022311241080081824,0.013865404386972223,0.005649075653398686,0.0004813678113110122,-0.0038220707754808947,-0.03251423882565449,0.17941224252605184,-0.004642946254876192,-0.0006979942212992896,0.0005372021802273474,-0.10271440567768894,-0.003100192547588703,0.0017070078988780171,0.0018781493040485708,0.026524130373117728,0.015289183318785732,0.22129884122259244,-0.0023896534463346956,0.01967887172065233,0.00014076346395758797,-0.0002914672375027195,5.615455385737174e-05,0.0028825826541098447,0.006025605601698014,0.05304878874677985,-0.0007673618112924656,-0.0004892103337971018,-0.0073380152518914225,0.20087763965869299,-5.69415102713907e-05,-0.0015009732894723426,-0.033622590202360525,-0.023986104672864515,-0.0009093677307903635,-0.5195412282534368,0.008141604912988126,0.0012509168878804449,0.3763591710406009,-0.002301773471990981,-0.0036455820819201843,0.025032745913912864,0.15985019479058088,0.0022851565768567624,0.008990321119096877,0.005608470759640709,-0.028185826312557193,0.0008399305654913439,-0.0003090881768015283,0.0009002751310736117,-0.014508688548881144,-0.00010189658944471762,-0.0028726878161155073,0.042790463271804455,0.000497692716356031,0.00048167666080320957,0.012619389207569026,0.009463028628277782,0.0006610090315087662,-0.0031175304651372172,0.00011999704705901656,0.08362237929210328,-0.05743085963148001
23,0.0048450723493491605,0.010272535469343091,-0.15223226112768426,-0.0021349171936339006,0.02260281981490636,-0.003642842353011877,0.010750007877374124,0.009004569795745737,-0.03129972920750443,0.0005049767280643214,0.0006105776743529773,0.024682163877186806,-0.0013745738918511108,0.00684497500508599,-0.03498211582318956,0.005163147485830855,-0.023815508789756343,-0.0010834812192111161,0.0060606685190728385,-0.43368910694448454,0.0018742188883710282,-0.0021291471933956984,-0.00038328089738858115,0.005186480208176594,0.028463779041232908,0.00010996772047360904,0.00261567666545642,0.0002927615470669255,0.03138321648865269,0.039483001559673866,0.017991675225046674,0.016309826860435736,0.009756326353459674,-0.0014387910591613694,0.0036560612382409924,0.0007731540640394108,0.029170495780570606,0.11439024626266113,0.001688637596565565,0.01533912717752962,-0.008194777540323842,0.001452626859366095,0.0021961215973727855,0.04739589328759841,0.10586335385536377,-6.477419438128898e-05,0.0003695258413399579,0.0055919372174980265,-0.04344037573427276,0.0031109642220352625,0.007253520685408903,0.001597068910228939,-0.025657696585094293,0.00951835181758118,0.13071823676202882,0.0022126918468052034,-0.024342429231887938,-0.00046077985836487194,0.0010550916262201488,1.1685447732684418e-05,0.00735734040881458,-0.016962713005093034,0.02192611103941184,-0.0003780564344395786,0.0006621691548962206,-0.003965288610536455,-0.2740201913345438,0.0004049051963051827,0.00014634093505286393,0.0435773094267169,-0.01559101571061014,-0.0035391553099589444,0.7699155535602202,-0.021295241914504347,0.00047492953802519625,0.21547567642110305,0.0033728694735256567,-0.000256505589451405,0.030988489678100303,0.08688619278764895,0.003327907688160307,0.0002732156276645252,0.016917406869731238,-0.03992086277695043,0.0002596389543540363,-0.0004298489840262353,0.002008493355934418,0.008110764349749104,0.0004684880161806692,0.007701203278096755,0.044061968053915004,0.0005803067803180177,0.00041578438706312807,0.008544513300064895,0.008188336607101608,0.0009706999028265966,0.007901224335167809,0.005031659867934732,0.019004059717701235,-0.03696534162358339
24,-0.0018778397355578205,0.016633989756291295,-0.4036937017556901,-0.00601158733739009,-0.46964794919952213,-0.0019377292764475376,-0.016742186227555238,-0.003623123435350567,-0.0014895237154166907,-3.123311309614213e-05,0.003900743215945992,0.007466402618171429,-0.0036381293411052867,0.006957979057053358,0.12442225691174666,-0.0009338313673679308,0.0005634984488517916,-0.004926092414283312,-0.0017477426408402733,0.423225070453767,-0.004740156372191641,-0.005635186413527442,0.0033102169273721343,-0.0019349715355371916,-0.003053041754505492,-0.00045496693469287476,0.0009292116928349779,-0.004109526319877954,0.023910463500560766,0.1226577782853282,0.0016034622409756144,0.0036142122972451785,0.03538783315946707,0.02977053858904122,0.008385947832814494,-0.00046484901522308997,0.0016864073965198456,0.012973536404543323,0.005485726369037461,-0.03931125645652333,-0.0023974029551687426,-0.0017394648752795706,0.0035084794033857763,0.0014354814113323655,-0.029511288011853792,0.008718978234217644,-0.0007093932725162431,0.014499713564146827,-0.2784322637964116,-0.0018698567690163801,-0.0009598661847842749,0.002369769648272655,0.003276623898713818,-0.03800351607610716,0.4931419638853862,0.007835952508649149,-0.0027344622293730796,0.003668920647332654,0.0003075396194168231,-0.000529018875374689,0.006919872191828203,0.03368715306253492,0.023784550902063935,-0.0009717873291778378,-0.0010921244197447215,0.005713671206373672,-0.030990433515770688,-0.00022060410291182588,0.003851675762381739,0.006077157062385756,0.012966082059816305,-0.00703582954165391,0.055458874857025386,-0.0014881508871552318,0.00011221795337210128,0.029497667801076766,-8.592306474297651e-05,0.004948856687099236,-0.02253796463769997,0.03022479245935522,0.009153587175169155,0.0026188837249233113,-0.04851636993586676,0.1289301118733871,-0.002191171865747271,0.0013281164390257993,-0.0017862685790450729,0.009895341224958224,5.1061783617464135e-05,0.021459884729004366,-0.11452387434369438,0.0002971841241051418,-0.0003239590190521613,-0.0027938649982502135,-0.005001054147300971,-0.0011000932882470438,1.5930359165666763e-05,0.000997798116662573,0.08367229801747736,-0.17252222886531715
25,0.0006521880665339692,0.023861162573983657,0.05246376951667081,-0.021526881610915358,0.04879272205924351,0.00740498985333557,-0.06603088739321976,0.0007122821820338353,-0.005108596379760471,0.0008439918298335496,0.03035972697519939,-0.0023716328486975418,0.005800526333641311,0.008336732166004234,-0.02446553589671788,0.0007950332723245454,0.0014385297049203,-0.008608553833279263,0.0027555655024316967,-0.1396909941137174,-0.004322075769099284,0.011839076108295408,0.0050262596142401205,-0.003210247303944853,0.009117087554231112,0.0003680135586168202,0.00011065258115457318,0.0016918332459707852,0.007057223842423967,0.10767729940640551,-0.00011025418324918856,-0.001566958636956879,0.009135636802277754,0.2773137347609289,-6.298424378092381e-05,-3.771465057771442e-06,-0.001955518479172411,-0.011239826843457895,0.029720466117534663,0.0022976487315246714,-0.004626587172683216,0.005880982158790041,0.016534883493259492,0.0031562906659091177,-0.010276127702212822,0.04664188722468073,-0.0019455940642307237,0.04236389904881184,0.03622116411255752,0.00015092643669543704,-0.0004598484992841662,0.0018610901073388517,-0.013806683975844641,0.015784159410757243,-0.06262180059570163,0.06966263283253948,-0.007502111212293034,-0.000735789589774096,-2.087429316100165e-05,0.00030424372127323357,0.002137062096114529,-0.012830393390264441,-0.11673854045775384,0.001921427414700712,0.001967182539156214,0.018890458930214127,-0.033360127887801495,0.00039788824319904803,0.03604874794777903,0.009412344078467649,0.010878539671418653,-0.01655195940345111,-0.01397829128221718,-0.00786577291054716,6.386595462933194e-05,-0.037762223956552356,-0.0018275580865038665,0.01943183465317242,0.009176886976919138,-0.024438405464940707,0.006046348978864351,-0.0009279233512732464,-0.14917691287541734,0.8800987598713486,0.0001723946683360961,0.011706681675766408,0.0032499011931951625,0.046358894988494395,0.0005011669824351129,0.19678612756513172,0.01620825267020382,-0.0001233327512739303,0.0009549159042240588,0.0006488768211552782,0.0006938499004782253,0.0010437699508108649,-0.0003402741038337296,-0.00022088381956174427,0.0706840916814677,0.016642807327814868
26,-0.00019327322603218049,0.0007219143608869385,-0.005434383486904762,0.3785355550318522,-0.005255747054822744,-0.00016076463234530446,-0.00447187161699957,-0.00026621546051886717,0.0012528739438583654,-0.00012412426331377072,0.0014818705511469004,0.0012464099310810074,-9.119487508440138e-05,-0.0037322043860203522,8.65426191386234e-05,0.0001690917500734451,-0.00031919296231950646,0.1662837823164984,0.025554788348060634,0.003343458581055246,0.00019616608491129783,0.000602221393031135,0.001981148691849817,-0.0005876228859138082,-0.0033989165290497537,4.0606606214647e-05,0.00011921073367111455,-0.0003698120286154661,-0.00053113371089877,-0.031006667237944645,0.00030313903295772077,0.0005791341243669458,-0.00016336620707247881,0.01948459042934509,-0.01861027893767225,-8.436381074822773e-05,-0.00014919459949588182,0.006508509360947302,0.001621082755332527,0.0006160080751640533,-0.0006631993654680549,0.0001372797890846389,0.001201698816291782,0.0029850075832395942,0.003270157040381916,0.0020305961047807136,0.04012238812695941,-0.8493941821822598,-0.00944216464704107,-0.0002643035412367756,0.0003092351914690053,-0.006713729076355177,-0.0013277376406539351,0.00030159672847454577,0.004292250042933328,0.0032870688595934973,0.0035813559215161868,8.663164170715138e-05,0.0002937640434524174,-2.7316385958135983e-05,-0.01180371599304108,0.0020085502278268386,-0.0019906288698997715,-0.00026384420435067056,-0.00029146358316658446,0.0005819213744466863,-0.005047721114624338,1.642182601761669e-05,0.0015483576980399986,0.004708363700549752,-0.00019232014440116567,0.3137803731326938,0.005452095433366605,-0.0014711169032993014,1.2023918212131224e-05,0.0102168137642537,0.0001773730503368265,5.801510556977462e-05,0.0005608139531140255,0.009835611923071273,-0.03508819645378104,0.0020800045280371347,-0.006616746284173483,0.05339917549034383,-0.0003009969088657756,0.0007368228187898337,-0.00014089441922998398,0.0035545336597770758,7.163580195554235e-05,0.009215900314315344,-0.002348011310256564,0.007207167416213286,0.0001336560966418007,0.0006590249513738879,6.581367228515253e-05,-0.00020366843952855732,-0.00017183327031519702,-0.0013351518243113012,0.0053556453160074485,-0.007618804978222676
27,0.001431474092176659,0.05662080449472212,0.1630207886116215,-0.01658007644451956,0.07411646908488935,-0.0049120891332134105,0.013478885758288872,-3.832584448719249e-05,0.005089395182047023,-0.00023016930566143248,-0.005717618518442279,-0.0009092802168885264,-0.004640404945436188,0.06653154086260363,0.0019420749640716856,0.00033768907048259324,0.0015308903239942238,0.0024541237768360294,-0.006409311792542071,-0.06455726181981611,-0.00626438632656745,-0.0062004484424318055,0.015538357696824824,0.004800982440437966,0.06440441070096148,-2.707328022994871e-05,-0.00788567683621756,0.0008767994799917462,0.05011879998846521,0.7314609284072741,0.01746265512436542,0.0028342093093117237,-0.07390907930038998,-0.0741617243987403,0.019706204452948777,-0.00022708701221372737,0.005196487958892351,-0.03850295930347434,-0.013077920975527617,-0.09835123219461649,-0.0007115131980900552,-0.004968017186046044,-0.0015810140749336567,-0.021102532080586642,0.015166856778827786,-0.01470787117336198,0.0006920246787801658,-0.033045490772405116,0.08911173592347335,0.0007296868725208147,0.0017827642300854603,0.0052340586552589215,-0.0025008751223418967,0.0025549013210362514,0.20935641385975395,-0.023719973458027916,0.0007947150359810936,-0.01416970411900071,0.0015647318844060904,-0.00029034351984606407,0.05317795783438805,0.018605419916417308,-0.04101600507307571,-0.0009391310800674417,-0.00022374876647325115,-0.0014413868138634684,0.0040477260170416,-0.0004236062585640868,-0.0066346749405052485,0.01019410564118081,-0.009101127454762345,0.04366020765926551,-0.03168653334216388,0.003593593255404823,0.00010556158333058924,-0.012201719589953433,0.0018037729759549093,0.0037868384538091364,-0.017767804309319155,-0.2046512193451369,0.04489170451705365,-0.06294905288817078,-0.029429066362195395,-0.030041725587819475,-0.00042467395867470297,-0.0015717253358756447,-0.02078861475883677,-0.010248966812074125,-0.0003429886269715413,-0.07964415129539956,-0.03681777025165015,0.0026164192875494504,0.00040127175813020654,-0.023394496006914,-0.0003568793718635886,-0.000294680012995902,0.00033327666386436493,0.0008236106991260346,-0.5145528810230456,-0.06406134488928608
28,-0.0008236277754462055,0.03182384383023637,-0.13488847101755347,-0.09999933254074421,0.0058362729296993895,0.00462544343000784,0.008561368804313386,0.0027467644037477445,-0.0031916653883746152,0.0009348220603838803,-0.0001765647416932109,-0.004796897697288359,0.007010308953162609,0.05019009490488037,-0.011493115029558243,-0.001383682029801268,0.0006736773619672072,-0.004004891515923899,-0.00889576415875294,-0.05283402640891007,-0.0023605301969843867,0.006646183967361376,0.010332875611811461,-0.004155668074170171,0.0433091886245347,0.0007658629066478047,0.0031774033888858676,-0.00013132344434605998,0.027223394072210624,0.5640474244944054,-0.0025140642037934074,-0.005344804113717586,0.1090951282597474,-0.0707698623253094,0.03163712531420668,0.0001793179742255093,-0.012706517131927213,-0.04659711586019051,0.0026836059798740733,0.06093100324369834,0.001836902786472694,0.004372086971176874,0.00196617652828366,0.01973050583733734,-0.10056192837006582,-0.007212109047058466,0.00010467097188114616,-0.027833749237224033,-0.06742198477252445,-0.001058277803243644,0.0005499677105577708,0.007598383156895616,0.008134355467015204,-0.004683931915351845,-0.2634105637737663,-0.01510900706984988,9.487848835665683e-05,0.009652607524610338,0.0019710105173164133,0.00038691159417119476,0.04591302192183183,-0.06433620816240992,0.0014433598673913514,0.002003581256792497,0.00109635086578325,0.012117820541069317,-0.005500172308646625,9.910877779048359e-05,-0.0055499011227267,0.02289425398352196,0.012028044292889261,0.13804702955617593,-0.006180897589935718,-0.00025800567631427407,0.00014504321035399993,-0.18887923977316906,-0.0011601492229252291,0.004275476154181149,-0.010947084663868956,0.023393683995498196,0.040396517772022814,0.0054688257540426305,0.002339092461151101,-0.12196100222363261,0.002878106098471524,-0.0018620973003409971,0.01732219471917606,0.006516439608736911,0.001240986652403157,-0.03930536418010133,0.05210855643382133,0.006159955079134126,0.00035406541259914135,0.014204689011584365,0.003972136848470214,0.0004683895060839041,-0.0008498085992030939,0.0064538116290510615,0.6649092784065754,0.09041732080498367
29,-0.0005537231972675375,0.007014395451076514,-0.01959789375616154,0.6221754047852396,0.005877510895926455,0.00017475005064349416,0.0014600343906570612,0.00047140142693287196,-0.0010113711697544948,0.00010969161841596631,-8.822117379887577e-05,-0.0004405400769057063,0.0012300335341450235,0.009072912478953032,-0.001559428298422011,-0.0008103557121692012,0.0002190577151100076,0.054044589058778375,0.0075841722949453565,-0.012518290192050863,-0.0006315041409935968,0.0010786389366936495,0.005766619737104211,-0.0007056114640529767,0.009683042248575816,0.00013233585069588648,-4.195583822794169e-05,0.00021923215466071368,0.007926296919086695,0.1328835201691608,0.001261744949082733,-0.0013310762994447386,0.013940039958284089,-0.016681089165793063,-0.01793393748007933,-3.343786573309013e-05,-0.0016332141015804047,-0.00979238454845268,-0.0004781136538496299,0.005312151141706228,0.0006019966856772446,0.0008889505895399463,0.0002608836976468322,0.0013301874410399392,-0.016378447189488082,-0.0018628939296629148,0.005795040470700757,0.0007871933414471833,-0.00466089674219277,0.000453474535739638,0.0005297620160947397,0.0001491579300691683,0.0016808151404246463,-9.012162597629714e-05,-0.036537488481340585,-0.0050196742622032695,-0.0020644464825872568,0.00119864613033194,-0.0006328151980576765,6.532688916821802e-05,0.0040888134484108885,-0.008457560346736809,0.0017696738735874656,0.0003990351973003712,0.00028502711740876845,0.002309482607732066,0.0008944757701775854,-1.8141197545879558e-05,-0.00206936351254677,-0.0029860614684303656,0.0017898887082430613,-0.7598810187553406,-0.0035963584091101095,3.483372255599221e-05,8.10075969284417e-05,-0.033800596047768916,9.404212622360353e-05,0.0008741754477199631,-0.002205632249790812,-0.005360157371951668,-0.0030302837323955894,-0.0037211555792081366,-0.00031296546703605405,-0.019758877289231796,0.00047801938838307493,-0.0003362715160675941,0.0023530298025564063,0.0010265750860137353,0.0002522109894642476,-0.014557385858976368,0.008744394697320038,-0.022400692217998654,5.508127413306435e-05,0.0009918552447713905,-0.000404766339090281,-0.00016351218412855874,-0.000331528796966081,0.004409449668665546,0.09191511944743806,0.01806132488036491
30,0.000856958380496446,0.0007432553775537087,0.023534022601676367,0.0035055393521427917,-0.008763507681247278,0.00949830000800617,-0.03130566047985981,8.573826627276114e-05,-0.007375909647789298,0.00030797905595769844,0.021627448750490184,0.00034735815662489435,0.006944164487327601,0.00837419289681388,-0.013025718173247231,0.001308098723867961,0.0002616264669371392,0.0018790210819546577,5.4510394909765714e-05,0.010995988173779867,0.0008091193370090063,0.013346341188285397,-0.00043686487491943597,-0.002433348045444081,0.008854551670452028,-3.2825229863647795e-05,0.0005202288083978879,0.002125528540348148,0.0030167718557467292,0.0864526792807818,0.0022838638307259374,0.0007931787611857305,0.005880701427306696,0.544395014946647,0.004481832587547797,-0.00036974297334256903,0.0017009498417062084,-0.007946980176989983,0.06780648880880186,-0.010906754675181393,0.0018538486079461222,0.006535068938896955,0.001722971053815893,0.04611866289430478,0.0012139447868556794,0.0920329619314712,-0.00035941984207466465,-0.005131251128630058,-0.005715643093886287,0.000546891345218287,0.0006457252946352257,0.0009076074862591753,0.005000987457944098,-0.0010372528348890587,0.008339029636069905,0.1896470403876344,0.0014376392859645974,-0.0004404888743477553,0.00039825822478003277,-0.00014417863750597944,0.00841450337834397,-0.005720995756647027,0.023301084849150736,0.0017335356706880331,0.0029732177464118145,0.008748866067633624,-0.011760343720845551,0.00027669049594930664,0.04580028323519029,0.01589340213512236,0.01751279336947926,-0.003627433460029933,-0.023860158551178852,-0.00449216101045406,0.00013521392725882736,-0.004074450578720532,-2.5849255237199095e-05,0.0031027732223592353,-0.003956752594924702,-0.03155860855821991,0.008967264477773924,-0.009298987121803647,-0.023422239876077902,-0.3678297865498299,0.0025020114391444493,0.009038732081857135,0.0025370948775360032,0.005070346524761658,7.03481040895662e-05,0.7064892954889638,0.007707677157310272,0.0005864813546613617,-0.0004505640368780642,-0.0016987252099994962,0.0005857477789281885,0.000826207826268935,-0.0004258985248815853,0.0018769483031199105,-0.03219173019459324,-0.008942634929803132
31,-0.004255263700640101,0.0035860756186528453,0.050582150116486695,0.0015380641833410598,-0.3840472651670825,0.00026448885606406014,0.0036981194612466656,-0.00015668062320010542,-0.0010605926081821773,0.0002866876913317079,-0.0005355586350868774,-0.0011034807735681024,0.002634347772025347,0.005291842365445221,-0.12084604944244877,-0.0007693148828107899,0.00044603839239983414,-0.0015102597859616756,-0.0014575522605432423,-0.059790177228122174,0.00020712988255158077,0.0005363442171882355,0.0022374659663569785,0.0009146855910787954,-0.010424065049448802,0.0003526655983311375,0.013286930242699484,0.0010737304904700172,-0.012612447723591227,0.06493631978824138,-0.015815204648763542,-0.01120817963308729,-0.04532876834748149,-0.0038598255566650534,-0.0004674643847226746,0.00013348315851957615,-0.024310072205838196,-0.01697883982167922,-0.0003070629399481847,0.37735151035842257,-0.0003613199937234496,0.0046657140364623,-0.0006814253505817323,0.006534235285609084,-0.11914148869962149,-0.001907446775483723,0.00020692980529945495,-0.0018438528890417421,0.030888850372697868,0.00038508027467590474,-0.0029563121366023987,-0.00147753470017811,-0.0007266356187025369,0.012175195417807344,-0.044087544976436466,-0.0003603847527603064,-0.0004610925676551171,0.05185176837561057,9.342779640450797e-05,-0.0003633329428346554,0.005373247096591954,0.01859555237481211,-0.0060062287894890355,0.0019719209043778003,0.0008678330277578153,0.0005511507130288706,-0.003219113356018606,-0.00011869251489035962,-0.00025114882824006516,0.0036840807465646523,-0.002751481774434192,0.0008769084552418,-0.009854003529735585,-0.0004390392711432767,-0.0005369157951602282,-0.23333334549313273,0.0005480845973322435,0.0009402274551546441,0.01655406535718767,0.41166923599955213,0.004079392110451996,0.11798387938658784,-0.004964823246934726,0.0012468195164071268,0.0002564577170021797,-0.000560569576847584,0.039661140919548615,-0.004368974999101756,5.7070507302353114e-05,-0.003881397581111036,0.6003009789746151,2.694659755689971e-05,-0.0005501766760571845,0.053203143023971264,-0.003821341241608687,-0.0011301679270566988,-0.0009593758279470288,0.005564264151902209,-0.2402739357699684,0.0007163649298096014
32,0.009948435317898182,-0.001371212620171175,-0.559065192982914,0.005269271140240228,-0.0234902783988596,0.003149243348973485,-0.004115316640233568,0.0033248043819550308,-0.0006794492537975788,0.0004769332337185572,0.005338256460254681,7.992388984243148e-05,0.02310072575969141,0.005941985762933172,-0.012558525119308633,0.002385858798375773,-0.0007774778300169288,-0.015148292869186886,-0.003011907419356464,0.05687278420903247,0.0014332643813484147,0.01812673783820972,0.00460042248746199,-0.006627115685952728,0.04158592066221421,-0.0011196588198587498,-0.0005362204408696663,0.011724230732892256,-0.0025860823710613344,-0.012179403802923965,0.006022399579108405,0.0018170005932740402,-0.017139225211227575,0.00024262358062621288,-0.002341262001158244,0.000588055764204426,0.004693410807007977,-0.000672245567491514,0.005910782856196195,-0.03708652939060532,-7.1277488218612906e-06,0.007315591172625417,0.003957089172344257,0.05665227104037568,0.0518242257194938,0.0015699223823833256,0.0010070028149409874,-0.004695815823307742,0.5163444932573089,0.009981012484770652,0.0022687107072661,-0.0008051388550151606,-0.01861294061601907,0.00023419538625765388,0.03521029288843859,0.005754673312890824,0.0004304055719062047,-0.007374797132843298,0.0003853439869753667,0.0002474105080654417,0.0006561670303282738,-0.0208940726678375,-0.028929665820223698,0.008208089242380059,0.004603384446908351,0.0023849185874551646,-0.006698951322662856,0.000696588569452046,0.0013081417840051126,-0.010892007095905001,0.009488184188607982,0.011914131026088848,-0.026605393260907727,-0.0012940234651012614,0.0018189595659270225,-0.005586937977554784,-0.0012597208348969768,0.0015596461080103984,0.04067598593814496,-0.14009284605161246,0.000265489276755574,-0.024992539105444654,0.0032142593620193838,0.00749725352752517,0.004597281789548497,0.001197306103508049,-0.0021351824415999903,0.016100286858674026,0.001256380336888175,0.012625410590741437,0.09971598481393812,0.0010482199229396652,0.0022672799682895957,-0.010003507365138766,0.010982668609506495,0.0018311217921448677,0.002962945419831775,0.02704347510721944,-0.10981735538507709,0.5966688417798498
33,-0.00471859290696617,-0.005343290631922383,-0.06561719853133191,0.001687872324725448,0.13582734132233368,0.0036765009427786807,-0.0007491228151352697,0.0010627425949300117,-0.0022267931420453073,-0.0006051639587200258,0.0011372643740234084,0.0031365727636179924,0.004793505424846451,0.004272948762539766,0.10568162588350338,0.00024661533242009703,0.00011740293264878542,-0.004270106933868098,-0.0025595327735991845,-0.11162393914579252,-0.0010021493148228144,0.0037705673276611173,0.0036334409486455297,-0.0011641466540138756,-0.011645135113354136,-0.00016046413314999193,0.013945574597277414,0.0008575650731637071,-0.017331507473102817,0.048809811950434316,-0.020449174719653716,-0.011257404785744092,-0.01182788487578239,0.015303823678830352,-0.0003186129643947787,-0.0003339638583941193,-0.02718525542977095,0.020760243850752556,0.0005581222566661502,0.08634602631932328,5.339490967556926e-05,0.0037682942154131354,-0.000611213503978639,0.027312608928683663,-0.15272021457678328,0.0028867423376752414,-9.567594093150907e-05,0.0003613438898033587,0.074480013527252,0.004478225656029826,-0.002582083359749132,-0.00010375801414789544,-0.004906640690770722,0.008674105782091858,0.08102497694894423,0.003820275307678028,0.0011101221142987344,0.013580187422222317,-0.00021777723803725446,6.719242354572951e-05,0.00216431599620172,0.007403069861141955,-0.006506995048081686,0.0003903804528843941,0.0008921207385865533,0.0022974457147214304,0.001763123485899677,-0.00020702782335774422,0.003118765465984372,0.0033488045427128134,0.007861364737379053,0.0013572740348441427,-0.010852547454351855,-0.002033977409895896,-0.0003103302890674793,-0.3034303642535705,-9.386136300169184e-06,0.0012303723284626045,0.0203965786663666,0.6152291209109135,0.0026653866249441265,0.14266404567121732,-0.0008167072882438019,-0.009595913923487161,0.0013579918708161239,0.00032219066144096686,0.015908191964114245,-0.004494751743501269,-0.00012419161290650425,0.01264472811207928,-0.614413669501192,-5.453997129944814e-05,0.00041902612682955345,0.025547116528046337,-0.002843102700849508,0.00042915514488334303,-0.0007018117605282759,0.025342307767692862,-0.1297553983539976,0.12845612105339665
34,0.0014607482254587571,0.005963257909295297,0.01764979747417909,-0.05078463855871539,9.324755916454569e-05,0.00023681078205445988,0.0004304251752043943,0.008054954696243427,-0.011129932836673635,0.00011360495941300196,0.0017397981449623484,0.002113239657763312,-0.0005139232727690271,-0.0010596494135696743,-0.0027419165395859146,4.268716081739024e-05,0.0005019455975810287,0.12036375707242244,-0.001088354206383727,0.002619189927992375,-0.0004676503196267938,0.0011027961627233223,0.00012761872283840613,-0.0007566671328253713,-0.0004206774881734387,0.0006007127074058845,-0.00016774872387117872,8.410742402305705e-05,0.0011293281361021016,-0.010302029193085585,0.0024529435735231725,0.0013302373685943518,0.0066329410746188465,-0.007090359234222823,0.0024066605362495913,0.0001622450489997757,0.0024476223097350657,-0.003002504895565205,0.0012970940968804402,0.004083462338464706,-0.0003973376587601829,0.0009974860620994034,0.002336978771694822,0.13665463129544153,0.00626136966069106,-0.00018446965077918928,-0.004738001460926763,-0.011023260376442108,-0.009433249128064404,0.12923777662145822,0.0006699930226480681,0.005339379153144396,-0.001711452439476862,-0.00034184540750306896,-0.0016002581943293471,-0.002501005472244377,-0.0008217547485412954,0.0011517889151205997,0.00022863200803580676,0.0007619356601033453,7.613819289044874e-05,-0.0003117686551901526,0.0029285564326371766,0.0010006524925448464,6.272858102219104e-05,0.00035192770527671586,-0.015087493432212988,7.372071272258689e-05,-0.0006847620482109783,0.02303859521545478,0.0015068308687709142,-0.029920488070731936,-0.020880680107516706,-0.008643677780535566,-0.00035573324473136853,0.0072309981820859,-0.0005056190314876238,0.0009438865900531005,-0.001768058000866064,-0.019702384685675287,0.0019024474903934978,-0.008145330082968758,-0.00045055573703064794,0.002839629802605847,0.0003146802826796771,-0.0001150305074747615,-5.186112449617557e-05,0.011863146683193467,5.0620669587025935e-05,-0.007346398990788687,0.00635599024741128,0.0010717854256582112,0.0001275922403157591,0.0023430441227439373,0.011783440822071792,0.00037419377644022265,0.014987969007546047,0.970401194108923,0.0004418838458502966,-0.037894329452138914
35,9.459805811196727e-05,-0.0006683019815247322,-0.012794874758605714,-0.36162982982966424,-0.0011334490316994702,-0.00026881964924797786,0.00041966457181929475,0.0009592003600330926,0.001507476671488675,-0.0002954984175402228,-0.0003015678324757502,-0.001024253860856009,0.00027812069671650564,-2.7353768768298295e-05,0.0006568124082631148,-0.00035047975378410686,-0.00019633799014889383,0.886711776385936,-0.0017236896493592856,0.001730898463178622,-0.0002654574614802327,-0.00010458039241669458,0.0026178104792619816,0.00021289347619436435,0.002134662068044489,-6.615703915174625e-05,5.913161010889789e-05,0.0001952189298047068,-0.00016877947156185638,-0.003678910477844681,-9.747884220291398e-05,-0.00016332379894674984,0.002052780761628875,-0.00022747829529069785,0.01753655998016948,-5.367191811878058e-05,0.0002579856668531791,0.00018011693386998928,-0.00029605266619410204,0.002028179439232298,-0.00030234596324642954,-0.000520654299948446,0.001567733450016144,-0.004061711833455926,-0.001975548104799364,0.00019595294784610293,-0.03407948472137085,-0.0775114270371757,0.011748099682866726,-0.017695244818667365,-0.0004502366481740558,0.028989338201900285,-0.0009400776875122807,5.731640809157612e-05,0.0021643150675869707,-0.00028544277473377747,0.0012859645241089478,0.0005441021654160373,0.0018431830684944319,-0.00018729781534137092,0.006838016064287321,-0.0005255063544065131,6.139919253884962e-05,-0.0002528222847700256,-0.00031831177623185554,0.00025333276297840983,-0.00041300292753115603,-0.00011022917737948425,0.0008493976129168202,-0.0036180998187244654,-5.6470572309466616e-05,-0.23542890754170742,0.0013499618847156378,0.0007251714206006794,-0.0002099759454094359,-0.0028019912330485286,0.00023533727822316886,1.4397611720929314e-05,0.0011950137990476561,0.0028174692798790812,0.01922929360963373,0.0002486587100125441,-0.0021585459801777077,0.0001763130944142776,-0.0006024227286265638,3.1089580248955126e-05,-8.080118085996169e-05,-0.0009439297631791198,2.5799738648187714e-05,-0.0008217740195987826,-0.0019162212716162946,0.005149829569802556,8.068754822056006e-06,0.0007962075476554203,-0.0016190838278185814,-0.000268243022616528,-0.0017316967188804235,-0.13340940221843028,-0.005718111597560652,0.014183215190046596
36,-0.00034130012242847144,0.014998774280932953,0.03732066882635623,0.004777018497172641,0.0029261020548778096,0.0015815062657057585,0.0007026451734553343,0.007360171527499676,-0.07075318437638985,0.00021871132865601897,0.008571966242841976,0.0009410171012246577,0.002663624428148937,-0.00046493193654883764,-0.0022299076881570137,0.0007806390891303087,0.003013255334979986,-0.013159026467833347,-0.007220652512317676,-0.005287117388880576,-0.0018400842344056811,0.005751819348728117,0.004009522662238215,-0.003602800833988771,-0.0008854621086400354,-0.001713257991090211,0.000489389722638576,0.0017097633801690499,0.0049027223431249356,-0.010914346658677337,0.001551133931499516,0.004276251118993801,0.004315580328038541,-0.04467602135118942,0.0007303729095734554,1.99134030255399e-05,0.0019434634201228422,-0.0004447766854806471,0.007310376019366493,0.01455308758835398,-0.0019454560400126164,0.0019823759008557582,0.009196496679190761,0.9562679286184812,0.0025430033021485096,-0.002388531869340704,0.00010097186073907566,0.0034561409304297557,-0.07169460559765574,-0.01638284318080395,-0.0006049582926069721,0.0007477106908864372,-0.016418348154936115,-0.0021055854476402427,0.0062781727638050195,-0.008652932215179869,-0.010103586580616893,0.002614450868046842,0.0008167341500179908,0.0003743192231633154,-0.0011154375854229273,-0.004213364141368234,0.006328244504150888,0.0011687078431541567,0.0008840828789057465,0.0018698401334178883,-0.07332429134250217,0.0001788737547873424,-0.0021549920830589604,0.15980988246989347,0.004330183393213612,-0.0007315026095328001,-0.09984179135499932,-0.06033134041320381,0.0004552023385792168,0.013848479603865031,-0.0007534254217484255,0.0048493578068266405,-0.0007232166438150833,-0.026949570191274804,0.0018461213735422482,-0.005329507614767413,-4.6807033190421603e-05,0.011509113474072182,0.0009920166463621288,-0.0009142839669025673,-0.0003796410561316672,0.04575299365522274,-0.00025285812729874024,-0.032522968576991856,-0.0030958490151349544,0.0008148534244650441,0.0008981194735384223,0.0037973678443689687,-0.0008380382501302548,0.002120084608255982,0.00043386242051517013,-0.14283623372060883,-0.025254304078222836,-0.00120878158749368
37,0.004311140951077026,0.024459118346639483,-0.1340396520021835,0.0030620833025710066,0.007987911492545678,-0.008828596257045653,-0.0005977120381083362,0.002842437894993482,-0.003965794529589799,-0.0003050412909586936,-0.0036013195484132926,0.0004244089222357056,-0.018008310693063877,0.0014247797956507408,-0.0009025482126724105,0.0008782989238121791,0.0023794847551116827,-0.0018854931455114157,-0.011187050505631287,0.004603538432645875,-0.004632465448027095,-0.012103989210894261,-0.0010926398996446867,0.005057582948051458,0.006089759835987189,0.002196842906485476,-0.0007278860730066734,0.0011218126217411514,-0.0005972953989989739,-0.029821560061160338,0.004900633130784402,-0.0008938231871158282,0.035306922754647516,-0.010965966102770064,0.006153887369704063,-0.0005791644276854808,0.0011698356626629542,-0.012738860545528127,-0.004151609617467676,0.05140468544953365,0.0010075965155720915,-0.007244040644064741,-0.004009293741209753,-0.03695656690079714,0.02237673494310942,0.0006798489392766929,-0.0003186069981633679,0.0005756440192403692,0.5995160570286853,0.001240248170059769,0.0013266462275916616,0.003395672578730676,-0.007142981289827036,-0.004930544854886757,0.011270147518096902,-0.0023216849418827294,-0.03844743274734561,0.007515756833414024,0.0034300469253522557,0.0009885833499365304,0.005691665043866748,-0.008992340822940245,0.004207729155429683,-0.005947266375912096,-0.003324621075876976,-0.0037735703221903174,-0.009522039898484186,-0.0004562153796677723,-0.001923227737720207,0.47745862146031165,-0.008021180080950584,-0.004090487248539136,-0.042204113729456476,0.0018550319897517322,0.0012325254462996708,-0.048637713950401944,0.00011471582623473475,-0.0009976319011089098,0.0006533084294001977,0.007262171995512115,0.008100807917904573,0.020857219303532498,-0.008884483864722972,-0.014136539045149941,-0.0019121983707742181,-0.0005310220085674954,-0.004155169186027929,-0.01993684137642772,0.00037397013447952945,0.003531918705049053,-0.02489570434151553,-0.0005460949669854305,-0.0009222300642524265,0.008254981263931985,0.005129921347265601,-0.0009489078601582486,0.0013198881207808315,-0.022781324411472473,0.10469103734963091,-0.6052180047867686
38,-0.0019293496476103997,-0.01948560092323098,0.05897892215893662,0.0014420184429858023,-0.0020333642146477746,0.0035238336837588105,-0.01115276977974351,-0.002639410283842086,0.007353819459170061,-1.2130424306869975e-05,-0.000535852189741632,-0.003347745837147975,0.010983135965610655,-0.004035640823909344,0.0007444769801964665,-0.0010849124361350382,0.0006201489132136098,0.002276652122436883,-0.023102000964028816,-0.005973882696043167,-0.0046576615114908805,0.00412437355232889,0.014470122566916597,-0.008929702327736424,-0.005621583531489026,-0.0016226592754089273,0.0001893628711234016,-0.0007694179720400453,0.0019759878402817116,-0.01821197282357828,-0.002421892889922339,-0.0006630326553211524,-0.00038215605830717336,-0.014183069015299777,0.00706631051374428,0.00033295112128543455,0.0019908556415014315,0.006291704696642499,0.0004838951292451566,-0.03734916122638583,0.0032068278523989767,0.003065414215283826,-0.002920831199411071,-0.17228519194748526,-0.014133922330408707,0.0014984742018037036,-0.0008072888224607529,0.001384723476459579,-0.31963348917482426,-0.0013018892018029265,-0.0006150199016450725,0.004338895274163589,-0.0040177258247082745,-0.009118101865823671,-0.0009721438132324491,0.0006052322691188969,-0.08057530686784146,-0.0058439079323205165,0.005138907880590288,0.001434253068449757,0.004606866456160387,-0.017843491465301245,-0.014301642579499035,0.0036154311415643988,0.001675947656179915,-6.625878753471705e-05,-0.0024232890426994272,6.285129268488506e-05,0.0015540270356958136,0.8529031155070063,0.004024570888991379,-0.006000741695470329,-0.03670172148635633,0.009895758655786756,-0.0005428218827378643,0.029817750588419872,-0.00037174746431461667,-0.00045589975514792933,0.0035512335537625297,-0.0022281843109534308,0.011238057852830928,-0.014023717631401702,-0.018886589518357682,0.0006685155236133247,0.0004374146183578247,0.000630496529081309,-0.0006087203504901223,-0.015404143558188999,-0.0004431294576102956,-0.0011990843198752279,0.01678140602455588,-4.1766093801097037e-05,-0.00021839685040362104,-0.003971025458657657,-0.003088926544551879,-0.00038168602383011887,-0.0009767983311677955,0.012128057912641606,-0.06970260570995755,0.3426471741975963
39,0.0019142047742495831,0.06471984905525957,0.0005191142330147648,0.00017367746917465498,0.0016963720720881096,0.01835651675889937,0.0032263200367318758,0.0048971351639201235,0.00418924715843493,0.003106216821768072,0.1326125651956114,0.002400579138266575,0.05200636709250141,-0.000998816147023126,-0.005071864433801421,0.008236166468712159,0.0016305244360546901,-0.00027549344265290904,-0.0009099020065535561,-0.015600384335925492,0.000510054971739074,0.11568287569603163,-0.0021368031469381757,0.0010441294870828033,-0.0026922923363468937,0.0011986562593884636,0.0037216029185986963,0.039303400794393414,0.010842533197913886,-0.014886029212490664,0.0030901067987578155,0.0008750700668370614,0.0075057772167878446,-0.09287674511852949,0.0014104951197684151,0.0012292649070114146,0.0018885942832510775,-0.002345505227648856,0.06106286300711179,0.08664741047076828,0.0004078392695813504,0.02453449022041678,0.19143753091290147,-0.06289245045620066,0.009332940010587001,0.006749079268415104,-3.627828139845168e-05,0.00032211205614784445,-0.010806304469707054,-0.001444934277466283,0.00045790872821147716,0.000837860857239101,-0.02841070237077871,0.0012589907115634047,0.0065621648247585,0.015356952607487026,0.001776984691634698,0.016911824967374995,0.0005137871745034056,0.0019171469226640368,-0.0011502533294403244,-1.3145131911584083e-05,-0.00867722819234135,0.027181871596771653,0.019976437109441178,0.0543368444072737,-0.002480268541034043,0.0005878314689192823,0.005209341052580988,0.010724311908853635,0.027442970090644288,-0.00015765843340143342,-0.019508477965779248,0.00746216944679657,0.0023095908063295832,0.0007922999576016471,0.0007839094361659152,0.06953594638611021,0.0029682836252354055,-0.03764560678222762,-0.0010316734378475953,0.014677116148522799,0.009717833963453836,-0.04381145168844803,0.023922726113817256,0.0036646065654835605,0.015515553044863352,0.9373045288894142,0.0014654747221278042,0.0259061260081695,-0.032653473707401535,1.6108352506091078e-05,0.020990436880288555,0.008201574533039433,0.007775008355187454,0.004148346951964577,-0.00045416196467932407,-0.007038448807971888,-0.02013056459261705,-0.023293114403646016
40,0.001533850724967827,-0.0036583736634910394,-0.00849106357071141,0.0016938600271261279,0.020085224593742596,0.004138711652697085,-0.0009336872171993495,0.0009438567108494712,0.0018678576039084089,0.0012643236939593998,-0.013386005234695804,-0.00664544866492231,0.0027090363660658623,0.0014910867206829118,-0.0362574851420617,2.5612966719767982e-08,-0.000817553226026049,-0.0016816414509075294,-0.0002745559629975065,0.005992653262512351,-0.0004298362945373184,-0.009188329340023485,-0.0003556802759387644,-0.00011478035943985254,0.010307915762875378,0.0015533166274995102,0.009487206168574415,-0.003623615892513447,0.00044591808188371596,0.002124190349840505,0.008727687603032148,0.0016536259742160934,-0.0006309256191378597,0.008083623810155918,-0.000936340457166107,0.0002920183749061927,0.009249201530774893,-0.060275953908113786,-0.004866051870751222,0.8636022326555038,-0.0004774392127936556,0.007571071556178601,-0.02013192601151391,-0.02374056689632266,0.057014122934808883,-0.00216217536071816,0.00021772399625494046,-0.0009097472056150408,-0.039071215294313094,-0.0013289892186228028,0.001776912133513229,0.0003546519371480754,0.0037667005931262933,0.007118753021638299,0.036450758521186594,-0.0010511483694983508,-0.0011436559458095586,0.1498145464677762,-0.00023676538687879322,0.0006217891046253354,0.0002671576514465925,-0.0021154871221936325,-2.2402545519009665e-07,0.0006211431549615755,-0.0012458670723640864,-0.007212784758440213,0.002903474772591002,0.00041650823877117374,-0.0010722716841914367,0.001612635030052444,-0.0014974231832793772,0.00010459529672271134,0.0010597051796613411,0.001377275254855554,0.0007957818636657923,0.11511872699724142,-0.00010243997916505737,-0.006106027307644484,-0.0020233425029303606,-0.33657329898567634,0.0001325831332842295,0.005015129548115784,0.002344894236565381,0.005935187207179584,-0.0007880229302128059,-1.2196917315999564e-05,0.05079080126328476,-0.09971048492913223,0.000564173718177382,0.0009074843710918862,-0.2721004046983439,0.00046566444730781196,-0.0017775990896216455,0.05265917290583083,0.0025535608618017574,-0.0009715219181520901,0.00024004756878174497,-0.003649460972782363,-0.009637720506211454,0.04551329621029863
41,0.0005105588028533338,-0.000517709876443367,-0.001454352438539501,-0.002677796395829908,-0.002814611688871505,-0.004251109428826235,0.000969190974482702,0.00028824096393532776,-0.0008513131699211233,-0.0002498312311657901,0.011275729153266866,0.00020150677728561842,-0.00528023671984998,0.001196909289567134,0.002862916782573645,9.549529781799088e-05,0.00123602251698301,-0.0009901079263128498,-0.0013546904555859526,0.002190079508510835,0.0012003011475609066,0.0004056933795814784,0.009916709104392171,0.0005369487784285627,0.0011124801152837965,-2.512347519144557e-06,-0.000197798146800874,-0.0010648227907865163,-0.0002339267753905041,0.01097656745422991,0.0008529486659589248,0.0007568534604155164,-0.02886123505898884,0.7617434132423838,-0.005747041454784103,5.526578310688119e-05,0.000651583627704619,0.0008524406337515177,-0.034120792624871735,0.005414914198281307,0.0003848938881012994,-0.003307746890920525,0.019203889138806888,0.009219443594419216,0.0013342238153148372,-0.0024615331783030933,9.164919018514117e-05,0.002873815279233848,0.0073991255000810585,-0.000499174369524646,0.0005841575694014957,-0.003000692726957346,-0.003509357088541956,0.005120692581203122,0.005518728657331597,-0.05672663753966536,-0.006551361426068766,0.0013540358748200967,0.001317037815366925,9.85404338053609e-05,-0.0017218689160305944,-0.004965630694105648,-0.0112720451637488,-0.0012744893076071715,-0.0005356219355050995,0.00048512312488331973,0.00493346337863316,-0.00020178983464398822,0.014446280043040573,0.01714604524006703,-0.017677867728858807,2.8713440568269456e-05,0.0015927085803945232,-0.004611786487196843,-0.0003323753830399357,-0.001189569019254967,-0.0007707772182050095,0.004847711606706215,-0.0019665180581998564,-0.002636866114028351,-0.0035283663304002564,-0.004973799013387403,-0.017185788409794612,-0.10690255168569598,0.0010596489462309957,0.0049228132942861335,0.000656493511171414,0.08715024536174157,-0.0004837605620644029,-0.6265214267825086,0.003992775323940985,-0.00014529788273043005,-0.0006650597955420527,-0.0032408567746251052,-0.0009668842395718657,0.00020821846019596814,-5.126208123904441e-05,-0.0010898429887708921,0.018674706795096332,0.005113810880543603
42,0.03554367173796437,0.07558957402050945,-0.0052197059112303115,0.0003511593170728083,0.0007015445550027921,0.005995458749548432,0.0005150505693075902,0.002290576020251067,-0.0006440739518529942,0.0030624004527826515,-0.0024895045872593558,0.06515362598670821,0.012368534555377897,0.010868417946501244,-0.002322570794127052,0.013269112403673261,0.0005650185254301443,-0.0006245943107974251,-0.001273459948121794,0.01091813250966726,-0.00031149107534103604,0.0038190303511398856,0.0023838576680426746,0.00011297122730030001,0.13959346561772668,0.00044653216821341143,0.003815234769423765,0.024295099270172427,0.05289974116886868,-0.04501478371650103,0.03913530769961383,0.01866708581080746,0.07731642011283352,0.0005445727046307393,0.014463829012929384,0.0014224212664478934,0.07448748578688309,0.35926935409863403,2.376422310912136e-05,0.006847347849711801,-0.0003514576573053277,0.010876719768420397,-0.0037193145977544484,-0.006831197783148718,0.7069633895999954,0.0023704946819895108,0.0009108660354577064,-0.0011269736601457313,-0.09727989767354209,-0.0016493844966633175,0.018203477270775065,0.00493324097548675,0.0025029071094691633,0.000535835871729045,0.0032847629223913127,0.00011325263452809965,-0.0014884617765511237,0.0013154034207583452,0.0019751345189221673,0.001227120790227668,0.012795033338282212,-0.012660303832700795,-0.001999275699591131,0.011786169106673863,0.006774906612564049,0.0015832850821542212,-0.0031103453891845254,0.001258243899470813,6.2815678969028056e-06,-0.0009489632013571885,-0.0024809905331292332,-0.0009148678594490872,-0.005994822370836405,0.0001212071957753802,0.005276265581402961,-0.5434779496494218,0.0007201495373053146,0.0015331204541283888,0.0017619743262687892,-0.08762680798733688,0.009003673593316469,0.050159653754327155,0.0012294013201910974,-0.002348421783102579,0.014592320763402299,5.045124448417625e-05,0.002283258801910694,-0.023541974830030656,0.0036791264076618743,-0.005637522362556997,0.0017944185783654379,0.001944191535890951,0.0030186284725668006,0.010010269361498467,0.05037408082518374,0.004787056677207816,0.006111919772084529,-0.003993503410656525,-0.01878224929281645,-0.02132854678962437
43,-0.0011347418599767874,0.04970173765759707,0.003852328145699654,0.004208516695280051,-0.009749102497261486,0.0019002643059518017,-0.00040176295004324715,0.0046512235276859265,0.0016379633619252579,0.0009801115599065652,0.0022798013823480388,0.06666249611442099,0.010200384045267671,-0.00018734096902063308,-0.0019097145213975248,-0.0007554540056656399,6.134105620407126e-05,-0.007386444466313133,-0.002861727508588966,-0.01724942062207862,-0.00041910370286729615,-0.00010178851464835324,0.011797389388450395,0.0003080143503152166,0.017622029674134662,0.0060137042312159794,0.004333174477780427,0.005775301555389465,0.010404052316335772,-0.028962178138160783,-0.004409083732717028,-0.0008142568152474171,0.9545762457911889,0.020490356977654573,0.07141049327379184,-0.00011433753829598672,-0.006197458664107345,-0.03886431422741332,0.0010672639645792226,-0.022181585904182274,0.00012149865338005389,0.002174481317330175,-0.002279997535405876,-0.008753464330902084,-0.10184732359151097,0.01079636915212134,-7.459151807025699e-05,-0.005200410652657911,-0.0030973289000630383,0.0022303848899074344,-7.665995725934793e-05,0.037637192962258696,-9.76301151579314e-05,-0.01607392388586701,-0.03258316178228261,-0.005630480535987212,0.0009569490732030715,0.002298706330496378,0.003959674475774724,0.003113344784856285,0.022639239203470777,-0.02906917196847377,0.0008402015693124223,0.006483041018210197,0.0025810450277372523,0.0013058431897521143,-0.009101160848076686,4.255425227118331e-05,0.0011971593770899063,-0.022940657150774032,0.011046117723906118,-0.0024036884231515405,-0.0012279129721952128,0.0010073013432299587,0.0005308691247396663,0.029625895035610063,0.0006337277110031484,-0.001160561079137421,0.0023467696883266893,-0.034315829297350095,0.038009966950834854,0.061463197126544605,-0.002176566409362382,-0.0005507828725240592,0.005342628108722955,0.0005711868112026866,-0.008120847890398379,-0.015297657171078716,0.0005802214642095195,-0.030236491730098063,0.002248636225835721,0.00344025798964669,0.0009419673821305652,0.12702324104752716,0.056360781040955606,0.0010153767164026366,0.003192711915866354,-0.005975266458330082,-0.16926764590274837,0.006564081430019985
44,-0.0082481160994668,0.32326116679028316,-0.050680950637553124,0.00010292180007389923,-0.014984295846536749,0.012517502241004962,-0.0004644890949603922,-0.0010907055875173238,-0.00047694291188006555,0.0029100941213990638,0.006145291308410586,0.0017457608522664786,0.016536803491562103,-0.005471527442447485,0.010447414816534425,0.0065956761285333,0.00032359282296000325,0.002961066297937854,-0.0005794169952469041,-0.07528933256617011,-0.0028983910334514015,0.010211579265245192,-0.010271776317507302,-0.0011684485984061214,-0.04354512478511209,-0.0023717903634358503,0.000483483857443089,0.01431788948771492,0.07575053533204802,-0.020528256981395644,0.01437975156827917,-0.005800944271001189,-0.09156853229870823,0.002083197979373264,-0.019751142611512652,0.00010351990026107732,-0.009119869950372922,-0.18145130751949856,0.005167517724024962,-0.094339608338345,-0.00015327327275864444,0.008878698301881389,-0.004274683114351533,-0.005888451129567072,-0.0047391085850960225,0.005007287565581884,-7.954135609808291e-05,0.0012076018004149253,-0.05011472737211051,-0.0012513737861491632,0.0003781777840217715,-0.007823517886282586,0.001790038474454714,0.00597526120069539,-0.018243485561068425,0.0017460297562396597,-0.0012249932896787573,-0.01842511438213118,-0.001957743599876732,-0.0005851120447171166,-0.018965939397079194,0.006659870440806723,-0.008804802764628314,0.010592149135982575,0.005345368001044132,0.014405125811605359,-0.00273219137890637,0.0006852532630448917,0.0012032751400544044,0.001576661062693632,0.046583520751340576,-0.00073379627881731,-0.01086651469543199,0.0007373302523016323,0.001165579184447492,0.023706999326785452,0.00035276093956815996,0.0055454313055054065,0.009302796274894201,-0.18454145094909852,-0.019371834516714946,0.8840488191233766,0.0014421855773206387,-0.016840002885578152,0.00874262693656663,0.0011624487693238758,0.02451894555022061,-0.046053309621148224,0.001194197427155765,-0.007756160076476726,-0.0029784177131479857,-0.0004459025963592239,0.0018888032904603306,-0.015288141919621686,-0.004548719228009909,0.0031497192466319033,0.0007028942435467478,0.0030134213155363623,-0.008290670921411744,-0.00985427411821032
45,0.010025193633168446,0.24433886070904803,0.01388456450597511,-0.0014324764953516532,0.009449381070141524,0.00863873847194175,-0.0007673927404459949,3.1033768234829673e-06,-0.00037302194607240907,0.003286646691534065,0.002881239898132687,0.05231940069772044,0.029593217015670456,-0.011084047934919697,-0.004389371317397468,0.00998162054327181,6.636504155710377e-05,3.655830920202001e-05,0.0002864304403910167,-0.002804228040173759,-0.0005883042378160355,0.008170527236098365,-0.00656639393172155,-0.000725114212307169,-0.020944622546638675,-0.0016162343824066756,0.003921763142032233,0.0392641454422796,0.07791828345297694,-0.03545471309037169,-0.012216503103624307,0.030878239770012784,-0.04580170867534138,8.409411323674794e-06,-0.017718620886784678,0.0004965904665999513,0.031022893600110374,0.7790383595559226,0.0032899374794581712,0.02256285881232825,-0.00020361209352415775,0.01459459134116011,-0.0038450355428654185,-0.006218890888629862,-0.5163831124480597,0.000227757124297236,0.00036973669357417917,0.0021448219765864435,0.018962195601765243,0.00042176261590082644,-0.0021876792036053527,-0.004596129765677159,-0.0021055482543296446,-0.0019494712951779163,0.005969552002067474,0.003375419513814191,-0.0014083046826007025,0.008384451483545836,-0.001152330739202274,0.000474200718511783,-0.017646765249140814,0.0021489940606847432,-0.005575998750898667,0.027258842126019932,0.013850581950734811,0.003465846118855105,0.0008434517523929217,0.0006258833726982744,0.0016812983512290874,-0.0004518313973277902,0.012443618747744866,-0.0005372665868012703,-0.0070711641997253175,-0.000838291718712799,0.0009594429935595658,-0.07798509388311746,-0.00011236507059621953,0.0024920466646392143,0.011037632773604616,-0.19218787715346006,-0.020288638976655074,0.01493815508596348,-0.0006827875589297434,-0.008939012470452617,0.026690239900362057,0.0006282772560737848,0.0028015474816320786,-0.029986454287546378,0.003374760024747552,-0.001475677013106527,0.005043207326028599,5.037232701015845e-05,0.0049019503648045585,-0.002418371064656022,0.0058889227219045305,0.00283121709098996,0.001196237640502626,0.0011810861782205204,-0.006374550104259812,-0.006565887502281036
46,-0.004920813111258605,0.8648257780618407,-0.003251316852123551,-0.0018443206378408088,0.004605960249617077,-0.010586424107783989,-0.0031557366059838388,0.0024012856480742847,-0.0026699434286886203,-0.002248505963418852,-0.0006207721647417033,0.02482702409120381,-0.04196083874624188,-0.01615471861993232,-0.0016667642411156373,0.0009012151648700728,0.0006978543676220503,0.0016357542092983526,-0.0015079651448193752,-0.015006381528695784,-0.0035775954587518033,-0.01597426716208071,-0.007348637318881631,-0.0028344091666599866,-0.046844052164786765,-0.0076435909096163445,-0.0031295968621369865,-0.05117317402797762,0.1769675847463537,-0.0685790909244558,0.034345483507211366,-0.0015297462447375482,-0.014237200384650893,0.002200899692312814,-0.04541642752067097,-0.0008743948685592251,0.011258447170774288,-0.21547631306002246,-0.006986401230687604,0.024361878673595377,-0.00020386055489574062,-0.01485765746712385,-0.0008819646923032532,-0.014321365403722076,0.06097760055571852,1.3309938759977283e-05,-0.0004798339813417194,0.004296987144543074,-0.0114112218563443,-0.0023125496164276872,0.0023256555492732756,-0.009809104966062169,-0.003590599652079321,0.0009255393826709882,0.01044586231326326,-0.003691936207809555,-0.006377812687274217,0.0027093274854062934,-0.004418831928466162,-0.001638931297215658,-0.03873063751215322,7.642811810795735e-05,-0.017525947505963865,-0.034675591742569685,-0.014831986389817978,0.0006063689736217348,0.00035176441223924715,-5.544839684242181e-05,-0.0007332540340022922,-0.0027847365753791275,-0.018959142965581776,0.0008661315658030676,-0.018927970073901998,-0.0003700493821995887,-0.00022625647737337107,0.014133846734267097,-0.00023793134558086973,0.00450235207275097,0.00111282031954716,0.12104575541651308,-0.03880743145210197,-0.35709267348221674,0.0023526372467903255,-0.01674038202441573,-0.025941042820848057,0.0007445137703784919,-0.014280521610322023,-0.0473408672863469,-0.0016754171082943026,0.003083334957896049,-0.0006342209041280168,-0.0009233732094262523,-0.005408399427769105,-0.003388758572838553,-0.005022680349981573,-0.0026532813365958315,0.004491490604647735,-0.004234061405226676,0.015447262425497175,0.029892193039011743
47,0.02320040010068966,0.03888704585878361,-0.0006266779709669969,0.0008757420890896442,-0.0013672758072131308,0.07676825048332811,-0.0007564419091557473,0.0011022090629722037,-0.0005035962636478833,0.03962707459772498,0.018564973832833905,-0.0013359830763733094,0.5005956645348362,0.007359714347899268,-0.0023096047253849117,0.016694038401547123,0.00017332118463342372,-0.0014700422529751317,-0.0026386427729037792,-0.0033769276981319846,0.00010063762199918891,0.16866775576345758,0.009838994437204306,-0.0003357883455537003,0.08431085955148704,0.04712324851802929,0.008420207244356144,0.5613764687791214,0.014169115702476143,-0.021203143653344456,0.011025117764903964,0.00392767126962345,-0.027346418694456524,-0.0009873195130910561,0.03221082243175663,0.007660904897928658,0.010391401958241248,-0.09228217890426822,0.0432532281079137,-0.013293992849415582,0.00012523525894767018,0.16673707583226438,-0.017508821222712245,-0.002702799642522441,-0.005116991457378928,0.008853899616652902,0.0007550033380049645,-0.0031584416982743373,-0.012026739455754554,2.4793556392930594e-05,0.007266051399112211,0.008090102927342843,0.0009306843000448095,-0.0003615759109040356,-0.001832618974509495,0.022064018924596297,-0.00039951447007452803,0.008588971631291492,0.00617834762299849,0.017631976834702648,0.024935848200362258,-0.004058344418886403,-0.002361239859272224,0.41434098311610035,0.18747727387254326,0.02879769319303644,-0.0016956324884078167,0.008299670154605025,0.007673772820728803,-0.0038215514530872802,0.06559156438102505,-0.0010065568676949598,-0.001531038971495119,-0.0004268150101520464,0.015963327715811198,0.026190911752285828,6.711008501970612e-05,0.004305744484547766,0.001314975077361124,0.03222641724747473,0.03094409389963277,-0.07286070822289172,-0.0004886303161562595,-0.0015840358612472921,0.31025559676863046,0.0013037398061622242,0.05248729984966728,-0.11177173306580442,0.04763176650467184,-0.0295506697936514,-0.0037187866488412567,0.003945810632881823,0.07359136750464951,-0.002370684532720946,0.008741968876694867,0.024608776939468308,0.0034109379052133793,-0.0018401757282139972,-0.0023962944036356668,-0.03945570844189386
48,-0.003115512108211751,0.0006925675725718543,-0.0011329733525945853,-0.0012934098732293449,2.2843333079157284e-05,-0.002544070885957781,0.00014214469763199067,0.002310083233499947,-0.00024312330065498575,-0.00014050640172349007,-0.0007343904054988278,0.002343863005183149,-0.025262253073829077,-0.004901494763075845,-0.00038586237883969643,-0.0003957378924569887,0.00017339981596571326,0.0023369641042343295,0.004033429115268532,0.0003379833564145368,-1.865168733101996e-05,-0.00960468635959548,-0.024782970478636115,0.0001778653694895875,-0.03265396555960041,0.9881804133801201,0.017969995384520956,-0.039442785628683356,-0.0008073659969987201,0.009512461842726782,-0.002888102689961726,-0.0011603386956133208,0.0009623827182863136,0.00014792255387802055,-0.037968555738954815,-0.000705769174029194,-0.0034404502460711945,0.0057710617969323,-0.0027540697481743598,-0.003262381288582525,-7.504620356743423e-05,-0.00113432354415289,0.0004580160528618476,0.0016765521796986067,0.0059923684590191375,-0.0011219029457735475,-0.0002891805413475631,0.0031431455932528734,-4.6739747746050314e-05,0.00011376002210527984,-0.001353207365136478,-0.010514581862104634,8.539914855992727e-05,-6.927642851486775e-07,0.0004517447147443388,-0.0031112498238581904,0.001204832829861704,0.007369774055613924,-0.003782700180208069,0.12075279660804543,-0.023063141694936513,0.0015383629225477558,0.0011617195082770512,0.008210538874774393,-0.010361722755851356,-0.0011742270807004582,5.399499560105171e-05,3.490680620134507e-05,0.0005356293397196727,0.0024465293824702835,-0.0034863242372739616,0.0012057798736486982,0.00018492285786545003,-0.00024522268455637796,-0.0012761666889840027,-0.0024146566252181787,-7.71907551956818e-05,0.0005631011237677662,0.00010898217986838362,-0.0016487448644587413,-0.04041014415604667,0.0012441626941413044,0.001044298651762423,-0.00031580122352960774,-0.014705819672836127,5.689621646314272e-06,-0.0005777471085413324,0.0037812646045121794,0.0016970750809092014,0.001987539464788273,0.00048755542843050925,-0.002048953968544382,-0.0068426837006524575,0.002747319724515423,-0.0014118769639527348,-0.000755495471293057,-0.0006386429205725921,-0.0008145568204305933,-0.0003408957459853602,0.004691770860065742
49,0.052278954995620144,0.07349447279015861,0.006246840611019197,0.017238352824654208,-0.0006395793873447027,-0.003558136991380724,-0.000876269237795102,0.005443497712250667,0.00022678506554631161,-0.002551240932138557,-0.0005002461802120911,-0.011265489979383606,-0.057118583321985855,0.06599083712938286,0.0008963045879046838,-0.0008642364827195145,-0.00013134967008387316,-0.03111718053691457,-0.049186638398205244,-0.00013211879822921588,0.0006892900751104625,-0.018191854041677495,0.25216833952990003,0.00018749956622975128,0.44975975984835803,0.06951383538351164,-0.0010540914794168513,-0.06345306774272688,-0.004068285672737149,-0.13410158675852976,0.034656355619046245,0.01882131579659101,-0.10118115122498755,-3.871101888519124e-06,0.5037499512987222,0.002874148110966951,0.0435731121260495,-0.034470233324871376,-0.003032124000708112,-0.0013709811205749878,0.00024327199106910675,-0.01271264089716681,0.002472906674223491,-0.003156312895498813,-0.0906071346597816,0.0026960870646616855,0.0028755490513388696,-0.04021968412575679,-0.015196970127596151,-0.0005680768182716945,0.01980296939508832,0.1315623693296821,0.0003017312064407668,-0.00018011161719922592,0.0004922133947798547,-0.0023259432358058774,-0.012640916072716436,-0.001615432028229806,0.04666589563306347,0.0074958735329519405,0.32651726687070753,-0.023314736460162085,-0.011866621777258841,-0.04604506838885385,-0.019789445033116717,-0.0031200685990461527,-0.0029922212162907546,-0.001088375526574363,0.0006330183782772697,-0.023892918345845938,0.007356697881935067,-0.0163068830003631,-0.010530480361539047,0.0008774866415920679,0.0011213774157410525,0.024750044811496424,0.0005432211095762179,0.0021710317575652865,0.0023361716173391405,0.008757589536458586,0.5237209731066664,0.013331959283668066,-0.015732157310422473,0.0020445284159972404,-0.025458647918569423,0.0009427812850580432,-0.0011386553254662366,0.006667379550439854,-0.0039038204639225147,-0.0004869546872954488,-0.00231153506694265,0.02632001650217327,-0.008444637256293554,-0.01414974517262463,0.012616396737789057,-0.0005713277788172641,0.009779548441750326,-5.282916101519326e-05,0.005096405898092615,-0.007527563140768277
50,-0.09681426587953294,0.009791592456384002,-0.00719874727487331,0.0036546335105383243,0.0008829650691866385,0.007381781062668423,-0.0066159453468291884,-0.00852928359737215,-0.0014962311661887717,-0.0006673634174164528,0.0001718171557787626,-0.004592957765039166,0.029687730554675176,-0.0450610286000544,-0.0009417098810157731,0.0017487113584161162,0.000751806503063418,-0.012072285416730985,-0.06591311801776627,-0.005905544577979791,-0.0008561726449000592,0.008210103778468173,0.5538253519642508,-0.001809666121933319,-0.7364191279013337,0.007017551336157181,0.001316168159948429,0.03274759692830437,-0.033650980207600836,0.03820172397380007,-0.04993680419760348,-0.03310298716296124,-0.0029883773970017166,-0.0042007030050875,0.20514479278943004,-0.0035808113332558428,-0.1036684874040591,0.06947162469618179,0.0057050057878167545,0.004332436403865216,0.0004720757700220485,0.01008599120368233,-0.0015608240570549978,0.0019483124878003164,0.11637526769621989,0.01648387937805497,8.311364462684333e-05,-0.015187809452312224,0.023045318476130082,4.971810135766361e-05,-0.0390536106259452,0.06720812877665677,0.0004361197925433283,2.377871632514364e-05,-0.0025254503428446783,0.006704884611061652,-0.024569038870257204,0.00016625891916040823,0.02697852637512073,0.00040401526806777097,0.01575331367298599,0.025107038314621608,-0.001529321767372414,0.025079378623985765,0.009012339543681403,0.002445264908484178,0.0017669085760126952,0.0004099355455465317,0.0003873953200645426,-0.01553094285279858,0.029684484657534822,-0.004997539022048111,0.011920321074955805,0.0012894247946241971,-0.00451617056894494,-0.01489682529938001,-0.00033755463588125423,0.0025633088121623706,-0.0001361040038468861,-0.015044010546808585,0.20490982939048866,-0.012865232534624231,-0.010192549639726349,-0.003949634026211705,0.007065191133591331,0.0005919686853607907,0.006496282881024808,-0.008270527644021572,-0.00040631874167700727,-0.002275035867106758,0.0002572290639788581,0.00612798905541587,0.004571816253162792,-0.004370116307772894,-0.01583904174536874,-0.0008916093662039294,-0.01771586338359924,0.0013612589484789193,0.0024648987049615025,0.010056077441420265
51,0.05999455014377895,-0.03933356248815861,0.005921406959830594,-0.012090147277940763,-0.00016841254647655124,-0.009876569808657091,-0.006708351584244321,0.006652285902334035,0.00016077776149819867,0.001095079079794975,-0.005692300722035328,0.015223074858536384,-0.011491320938581635,0.0009633729458750351,0.0005359781750041148,0.001577261748056502,0.00017973476391737464,0.012231312616642016,-0.06852074004318144,0.00064636931521906,0.00025730454414064474,-0.006418271652946747,0.7774710301652836,-0.002229251190933909,0.359365749866799,0.003574056418922012,-0.002205473873023819,-0.004755150223080946,0.09535849021052295,-0.014309509922898693,0.033366821634388706,0.023212777652461297,0.018251630514191056,-0.008955322199512375,-0.35577688653222217,0.001595876645387767,0.087919580736107,-0.04465425266249516,-0.008058065376668823,-0.0014556521779729194,0.0007134806535125291,-0.00827662269756971,0.0010813745529010153,-0.0034659605517416993,-0.06376183369204672,0.011675033214463983,0.0008640266344737775,0.019822452573156107,-0.007255954713976789,0.0008588591005415859,0.023250474757411668,-0.05869462596230557,-0.0011747649218391892,-0.002558498291007745,0.0030955879357833296,-0.0021609213848783906,-0.03167228028340969,-0.001787324866472182,-0.0035730127391639184,0.0003657537120865324,-0.15079702579087406,-0.008680781469272838,0.0015828064633824582,-0.005469879742937894,-0.0023560048950625623,-0.005721770825024502,-0.005041873606399915,-0.0007519685479281495,-0.0007581007757748379,-0.007462737101509424,-0.059496133669333054,0.009945265821020784,-0.005543994752524212,0.0009247086513837601,0.0035641981285777363,-0.002211757992951452,0.00028752187154349514,-0.002251941017208663,0.0018080627117049546,0.0024504100091910577,-0.2651247875985807,0.013462844852094383,0.004066311467662449,-0.00446856527651104,-0.002172025652490507,-0.0005901445459220307,-0.01003047536957115,0.007817293040796924,0.000624921831525297,0.010631639236333573,0.0010717369137113212,-0.010289351036771458,-0.000776276780884229,0.005464477283687595,0.01018697037631172,0.0003191216178076153,0.011572898235433879,-0.0007651890981463932,0.004218857736943001,-0.014222094183729554
52,0.00885707861764809,-0.0383683703167241,-0.015718366594451354,-0.0007310375960917345,-0.009934677367218332,0.13445144343319823,-0.004267772039317195,0.0012608080645932704,-0.000779745167525811,-0.0006722775247072861,0.11109447588364518,0.01243094242211698,0.0921738747252358,-0.000724678343982185,-0.008131742502774143,0.009200586920062606,-7.548837550657578e-05,0.0013801277467141199,0.00016597374108803017,-0.034801499309306295,-0.0004922096586625346,0.08705141336386181,0.020410309578898448,-0.0010224845777660613,0.02222366150159142,-0.004730467960683256,0.020821537670498814,-0.2908005948210499,0.0791795840268616,-0.01114100084546827,0.01030037950409589,0.007795944157701694,-0.013746729908389323,-0.03745536555982403,-0.020154168629174945,-0.0006100559238662422,0.03413055226026678,-0.012502852293482435,0.16357644902156812,-0.023289627175997328,0.00022921544363556368,0.10140591395993295,-0.0036776897178167913,-0.007053811187126638,-0.0015071301496487818,0.09528878547918526,-0.0005691165971259121,0.001018246969054653,-0.005061943569851991,0.007840572102028723,0.003332452250909843,-0.0037811612285643384,-0.0015905342892311644,-0.0017389160300877171,-0.01836532246458851,0.23610611299076223,-0.0008245439744922756,0.03526093602610391,-0.0005951747474159282,-0.001119051180591405,-0.01748961161360474,8.684537296762759e-05,-0.005752379662893091,-0.030789377224702433,-0.02082175293683016,0.11121706842826194,-0.0008711220983413032,-0.00043100354737681586,0.06203509166584566,-0.0026488493436676516,0.8212085480812539,0.001200292842080106,-0.0035817522703246174,0.00021197093119047945,-0.006449546680648791,-0.0050265313671149295,-0.0007690783201396781,0.03437599981990486,0.008291529737337058,-0.0035981031221525954,-0.03255308718645236,-0.06272549990964463,0.0012592067392783418,-0.01553594324792321,-0.023896043639471592,0.00937556251607778,0.17571182031716112,-0.07345983908214325,-0.01504950936897472,-0.10453274313718366,-0.0044151338012382154,-0.00047131352471216077,-0.031553007685771295,0.011401633875659144,0.009369972413936108,0.0016695808219359771,0.002528389304200222,-0.0031508595084826195,-0.02657117797741653,-0.03357220713905272
53,0.04797772961813503,-0.22390597600773499,0.007546330952499465,0.0010558081111590942,0.0014604320103494932,-0.00613116796772293,0.0021559673521269022,0.0013546434606091923,-0.00041384505857785386,0.0005344202002499493,-0.004625637434941023,0.09928880715697293,-0.029423554844243898,-0.020437461103090047,0.00017121878936701002,0.03438276972289274,1.9667598175746037e-05,-0.0037851169427244777,0.005751234405505133,-0.007243949812625515,0.00018219211372519362,-0.013691770313302664,-0.06503996519561846,0.0002241200475439284,-0.12848034011195678,0.0020191348516886837,-0.0005300028611800343,0.03177745814537831,0.9010098445935063,-0.054550867544080825,0.054869912250247524,0.046360502154083445,-0.0212347047501086,0.0038021440418486525,0.08271423051907378,0.001890496985062897,0.23085054959802093,-0.09958014952053759,-0.007925985776631827,0.0015103063392066529,-0.00043492342332619033,-0.011118776953927177,0.0008618015126621756,-0.00014075542219026734,-0.07120979759453422,-0.0137575191587215,0.002490130437515858,-0.004300618533176209,0.012609591050733171,0.0031065013732288495,0.018350915975997514,0.02867067437928074,0.0011839996198980685,0.001086922629264183,0.003256185933591777,-0.016818135131616445,0.003566509058695296,0.002029215255870892,0.0034039777184612504,0.0014187012858718122,-0.003934598754379844,0.000626196680845733,0.0014531825255074717,-0.00584020165238777,-0.0017241594916900848,0.010170389072849293,-0.0015687369936804073,-0.0006519412138531917,-0.00016164283686566946,-0.004432952875827433,-0.0753235259081584,-0.001271247612764606,0.0014168808231033877,0.00031750798766034573,0.00988441892480356,-0.07591252723708926,0.00025745616122711465,-0.0003293953855184851,0.003990028203297435,-0.013399610380509398,0.03650868189226954,-0.01628751270646231,-0.002797217772102272,0.0005610516451064213,-9.59914301763426e-05,0.0004128386554660921,-0.017681443341673535,0.008305884299479654,0.001920475125733621,0.007991500266717159,-0.0004274262866208599,0.006104326583181703,0.0036213896374781306,0.009242080334009108,0.03333115450916538,0.003855032750281085,0.013206863833621338,-0.00145901403629478,0.00043308312591326496,0.008054379826471204
54,-0.01523797778287631,-0.003695676146164839,0.00789702131220958,0.00035913183508255904,0.003448260263218827,0.08041877165207582,0.001090273109589218,-0.0025264174816934225,0.00032538280539650376,2.8076975304139676e-05,0.06794054680211101,-0.004905100599604258,0.4823396970118737,-0.0035762784825254996,-0.004168431040413806,-0.0033857313094661137,-1.7121480173278025e-05,-0.0004226529247980289,0.00016268160970289366,0.014652701970761128,8.294258713570368e-06,0.12707650432626072,-0.010901446814192974,3.524731780049639e-05,-0.006026435439381764,-0.01238427686526522,0.006376573876737819,-0.6028052673385297,0.0191062889951709,-9.231971519624987e-05,-0.0032592307988578394,-0.0014945873503475343,0.000464020930760832,-0.038653037174357675,0.0017565499295773505,-3.4956464415439314e-05,-0.023189382574254763,0.006966468876959134,0.10174797866650301,-0.014232428855557823,0.0003284839646873483,0.14375004921799134,-0.0006102359921560825,0.00046687794644971557,0.0017536193440859799,0.0994925233195576,-0.0011768984774678981,-0.0009514034738087596,0.009728289627887708,-0.004354771102928043,-0.0037316228459018785,0.004987940776008631,0.0005987922278322955,0.0014267469386417264,0.008480344403694565,0.2652437703568446,0.0011382271719272523,0.018202810139675646,0.002017129544390012,0.005190295975172057,0.005730164343609342,6.463784670451833e-05,0.004666827846109861,0.1466391963565766,0.002715417804280566,0.026036615768272268,-0.0014209318933051992,-0.0029664007415291112,0.06528450628929147,-0.0012820322832230954,-0.4638352780553435,-0.00032560880802149327,0.0002776953799022673,-5.352147841308774e-05,-0.018774732310071096,-0.0018548040191477821,0.0005000984357342742,0.01665901949577861,-0.002787082567974147,-0.002417127186516807,0.01915718700013851,0.014407338614898513,-0.0006844020596099409,-0.0037430083091484247,0.0025502554886179564,0.009685468645583709,0.06727560976850179,-0.03791906605450673,-0.027274480010976057,-0.07043067729675745,-0.0013161346760036906,-0.0006483515893360194,-0.07948152483143131,0.004377303711188823,-0.0039359749726777145,-0.010545592365253757,-0.0022234189307333806,0.001049030608146268,0.004082137808897948,-0.010045719541660638
55,0.010323369928446435,0.00228493447440763,0.004142837358290361,0.0005312393683609539,0.00034197881151174295,-0.0011901317008722054,0.00023358860153998586,-0.0006264471703260597,-0.0004935160159275694,-0.0007237823200556747,0.13503240475190825,0.005970098196875071,-0.2873622683944783,0.0023555738417616787,-0.0009669379068538418,0.008267253684049961,-0.00021393304381542907,-0.00023974625236915063,0.000520449699437639,0.0036253634353278635,-0.00037287114333725557,-0.038861687792124906,-0.011754938653741715,-0.000557938599646271,-0.005912077280178098,0.009282491245925133,-0.0035086119500419635,0.3174987137629772,-0.026075392513226447,0.0017965846691819012,0.000445458282426368,0.0008003863646578102,-0.001074543425286751,-0.09986173321639212,-0.005160537171661161,0.0005032410949565719,0.020126597793658052,-0.005726492190726722,0.15936908432201885,0.004908728983045576,0.00025700436329368845,-0.06507865546127078,0.0036891951272203126,-0.0023134496396550264,-0.0036059740890229406,0.24818812650258884,0.001136392051834339,-0.0011113978678064535,-0.00014170989311430848,-0.0018886697138013235,0.002335548405331811,0.002122122724417002,0.0005123281385510381,-0.00046118637329435955,0.004752797468596907,0.7557687248195326,0.0012557399700305338,-0.001164966954389951,-0.0003477290050266441,-0.003622777538241837,0.00018113566488788327,0.003046180540314962,0.0010126863383855822,-0.10844273086568527,-0.0032344090346824467,0.0497712800863468,-0.0021852972438375943,0.0014012723503179095,0.1760450865661395,-0.002191972844565105,-0.1837318901289729,-0.000150018418919819,-0.002457521008617635,0.00038398845617462155,0.010796317243735793,0.001241567128007201,0.0004404539302677382,0.03893094303532134,-0.0006897826417529632,0.000612258643844895,0.010302272772036505,0.005254898921697888,-0.003194539672565764,-0.012457410943188762,-0.008771751045396965,0.025148618719482086,-0.03853713624653934,-0.03933347680546388,0.01278645843002401,-0.18820601960893346,-0.0008122612376165609,0.001645210614079885,0.04566138252491886,0.012114658968776528,-0.00010208990789532107,0.005287677212240928,0.0020481385383004677,0.0011250803512477994,0.005262959370833164,0.010616974475866944
56,0.21710153914580782,0.014120717649784786,0.0004218536033040454,-0.00044765840248203737,-0.0030722101477653474,0.008422844009448247,0.0007087884734442718,0.020824739950513926,-0.00034366386234517543,0.00959908508440896,-0.0052432075274173595,0.1751863279248092,0.004572982327985253,0.010994341185179252,-0.008889680246592029,0.0053032746899007235,-0.0003204564141918165,-0.0030595882969762745,-0.0026393810936220057,0.002313833821394464,0.00019516464663740796,-0.0025761214286246226,-0.03787437286539592,-0.0004618289148060166,-0.14456962762607503,-0.0021990540121080058,0.014893930017461681,-0.01952476941796697,-0.26211253322252215,0.01865299233026444,0.13885317555723004,0.07972446410235373,-0.03200265187018016,0.0010860390823574945,-0.22626400960146825,0.005977901345357624,0.7083233224715716,-0.064602645162442,-0.007940996485790011,-0.03409348308671716,-0.0002671017409678067,0.01213650792362015,-0.0015422925706136625,-0.002087066958878064,-0.053914862344220826,-0.0016596535063949334,0.003950742259499096,-0.008218487428553807,-0.0007457416851029165,0.0023718385765054695,0.08296072030791435,0.02775809116069764,-0.00034477323066217647,0.00028313307007520223,5.544864994334875e-05,-0.029209039817351425,0.0011556329378227537,0.06603983839515991,-0.008860809882593475,0.0012054819339027043,-0.20481723897821524,0.006894436868117464,0.004601159319561829,-0.005738139178328366,-0.00015438207733863615,-0.006539236701527166,-0.0012016781806682437,0.0020704632499571086,-0.00911384638110587,-0.001428062986836823,-0.020627455317713553,0.002254810203187245,-0.0017729593784256113,-0.0008959159922324114,0.021814685038121718,-0.02268997053228207,-0.00029255761433774966,-0.0011959754757625727,-0.0006854092772910214,-0.0023383799343241612,0.36971152937765867,0.0009104758459837813,-0.0007254641167933579,0.0013653992452295001,0.005443911456816116,-0.0016162726612971438,0.06256760200419455,0.00173279676351049,0.0035548813050484164,0.005840005066556881,-0.0031483067845734913,0.00026357461619002515,-4.073219126275799e-06,0.17840293070500288,0.10063073360730396,0.004728399182118449,0.04023779216333911,-0.0044390341848203185,0.00396041799563685,0.003216183683855291
57,0.12076065718911548,0.019888938514602494,-1.0555193211629621e-05,0.001298371080819774,-0.00014142502374719923,0.018159296447737155,-0.000958599305096005,0.011726285274945056,-0.00034190928339214444,0.006124581311509399,0.0006557790479097547,0.08184191756813239,-0.004803746894102068,-0.0045282037258477514,-0.003991575031078887,0.0031846482498494415,-0.0003607188866361008,0.0024088009522117764,0.006178228007584248,0.004112497650007988,0.00018109960227456756,0.002516790944015178,0.04831865547731156,7.6087062870541095e-06,-0.09183461460021884,-0.002364261379961035,0.008773561831863966,-0.01400658946531374,-0.15466388359753203,0.015130543979766044,0.07385264870988832,0.04585482586511437,-0.03426187484942371,0.0002000102833542322,0.4810312040237975,0.005504341441466185,0.3862180022657289,-0.03610058090179548,-0.0026880000802118626,-0.0161987064683604,-1.4303263075436667e-06,0.011599919002446512,0.00027271148645032287,-3.1484148793112406e-05,-0.029374625920302808,0.008252650098663432,-0.00023027322278921679,0.011698611053416156,0.0008907521750646154,0.00044588896319673783,0.0459964455459571,-0.00657465526293316,0.000685111453575804,0.00023506375913035643,0.0001538676321201412,-0.010778442369077601,-0.000886032766550345,0.032785127584572984,0.024324725735796898,-0.0005318329595263493,0.30585372493583873,-0.005402410249205275,-0.006350495191224017,-0.009914745941209422,-0.0015411854249192357,0.004239148754530946,-0.0001633952678371188,0.000508294015243417,-0.0016218684158386951,0.00205137690452552,-0.033143567648906254,-0.0058715856180388045,-0.002639085487200129,-0.0006854039640787936,0.012319884653488562,-0.008715181280991791,-0.00012962819112707913,0.0015390888752898554,0.0005508833820780164,0.0015827951475754255,-0.6631172284754019,-0.0004415667879678186,-0.0036108399682807228,0.0017715541489972952,0.009871818632528404,-0.0001929584102138761,0.04947367160041637,-0.0020913271216679743,0.0008730421465905046,0.003118536032107513,-0.0016487331469124537,0.012383681880341672,0.0001240794785929747,0.07136918394501057,0.05735726586987675,0.0029474076280882793,0.021669298311084738,-0.0024966721750203074,-0.0006792546700495452,0.0021989486305983522
58,-0.05925896285194835,-0.005514407689804338,-0.0017660467991173455,-0.00030323054925083387,-0.0025138146605132236,0.15634686756745172,0.0010383869545109968,0.002683158009893428,-9.657801712273026e-05,0.003948357349162622,-0.008489249996568922,0.12569767678295768,-0.1427418503533422,-0.0018134502042092063,-0.03949402920594286,0.018690225579576097,0.0002914374295675242,-2.507892636720516e-05,-3.223287840616387e-05,0.002344201210181078,-0.00010128583212795639,0.02060560820801118,0.0030331297639838925,-0.00021641947217843766,0.03308989088793257,-0.004376562721233159,0.060289163466215136,0.08414946013526327,0.03344344311081842,-0.004796426808744349,-0.03505403826466579,-0.010895220784732384,-0.05824967241027937,0.005855771241676064,-0.010185177258995082,-0.0004447510224110246,-0.20535171912925165,-0.004984459946393356,-0.0028495083800921003,-0.15086199222411456,0.00016649589365986053,0.08786014990282455,9.014396998651168e-05,-0.0006006077364226902,0.006255289412753252,-0.014708186794787631,-0.0007733575898531141,0.00014836769017070525,0.0026331170518177627,0.0003267282992971193,-0.0207622500274931,0.00809409356248283,0.00039415012443005243,0.002845749040068471,0.0016829642884420449,-0.08124319140944673,-0.0002605780899034016,0.395448445626437,-0.002373099399524401,-0.002195136510705639,0.0034174648057468636,0.0009891851149648613,0.0013499362038027,-0.10575627231129335,-0.007235698567444452,0.036122024310597085,-0.00045695963518970276,0.00187089126824529,-0.019192880947208217,0.0030821256016509645,-0.15111376836328053,0.000326395918423354,-0.0009720803101133067,0.0005034953918457846,-0.00014340047558234967,0.00595724607656949,0.00031687011371166196,0.002829617103732586,0.00014761864024907811,-0.029043750523852538,0.00033415585130006434,-0.028807879407471714,0.0014303746165087831,0.0011529411130644408,0.011893245539723745,-0.002226671534025229,0.7065119407192604,-0.005738576632420224,0.0011056111307904126,0.017873798367064816,-0.015219678451793082,-0.0002219218490357444,0.02028599655697054,0.3734478971714642,0.041541823052162544,0.005667650656635973,-0.0059236458113034116,-0.001300599803430726,-0.004537591519236526,-0.0035415119871800155
59,-0.06075495210434219,-0.012351804937432695,0.0015313379259507265,-0.00010086570202375023,-0.0006238522796432194,-0.13455999248161946,-7.849421434904386e-05,-0.00021975413290394302,-0.000723894492509607,-0.00281705227210418,-0.013250545124180849,0.4021137683187953,0.08847979562855027,-0.007310961177215483,-0.012500144824770777,-0.00773629548833225,-7.016003585286028e-07,-0.0004893354680017632,0.0002517563246670282,-0.0006862040804593503,8.78230081757525e-05,-0.03821925019777474,0.0025546730427146286,7.35836520369959e-05,0.028612909983387114,-0.004459503246032628,9.080971649659065e-05,-0.04428525611627866,-0.0013062214285972165,-0.0034768475536448087,-0.039071121575750344,-0.005687056384537072,-0.13533247357964348,-0.0033125717551085697,0.001521010949015805,-0.001999296598384409,-0.20532432935072942,-0.03053247009097864,-0.02822530858451543,-0.03520602271315959,0.00030908911880339965,-0.07254702802925654,0.0012992890510740954,-0.002888505566568538,-0.0053399719463417365,0.012930312704282071,-0.00033994120439956744,0.0008794105477222117,-0.0035695747862400182,0.0028645284094076006,-0.02443959191033318,0.022371505088986724,-0.00047118333622821196,0.0006888531245035148,0.003999762831156842,0.050896311391009245,-0.00038643148074082173,0.059768924502645385,0.002122722893085011,0.002838202107721823,0.03072704015384153,0.00011974095615199364,-0.0012111924938069535,0.07618606633912559,0.005283515678390156,-0.03949731590956643,-0.00038144761314834637,-0.0018025814502257015,0.00720652901705488,0.0013960584001351615,0.09211285574556026,-0.00038044092822879776,-0.00040575831457300565,0.00022897169148186625,-0.006505340536789916,-0.003393537379586753,-5.636557062614622e-06,-0.006748933926352421,-0.00030566391592203035,-0.030178834892608156,-0.024045715299206568,-0.0020829912018005756,0.0014707716637318013,0.00030064387426687674,-0.014220368302799297,0.0013136483185661814,-0.46335784669751373,0.010067611188826533,-0.0007186242200689502,-0.005908359124421806,-0.007121569024137742,0.0011234315056141697,-0.014330190055539812,0.6881092129980695,0.13515822918822876,-0.004197504382960673,0.0016300563556817388,-0.0030768752380815854,0.020309452435240613,0.0033752079042108224
60,-0.025672869389303094,-0.022695373890747723,-0.00016077366337532636,-0.0005919446584903582,-0.0059704297119659265,0.12544361506151644,-0.0006854196915333025,-0.006190314843604402,1.4396176090072932e-05,0.007492317515588549,0.0710997107781601,0.6253401959198388,-0.07729401851791701,-0.010629585380837175,0.02595650774135856,0.028303599737311818,0.00026650370672657436,-0.00034176974370475274,0.0006962888362845934,-0.0049788290194955065,-0.0003332212874167517,0.08667557094779045,-0.0036445026403861334,-0.0005235810797006302,0.008742062172823861,0.005511383674764749,0.017610048978873537,0.013189619109397196,-0.05970709118907334,-0.0018643479033889562,-0.009769927390354316,0.016783859706068896,-0.032127571361986,-0.0020938889273090493,-4.772042064036825e-05,0.000555007168029864,-0.13017652452446396,-0.05275047565549083,0.0973399187022518,0.098142370215982,0.0001275671252821669,0.099241564218703,0.008281673067682172,-0.0019155519543699443,-0.030814146378679116,0.11367343350253413,0.0010242232340073043,-0.0002475819969297681,-0.004230117237079056,0.00744514607865645,-0.011277917909257085,0.044421073205728814,0.00026039640254858776,0.0007143109326205738,0.0015075778389152042,-0.12085979793128933,0.0004084926308901421,-0.5799348851680968,-0.0028431610321074234,-0.0032130934977383885,-0.02538031943630039,-0.002665776953963226,6.257957527236457e-05,-0.09228030100975669,-0.0010418758193420554,0.08099966772338779,-0.0010295180726030764,0.00039775248430825444,-0.009149918708464964,0.002623633857428264,-0.06625164948049078,-0.0003689666886579415,-0.0020283376850548304,4.5214940906215806e-05,0.0012292877456210327,-0.005893628425746561,1.2381431987382174e-06,0.025783262746849542,-0.00045152839400123407,-0.01901015265766111,-0.0021943645931210183,-0.02052221135930319,0.0008428768964660639,-0.0034395493254798237,0.04144021617966616,-0.0001577865105692325,0.17812345096170262,-0.03440353815570695,-0.0011385352072976855,0.0033867733442657375,-0.0037750739583185325,0.0007723030289076064,0.013595669247773584,-0.19943155114838285,0.2317622796686162,0.010764193558232634,0.013693560750648561,-0.004801820456468257,-0.0004937642452758802,-0.0063329327053985845
61,0.006210112889124204,-0.0037693520877615473,0.0020935201671238,-0.00019202495736819845,-0.0005940479815008922,-0.003756108049718091,-0.007946328703452878,0.0017727767028757743,-0.0019146111571977029,-0.00016369564101305692,0.052510949367821934,-0.11025128231126123,-0.011779889028416628,0.008062432446574324,-0.0057215627412510565,0.007294965738980586,8.978016012545524e-05,-0.00038433206627259465,0.0009989504920179509,-0.003847756699931735,-0.00028266562040534654,0.02175594824962711,-0.018531365072851795,-0.0012931085896140315,-0.005917361567389607,7.326264229612345e-05,-0.0018946850244139265,0.016129974521979895,0.014497509667482549,-0.003676015275788206,0.017348946391755767,-0.003498446498268851,-0.00543419830962947,-0.031036392144865463,-0.036489961676022864,0.0011241041214227927,0.010415303561541845,0.00998199408640023,0.08379177827731434,-0.01287612551786693,0.00025025914591835993,0.0058230225393082246,0.00865797233468048,-0.002946091884575417,0.0035889224019394063,0.9058053114637176,0.0007771438370564475,-0.0003872341808635822,0.001644191649082913,4.157846334747466e-05,0.004176640998560108,0.007775120049330372,-0.000250501051842697,-0.002315649007418651,0.0016944845841557442,-0.35186058133736264,0.0013031356468567838,0.10857103391919547,0.01495384468989297,-0.0016109412182432903,0.04934489669550156,-0.0005267009277358974,-0.0014357387335736521,-0.025458066188104173,-0.0011826855241648484,0.02766992681576548,-0.0010774420806879082,-0.00070667004310483,-0.029142120680101618,-0.0036994516120873186,-0.01721625348730169,0.0011304380083462994,-0.0015698471873765861,-0.0009540608695827561,0.0017577042406937277,0.0014432109162235383,0.00010767573385695242,0.020471199792920457,0.0007167745517240968,0.0033998921409833863,0.004622625519902895,-0.00043204629556134987,-0.004622343005115314,-0.012159872959889339,-0.0013171750723888938,-0.005392258526571418,-0.0891836125257889,-0.02221458849611541,-8.336442132733917e-05,-0.01375293189363596,0.0014993181526910884,0.0013425825588198226,0.007077393367091695,0.02888471476359463,-0.03902234285668815,0.0023602661997483556,-0.0021453817275277273,0.000145839304460994,-0.0007687949659054402,0.0024549413718671915
62,0.020244293910060576,0.005125594709335088,-0.000776325441734207,6.119224918371517e-05,-0.012004002863810941,0.1435704955749476,-2.6788834138541037e-05,-0.005671004653855826,0.0005310715320439056,0.006861873706824201,0.2796204109284668,-0.4315061727579294,-0.09669926252825092,0.009831708938276052,0.007106135291323635,0.020184878974441708,-1.4365938957717692e-05,0.00022949836809030971,-0.0007995217675720867,0.0014021292895994991,-0.00021291995052555301,0.17857205075083274,0.005502518335726967,-0.00040973193801783526,-0.008839734593678206,0.007366340647708729,0.011567716400154504,0.025064488740546717,0.029835712824541647,-0.0016542024067683972,0.018924415054482557,-0.008930144989753835,-0.01715260255027441,0.011218432681012708,-0.010932557627119888,0.0032771741428658657,0.05562617283086194,0.03335777560016845,0.27388491561869127,0.03754204316659543,-0.00015776180338114565,0.12469283712474707,0.023572652329427034,-0.003862944428631169,0.01968686999414307,-0.14643964815222824,0.00040792682575205123,-1.063473945447143e-05,0.0008813923183388431,-0.006391598200555727,0.009155074364130128,-0.023052980642801677,-0.0001412998722515324,0.0009070599818242903,0.0008397709329504427,-0.15632858948755526,0.000206241691979539,-0.46045918787064033,0.001560974112203482,-0.009350900253296955,0.01742276543183577,0.002706494972274043,-0.0013274048223623214,-0.14456646898850734,0.004340782667665886,0.17019231257295414,-7.830375205773038e-06,0.001303912710841043,0.017162448231743694,-0.001823789112814526,-0.08449982423870339,-7.188916028556401e-05,0.00010371718245634834,0.00016411909200031438,0.005868452467833615,0.007106029036921618,-3.681090791874536e-05,0.07354079406658792,0.0012289368986005134,-0.014699971572699262,0.005212992911510821,-0.008606868721138815,0.0031811313690450565,-0.0075188406664051044,0.0493128327757372,0.006690216982989122,-0.022211057708055593,-0.09143235770634689,0.00016603754787918729,0.008857344263584182,-0.01384926825233275,0.001553432735409888,0.02176354913896925,0.4640857855620585,-0.15093311436006435,0.008492287023707537,-0.009686474855166376,0.0028538425363760066,-0.004294521124597599,-0.0031379461397880067
63,0.004528292815610729,-0.01412946698352506,-0.0012614864981378357,-8.494238049309554e-05,0.008923462748345126,0.06911504324508769,-0.00035650446457913395,0.0011354453556762759,0.0005668216608009682,0.0068586921587750925,0.3864015815545036,0.17806275451700673,-0.08417407393497744,-0.014566130354788143,-0.010353628669841408,0.03607965567268279,-0.0001911282125929407,-0.0009056395747452147,-0.00010182314996958972,-0.0006077748462824523,-0.0008858685682813366,0.21471836407139722,0.0072675612682168555,-0.0009021245818147117,0.01133679333876745,0.0013454744185551065,-0.004572689060618513,0.020728590165930073,-0.037271057685502734,0.0029432175011185127,-0.0016320753935741908,0.007222394189246542,0.008840067774965403,0.011933542058746034,0.05565883907264708,0.0023380401775969922,-0.03820207989334261,-0.015536788466282175,0.38923447303071806,-0.040853083340297906,-1.5123607872702394e-06,0.10293124928120272,0.03057634552172719,-0.003670021104374111,-0.008901647611307822,-0.20285450676829508,-0.00048750962764828156,-0.0001033619457182066,-0.0030142505987089258,0.0035028306493406743,0.0006338437363220296,0.02492267401946609,-0.0006092952782120742,0.00030942419919599215,0.0038750111421717815,-0.18863455109846022,0.0005326716758587591,0.48549235112437855,-0.016446674236140726,-0.006505409849828179,-0.10436591509664656,-0.0017499140070996594,-0.0011628793387150338,-0.15189839274070116,0.004161016514675585,0.20051308774368248,-0.0010278797438040145,0.0004771574468532252,0.0316163518139731,0.00027881103919016447,-0.07913508416194787,-0.0006809009703364552,0.00017464770036138867,0.00021693387476342044,0.005116289898407789,-0.002722864245178147,-0.00027537787288003934,0.09078854928901213,-0.00047747223562707997,0.017127027725750157,-0.006160145579748387,0.007874513765692245,0.004463833367653568,-0.008236096821213328,0.03307155089562776,0.0106667881497559,-0.31755769968053543,-0.11846195961698651,0.00200421011328877,0.008676127428882699,0.012887959333077032,-0.0010543301870707105,0.024298547726472525,-0.24918260998486863,0.06576276440063082,0.011194506357705414,0.005848788607120063,-0.0013746983944464362,-0.001005366198463517,-0.004483077058808196
64,-0.020252474952261408,-2.4531344687973855e-05,-0.0007836712285006833,-0.0022857871034263092,0.001038903938451281,0.006058431860647119,0.0008953106086034193,0.0007814455809730158,0.00044159790421580873,-0.005176778215534503,0.05100493807922231,0.07336258259985941,-0.0011423471807073832,0.0800134510359363,-7.837062866167255e-05,0.0026213912459498168,-2.104793025665269e-05,0.007356469683489797,-0.004049845512813982,0.001803582765339009,0.0003394277225035429,0.027095045606364925,2.3259376949543494e-05,0.00024233461081712981,-0.11701656100885871,-0.0005825417248600325,0.0009048533965753505,0.00929919380197099,0.015696813755689105,-0.045944909789720316,-0.05043682899267307,-0.007160149708817922,0.02243082752240387,0.0033278200162501228,-0.482582334887695,-0.003484022776125452,0.04843594513435062,-0.0018713162836583967,0.05328467246013792,-0.0029331890667467883,0.00025606163937046816,-0.004005714610757466,0.0028990168484767974,0.0006571759257318335,0.0032420036091179265,-0.07524212308101327,-0.0020002037170606937,0.002074386510728831,-0.0005302239103504571,0.0022337063473413044,-0.006812793025557807,-0.1517543585806965,-0.0005497989939828585,0.0013087750459890562,0.0010887113426333145,-0.009548929304141467,-0.0011712207181815946,0.04556520590259129,0.11941682582569041,-0.0007688370270265978,0.8204832510491223,-0.000871327618670887,-0.004228813427694267,-0.013617700222643851,-0.0003466607845329737,0.011987632710083535,-1.5044540230411269e-05,-0.000673750989285465,0.006663542014637695,-0.003715959748124386,-0.0018283650406254147,0.0058349250646883245,-0.0015861091366955104,0.00032425880796516093,0.00040733806847861875,-0.00038271899516039223,-0.00020011836247183466,0.006072732309808416,-0.0014741865829470528,0.0004854742847303986,0.0666308584843048,0.0014819874279042994,0.00012070639424683303,0.0030654124089926913,-0.014231923552727413,0.0011221823180626528,-0.011262853710191917,-0.013736423857116667,-0.002144001009850156,0.002385601001057256,0.0005131713926575469,-0.00030402041258489887,0.002489336251334213,-0.054844648357820124,0.00860025041681693,0.001395411647014526,0.0007023755991092673,-6.643656207352792e-05,0.0005268681782595666,0.0017809355644819664
65,0.021944337781704605,-0.004763275240118095,-0.0034094595000369,-0.0007355983788469257,-0.0010382217940074143,0.26398463623603685,0.0005126502793979075,0.04121791714863052,-0.0005513287347869824,0.10445522504210683,-0.32470943948734876,-0.04687171764518701,-0.2611468641125035,0.03285526450696863,-0.0032320777449571583,0.030851195794346205,0.000272781357443767,0.0003295604088248828,-0.00017202951415438636,-0.0008637040785532749,0.00046250583035886694,0.040025116302773875,-0.0017050569729345688,0.00040255158392338286,-0.03224336083317688,-0.002801744112465713,0.013904507145066764,-0.13056989096082777,-0.0027089764013900203,-0.005470374872823917,0.20579964190556557,0.021636107582934983,0.002200545976028762,0.0017108160102224526,-0.033704667501028046,0.021450318796703866,-0.07042249061290529,-0.004651156069974981,-0.19108272602677007,-0.0017990823961303857,-0.0001795051345950191,0.5082823074483006,-0.024210748015268898,0.0006663684120532219,-0.010578425012390612,0.022966222938396008,0.000424358190686645,5.715792067346754e-05,-0.0019442163483851598,0.012491533468376231,0.032998216468065604,0.008120298803123344,0.001254330214424615,-0.0006191095449580297,0.0013690739760464574,0.09026282314105079,-0.0002226032157586627,0.06319940978887699,0.009569646116493326,-0.002405002053678249,0.03218007873699964,-0.001131008250593004,-4.187694475301512e-05,-0.12918545170681622,0.023865173902336514,0.02095222481173782,-0.0011113202206736589,0.02165317499500047,-0.07654198056892657,0.0009716605460800183,-0.006476870358300034,-0.00017259480691250197,-0.000517634854644046,-1.4895551064599347e-05,0.0023296790674623147,-0.004243244654316275,0.0002869094978418252,-0.05183754838066846,-9.600443853036156e-05,0.0038324013099374915,0.0025317983898554726,0.0036997057133023523,-0.002270082139240153,0.006668376515569556,0.5251268175892992,-0.014066586401356121,-0.22285603697758744,0.053316368879812184,0.037728892688042616,0.0010568774741317082,0.0032454037451170627,0.005886358673535343,0.00021644090101321763,-0.0021791049756751018,0.036718409898786525,0.030590462790664415,0.013474376948764341,-0.003338391438576979,0.001164987735921134,0.0021484270549620554
66,-0.05460757898680292,-0.03238692839382897,-6.350894856124896e-05,-0.001435041304681802,0.0004157349837475531,-0.0663805522189357,0.000262583255757419,0.055796245839382676,-5.466952999036434e-05,-0.0257678746420126,0.08168079637192088,0.01116032109667816,0.06691125984477808,0.1173363646196677,0.0005584793676272765,0.021618353127938424,0.0002507204063000937,0.0018777698211470614,-0.0008860081530753655,-0.0013763250953556308,0.00010393984413146345,-0.011783069777501046,0.00035989970666531145,-6.123641541442779e-05,-0.05609006996057559,0.00048369747691561914,-0.006429189967751495,0.030282877698351567,-0.024933786872444942,-0.022405995950536384,0.9248026174632213,0.061699043381772116,0.00760688901054718,-0.0006885320384348564,-0.005998985928340008,-0.009662705573615721,-0.19932079075566023,0.003530214565839125,0.016898868761570804,-0.0008005924884238514,-2.066237555597983e-05,-0.11956173786545898,0.01199542179607721,-0.0016016677928264887,-0.04114599294686651,-0.01974531248694056,0.0032499722943737505,0.0008502207478825463,-0.0055545794612852795,0.01201537637934427,0.10771268066874087,-0.08407636724795883,-0.00039722088969245534,5.114695415975312e-06,6.888514250635316e-05,-0.007581486190407206,0.00037858383009423124,-0.0063272637176585485,0.004412182651808919,0.004849325286763445,0.017982840090299792,0.0008736722338635247,-0.0008494843847988535,0.022842560787516154,-0.007327802654044601,-0.0016263935903948483,3.134044360924779e-05,-0.0021366932179359135,0.019015574141268646,-0.00047473537040340196,0.0029964136551277583,-0.00019698941790249284,-0.00037614974978607794,0.0002179334279236167,-0.005467409552158265,-0.030341117908824003,4.4886467517039896e-05,0.008685381345460244,-0.0003931622752227429,-0.0018246111734920231,0.0010023599151671699,-0.006601419876962486,0.0004424302248089663,-3.33976644110146e-05,-0.12400607105165934,0.0030750269282005657,0.04506248662721199,-0.013094219328214965,-0.010655126268685599,0.0007926124429400872,0.00015551821937350233,0.0014611857700325883,0.010671638832758,-0.004777768678503127,-0.0382679603731917,-0.0007549743103660127,0.020645820126849207,-0.0028121242677008507,-4.938304554712343e-05,0.0015162096129166976
67,0.009359400313416514,0.0022929921905905093,-0.0007019502715951268,-0.003875161978174473,-0.00032090095035002247,-0.008390385141666686,0.000665014795429777,0.023892949336750353,0.00017480035579247807,-0.003908632584020159,0.011244257279827582,-0.0970255364493456,0.015132397494420816,0.0018668693618952084,0.0005208772761738003,-0.0023146027670044172,-7.487592024094537e-05,-0.027529150142641037,0.00445087301777468,0.0008784496040429154,9.969456133059051e-05,0.0019525674775929137,-0.024432682385597485,0.00034811784335782433,-0.014237683716060167,0.0005018713666094831,-0.0017331287013364247,0.008063709219641897,-0.0036555019524715194,-0.0005308509463232752,0.06721988630274617,0.004770123984642096,-0.01902445826382801,0.002413989749852515,-0.1824173995567046,-0.001571395561672139,-0.02784176072389081,0.006545787754181345,0.001725757945736632,-0.0001956819381987618,8.466677981854194e-05,-0.029397102346300823,-0.00036439097260970976,-0.0005881164380396775,-0.0011127559379676575,-0.026696440344151227,0.032310106737427714,-0.00568240282659227,-0.0024829374576297533,0.00918226325992644,0.014228046981454237,0.9546227925760559,-7.069680394836131e-05,0.0005504447760963788,0.00041129252825949057,0.0052373576542339715,0.0008629883207399366,0.0018816157432730138,0.03708465951760165,-3.195250024822187e-05,0.08070372720944277,-0.0009048856050672977,0.00017625525439075168,0.0004922437921464507,-0.0018312853561900763,-0.003382623054918468,-0.0004149947692453414,-2.937823731018023e-05,0.0030448100540550753,-0.0021849998036671207,0.002643600338243606,-0.0014736578384707646,-0.0010393748677833747,-0.0003009699418183992,-0.000431199060520613,0.00032946804028739264,-1.0814292401428206e-05,-0.0031411450055142984,0.0005280741744354456,0.003121012703467903,-0.11102311711601363,0.0015611439307992745,0.002318495184954021,-0.0006526349874489382,-0.028445681149883797,0.0013397611979490502,0.007202145309643782,-0.00227807623963309,-0.0015282357490084856,0.00035972365386847645,0.0008854567055836832,0.04571706344911765,0.0008229549597877361,-0.010103984261015908,0.104152599722765,-0.0017196069554394925,0.016839759437249475,-0.00385500087146953,0.0013809446759595065,-0.0005312940100947389
68,0.012659197454916756,-0.0028695043248097487,0.0013480290453473554,4.696115419794726e-05,0.000754814936618069,0.011373550376035556,-0.0003908339635529806,0.035793746288331964,-0.0002983302105924804,0.07726052103653945,0.39333391370814197,0.001515109685109687,-0.1990768352644704,0.001664811846282587,-0.00023408058508584545,-0.014752790866022592,-0.00025964854517157663,-7.092934315015495e-05,-9.942902681787079e-05,-0.00026511071894304294,-0.00029895087803559484,-0.672584893178816,0.0005762113926877518,-0.0009979707591518117,-0.0043404750984732225,-0.02083288627620269,-0.000265100706423656,-0.13840862213361577,-0.004553177052649318,-0.0010026919810440739,-0.0008325963687535153,-0.0006566736643214086,-0.0009539309099857148,-0.005893027743272872,-0.006025515907198034,0.013457123970376454,-0.015573709156946024,-0.0027193066988132238,0.04943066219694071,-0.000562264101925395,-2.978078239435078e-05,0.03207577538714934,0.049814681037708405,-0.0013792275422955334,0.003609698301939232,-0.019982123104763345,0.00037208317979804467,-0.00048091682122110985,0.004834985663920401,0.011994859387872248,0.0035729577190190195,0.006131700834535329,0.00048633074017245814,-0.00010699399533124678,0.000645196959393142,-0.07817691889595121,0.00018048902265831862,-0.014789780004460034,-0.003447756034559985,0.031002505699080665,0.0037716437690245817,0.0007564495103902086,0.0027858060728567086,0.4395463702274512,0.02113371809963768,0.02272203468472584,-0.0006058266928022459,0.014503300486803447,0.10380424285646114,-0.0004622378053689173,-0.00036144859815317575,0.00013038651763009473,-0.0019143981323744355,-0.0002657299806664788,-0.00637421562222662,0.0003494895969559861,-0.0003559865450638855,0.09070995439992628,-0.0007483201681804663,-0.0003632591082062611,-0.0008288770725082498,0.0003427172428708755,0.0006556273077484255,-0.007894854667575172,0.2906343675200452,0.022355138032109582,0.05832160613997417,0.0019582292502945374,0.042049636396556046,0.011870854992683508,-0.00025805317662656174,0.0007360346101497718,-0.08482915994226947,-0.009610133496220478,0.01109943077866755,-0.006656801224272703,0.004288846992594651,-0.002326201770744704,0.0015592754044550933,0.014490028635682203
69,0.00015152361250577245,-0.009181996156567708,-0.0027730805737453666,0.0002077272858761819,-0.0034237147250265935,0.17879647091713735,0.0029092013341242987,-0.03452535588911513,-0.0003494682904785606,-0.019426647147333345,0.3267841481089328,0.007556571005089166,0.04449119963823932,-0.00605966660457862,7.392304314876218e-05,0.03557181777828964,-6.25177133703556e-05,-0.00035826715152807893,-4.589506955838575e-05,-0.006266847234047808,-0.0004358992288939906,0.09177225759013968,-6.204318047552723e-05,0.0004992929075508801,0.0024872037944801886,0.001531437861290708,0.0015720253766352546,0.015739121786044006,-0.01218459804193786,-0.004833158141055911,-0.020966493164313947,0.004886131171455869,0.0016832653866260495,-0.00665402988530292,-0.006886645634160389,-0.001005853996083536,0.007101053949226027,0.00033214192279074073,-0.7460745954294582,0.0022044592491852278,-0.00010456219785615062,-0.06749034509292098,0.053478551075112596,0.004602088036819911,0.0013261038453554613,0.03448124131141438,-0.0003665160930864837,-0.0005255738290866722,-0.0010003192916484896,-0.011074399523728842,-0.01759034733412418,0.00032595086272701215,0.0005671529850166113,-0.0009293118954865898,0.0009469476126365908,0.028697783462890734,-0.00016181159805988415,0.01791999134454237,0.007613828089619497,-0.00335428706840794,0.005253450862288803,0.001533384045623208,0.002048680021852531,-0.03694336083034949,0.006495485242304744,0.4883730615383895,-0.002009239060604382,-0.004726782177010733,0.08467132204431102,-0.0002927017943299415,-0.00906859458198191,0.00025421311462031984,-0.00010003984705075387,3.919338712329856e-05,-0.001600767302150953,0.0015141871183335818,-0.00016732760950464304,0.12378125602748609,0.0010429670161607174,-0.0009196817265223825,0.004927399559097555,-0.006286287152052417,-0.0026719050658206827,-0.01194570602234535,-0.0871277979448586,0.02245784578313238,-0.05882592385376192,-0.06100656703415602,-0.005905937699234852,0.033307820762932545,0.001297296522267401,0.0014953933434951779,0.015056493842887764,-0.00723807544491051,-0.01678573674776804,0.005700374027291342,-0.002495288246207969,0.002347549548534075,-0.00018658962582182234,-0.0034609305208721276
70,0.14261453341906394,0.0009886555355022413,-0.00316386048870476,0.0001353149184591361,-0.0008735425583941553,-0.008743765732706361,0.00023461833578106162,0.8846855066176224,-0.0023676371819451036,-0.0005720366316019874,0.0028980390692160394,-0.07187508808228428,0.023669135317329577,0.012729899370037073,0.0007888554025851369,-0.0004778743132022867,-0.0012272052969178049,-0.00028606234226488756,0.00038736642078733563,-0.0007441107188189966,-0.0008632226928522273,0.022089743142447417,-0.0007603349180382232,-0.0009171315121378476,-0.024275310629999963,-0.004472782575228665,0.0007325672599001961,0.00944777280473242,0.011158958110686889,0.0008083132846022772,-0.08674541157575634,0.0003750114259711036,-0.00940699552647771,0.000656481306758383,0.007653501318461554,0.009575081542699232,-0.0718719648536413,0.004352849918208098,-0.017841441227462805,0.0002633319658746011,-0.00023767940760882622,-0.024881131831757122,0.0023152230820604356,-0.010712382561616583,0.0025130224740483598,0.0006448529759698583,0.0032032332072578235,-0.00014725909882577336,-0.01256652452603367,0.35469237626344685,0.07377176290277004,-0.052573280419271715,-0.0017200683355315938,-0.00026171384212095306,0.0015538994442896373,0.0037463363022330752,5.508722318458073e-05,-0.011099199625279855,0.007506455784658221,0.021068091233732933,-0.006688685097699015,0.0012626409788574766,-0.00046983157547932086,-0.012454448694059084,-0.0027287047761737036,0.030792427965304965,-0.003443890225076735,0.0012410683129241446,-0.006132382655514967,-0.001467511295518126,-0.00610011318734998,-0.0006656879774692491,-0.013995427060700769,-0.0008085014588220529,0.007107299484081564,0.008440150405046434,0.00026363923565508873,0.005725724103759806,0.0003555610828664957,0.001195120273092612,0.006184181522823396,-0.0001322988227056357,5.321448640478038e-05,-0.00036043797770776015,-0.05146302145567371,-0.0005910916326200389,0.001530710234871219,-0.01067463221636068,0.0029676382336513794,0.00018717973738429164,0.00037865330676859453,0.00516221372627592,0.006116537394627489,-0.0035133195574200233,0.1698122061430561,0.0005007780015200448,0.0660872132795847,-0.055952545725524494,-0.0016574294759763367,-0.004494119501818938
71,0.01963689282986777,-0.0025257945353580518,1.4813807198518986e-05,-8.0847985613146e-05,0.0023434525036463193,-0.41394828158638086,0.0008297387094755018,-0.005013016167835397,-0.0001872014620120082,0.0492716809848546,0.4024766120592108,-0.029216011952358168,-0.05122177277587848,0.0006592801665177865,0.0018490655174279802,-0.042768096245587764,-0.00028085070493972554,0.0004973721047639278,-0.0002769043213545286,0.00588389078761466,0.00016134940827952637,0.3067206250494142,0.0009088045755679744,-0.0005098361857497902,-0.010487814376678384,0.004158145572865842,-0.008781820813038365,-0.06442352398015774,0.01657849026376767,0.0052477772605625285,-0.008486221396874775,0.007246140555286122,-0.0008787842969206813,-0.012748130739925345,0.003112826440112187,0.010564632129202306,-0.013462594727855062,7.20846694182084e-05,-0.25622504157035,-0.0022040774383786255,-3.927177259679948e-05,0.0908690296796296,-0.002790003684986886,0.0006387624619962401,-2.7147010533334556e-05,0.016602348019290444,0.0007025785010689144,1.0891969706716687e-06,-0.004189043744073306,-0.00163509623531466,0.004727660549870755,-0.010411031960878616,-0.0010374552567471995,-7.263727955444943e-05,-0.00012215693838396255,-0.025752722715371625,0.0006189483407947763,-0.015263084695126446,-0.03141062296848359,-0.011424445715332701,0.002066450715820192,-0.0011892405868429573,-0.0007011548647568172,-0.14025911326921706,0.01675985166865891,-0.5327896963759327,-2.9234540758187738e-05,0.013601470212202746,0.2839922181356493,-0.000712342420279267,0.041747478451859124,-8.807084583556737e-05,-0.00017272698018555837,0.00026905552816463424,-8.389280733808735e-05,0.0003864298289189966,-0.0005196167278252173,-0.0491803503568623,-0.0010191621239122595,0.0002616213698552264,0.0009613648472030873,0.0020816884281034537,0.00012382635269316726,-0.0015898841032299669,0.26801061682340444,0.04550539412631384,0.09804898190201485,-0.040880779813966525,0.020658046292330028,0.011203750238795444,0.0008733544195452143,-0.002547972931706135,0.014097475357124509,-0.005915875821478182,0.08830253915903127,0.011504398261004753,0.004148944290473022,-0.0007569847768289351,0.0035547530325575477,-0.0015006987805088953
72,-0.12228174044771936,-0.004915253641312516,0.0018274194684905938,-0.0013482579039566442,0.0006446491822272131,-0.0183115810857009,-0.0006526686975921805,0.13545662049431229,-0.0006619484892503268,0.00031632725112263477,0.047480477345846275,0.19606372849832232,-0.006918374002507859,-0.012251052529620634,-0.0001706573424901034,-0.002666206460001007,-6.779654461094853e-07,-0.003309337795536251,-0.0011964115778759117,0.00017304204674559176,-0.00018400427246297035,0.015593100963939541,-0.02120695120358153,-0.00015963853628615104,0.035228582536583175,9.901691140025469e-05,-0.0024545486553265226,-0.0036327123450707113,-0.012323224407967119,0.006551973392560081,-0.010138289502019615,0.006070292186293746,0.015344564956160708,-0.0005352115073266262,0.014153704016803506,-0.006899324638416665,0.061498285593673194,-0.004351963000118355,-0.020914721323665758,0.0012537240054105458,-7.625910566819161e-05,0.0341683441045849,-0.0007239403198533111,-0.001039802348360394,0.008522918195284982,-0.002804179359049708,0.02752179868818728,0.0010347473141038956,0.0055351129953370645,0.03411409070687373,-0.030281752663881306,0.05537779088158569,7.804466443762752e-05,0.0006261469593869945,-0.0003008020904616051,0.00834650123766215,-6.557483439618289e-05,-0.0027727913386655237,0.7701090283304853,0.0012721464590747104,-0.10476515978873537,0.0026596473036965343,0.002160416330431146,-0.024493421402881153,0.00019531215864245638,-0.06639255647255103,0.0017260482766667203,6.44409131648517e-05,-0.02958930750914384,-0.003673958406642081,0.004455764857092116,-0.0030923564372591092,-0.0005110323365031103,-1.7148017829867607e-05,-0.004922487164983982,-0.009385518811251839,-3.106040579260727e-05,-0.0056062132794146464,-0.0005126929687489651,-0.0049792075927357834,-0.02230054245525752,0.0019764352740928165,-0.0030570155350506827,0.00023454336105033344,0.04365782996483275,-0.00664777247116782,0.005043480942840647,-0.0003801452570086131,-0.003160892830073543,0.0013790269367516114,0.000618443299921485,0.08532358580163178,0.004102308459816404,0.0019975246816489878,-0.5389076915424184,0.0006214950028457676,-0.027446063852224492,0.0010046835660213254,0.0013294728598402632,0.0033824912559974954
73,0.2376148052594438,0.006187481950517727,-0.0012331382554701458,-0.0006331135684858949,-1.157185569658492e-05,-0.026557465555314727,0.0002490578225986806,-0.19745994727262095,0.0009967788067178143,0.012741014637099903,-0.023175019854078657,-0.2368059919021675,0.021709544700188068,0.008179916372593868,0.00038493217346093067,0.0048961964258617124,0.0002221836715712161,0.0028182686890478505,-0.0015997876361090527,-0.0003222485212994522,-0.00012782755120563372,-0.030799951859941777,-0.013894598164146423,-9.11237706564122e-05,-0.028846375348904607,0.0011775187710146816,0.0018797924351823454,0.003753348252543382,0.014103702991981992,0.005366345822417823,-0.0020778350103077964,-0.0069235426043861535,-0.018773952769518657,-0.00028983973403921186,0.011847372282745716,0.015774137504159007,-0.11796755214967583,0.004310462098327316,0.020840967590638068,-0.0016531383842303556,-2.8787815699482522e-05,-0.029215695632985327,0.0030123617742516496,0.0014869553669159129,-0.010147061608507823,-0.00738113454727324,0.021189358327578782,0.0023444786244155615,-0.007639682557672615,-0.056260928448688526,0.061329110384303526,-0.11888872895862448,0.00012314514037548084,-0.00014740597727902136,0.000282761350765659,-0.00030558171106531,-4.444166949301234e-05,0.001837257474424486,0.6044887127729737,-0.0046770431849839905,-0.08060651241688145,-0.000884439945384681,-0.0008402596097964385,-0.002699051832996631,-0.010412232220744892,0.05420360684123821,-0.0017066349268962605,0.002797872828281929,0.0034887922941941613,-0.002532634771600495,-0.004092189589724657,-0.003966681255419323,0.000602011417240678,0.0006134073894107639,0.011960613218740018,0.013352419387302236,0.00010838824108878875,0.010830126162725646,0.0006734341474883485,0.006285652193184894,-0.0008120266631840064,-0.002563871003798082,-0.0022393200531501695,-0.0008578909976704116,-0.039133516814512374,0.0013952223140481232,0.0059019850333416855,-0.002126618810858008,0.010085166072594888,-7.276243102346397e-05,-0.0010308492964121486,0.07376739819846748,-0.005794571539403484,-0.002342286320351465,0.6496635610535105,0.002094486225043224,0.041083209991116434,0.0010619151023946029,-0.00166282526533219,-0.004009820775073256
74,-0.11418912488108149,-0.0038703092442425365,-0.0010390232542152522,-0.0001541148872557952,-2.736204705475892e-05,-0.2930735653729694,0.0004729714994367133,0.010768130423431416,0.00030273424588764947,0.060996661952314825,-0.11506151088084471,-0.01392085413178335,-0.3906235700981919,-0.012724104903619082,0.000460917078006242,0.04506445901240165,2.0719114343776407e-05,-9.639859782324418e-06,0.00013216543165811556,-0.002486013687255685,-0.00021016453837360838,0.45710383039440894,-0.00042063800570808253,-6.72741129617016e-05,0.008038379091824768,-0.01748902284984146,-0.012363690670686867,-0.18430689363541572,-0.008144832796908509,-0.002450555236201791,0.012204258688304385,0.006072964438927821,0.0006638300161510829,0.005569740902195714,0.001060058879062872,0.006825810846059287,0.03531661108364209,0.0013048666091277639,0.043518066195969304,-0.0005526542042491229,-5.461060693445763e-05,-0.28216655795165235,0.0034415984706067347,0.00013375809236838973,-0.0011888212036054308,0.010281697827634332,-0.0012880694547461962,-2.1775169909894233e-06,-0.001636585681909386,0.011469891431051064,-0.022983388693216804,0.0005605532960354868,-0.00017334591190823478,-9.695901114338545e-05,0.0018194313604671664,0.03563263001232445,-4.07774449697057e-05,-0.004185964597790168,0.0191499277009331,0.03539774485913939,-0.00031033599050372257,-0.0002164278451347243,-0.0024868336565433058,0.47995290729201456,0.09612031640701292,0.27171972918013354,-0.0007479230073488699,0.014436170825203029,-0.19689450820239818,0.0001799917903496295,-0.009036304146180132,0.00014534145022781033,-0.0005816741682916869,0.00014362316439521516,-0.0134169559322279,-0.00195788009025772,0.00022921625470259666,0.006706729358428423,0.0008064000243633851,-0.0018368684598235388,0.001986778845058809,-0.0029716115466967476,-0.0007766765628180565,0.0024547263612361364,0.1802524703163979,-0.035467845692947156,0.0828466101031464,-0.03826099852864512,0.04911086104274884,-0.004388478387655685,-0.0019910869001385206,-0.00213061967390288,-0.0047621319626075295,0.0017064151206296185,0.029562983967957646,0.016323574206395252,-0.018024943015808113,-0.0020815243620023512,-0.003302643689464183,0.0018704520725539749
75,0.7552425805991156,-0.0020306025560957452,0.0028787644730357935,-0.0005674655828935594,0.0014175180372078926,-0.11320578642497994,-0.0006470122207851842,-0.08720844679008277,0.0006856082194389573,0.07569299014048265,0.12646075471289345,0.08914847282456377,-0.00825622703708917,0.04427947137290929,0.00013393592878129662,-0.008414516160681527,0.0003054805002344202,-0.00031637778255257445,0.0011515596194146757,-0.00022127296984726755,-3.5942847433759195e-05,0.023166235133030504,0.0009432312177684501,9.874552357513888e-06,-0.07137012905202081,-0.0015392327074126933,-0.0034174305735917123,-0.014074581646914799,0.014736355478601176,0.00149626513506243,-0.0483649985343865,0.03477744837483319,0.011290700663990188,0.010757642920558145,-0.008117482778801692,0.05802648604815218,-0.24222488809754497,0.0019937986112475896,-0.026338973198748665,-0.00023786684181919138,0.0003028883571952676,0.038145705664475754,-0.0011610112607859484,0.0010329926802043286,0.011128142962106125,0.012646880716427451,0.0017895343020103505,-0.00029831686699265244,-0.0010678098656152941,-0.06642684641754551,0.15156164393319682,0.023178985026983984,-0.00036521336797818577,0.00013238501916832193,-0.0010650900711386552,0.08214194735938014,-0.0005865433188992318,-0.003995741040173249,-0.07203934182308795,0.0008203578676388029,0.02252531481067462,0.0007235717103236498,-0.0002250138174113847,0.015039996029884766,-0.007079176007713156,-0.01660910453301951,0.0009925933789777849,0.01617466711804116,-0.4067813085349326,0.0011166049243946264,0.004577147145259852,-0.0008256242938128825,0.001985336132334455,0.0005483011275734667,0.05035177529692142,0.006665810113812412,-0.00038963781693080596,-0.01452913445396807,-0.0006081378079266925,-0.0024141662027055144,0.0010234543283908371,0.0010055375197288198,4.116954100691003e-05,0.005182224953760039,-0.03357325483936707,-0.07053116934218018,0.02579104734492976,-0.011106613352539901,0.05113904071631348,-0.002671165862048876,-0.001269543180363944,0.02047308523744889,-0.005472845632802263,0.00025612642934115006,-0.2710866105928465,0.00132699537845771,0.09958809730480364,0.010030507923270579,-0.0005821592207976244,0.0016605624480342711
76,0.35188450950573175,0.0009463340852457619,-0.00020013367360235262,8.165020931397149e-05,-0.0010781189111956175,0.09596787844300422,0.0013697598121045623,-0.027532360584785635,-0.0005794180215931005,0.03890535985014624,-0.28451220937710686,0.05834183657462783,-0.11655695727659454,0.02301867262007016,-0.000591471131496065,0.004066013740078232,0.0004061394183920118,-0.0010052616218798917,-0.0011293401690265804,-0.001834476667799615,7.293326958188184e-05,0.11363187301236714,-0.0009348285474921171,0.0010576467711445603,-0.03262120283125212,-0.009396534142545057,-0.0017883818643454124,-0.03106882938281503,-0.0018101626541916164,-0.0010036378226737606,-0.019311501700338494,0.024296132404178567,0.005772214248657832,-0.020872270618093526,-0.004868326391592885,0.02742366183021692,-0.11192215133680802,-0.00017195574183052204,0.04987359343223462,0.0007019026792499661,-0.0004272397165984987,-0.03529785301928358,-0.014065886428864076,0.0008373805401219445,0.005909591066747842,-0.026806731363850957,0.011673773786560494,-0.0002801772022935651,0.0006583260151763705,-0.02498312821845497,0.07653852637784263,0.015461866559658652,0.0015717712891997193,-0.000644768341696654,0.00028462676153374585,-0.15086563789906401,0.0005352555444929699,0.004285599104749459,0.007747147525381834,0.018951439496898894,0.003715961870339072,0.0010532828001292988,0.0006822032835821328,0.18448878420734918,0.01684190926147329,0.07900256299244586,0.0015784165335859593,0.009169142055659846,0.7734971359037762,-0.0002754994774110736,-0.0037758351548234405,-0.0010886690325762807,0.0010668534854052572,0.0003261011701462188,0.02195453995476599,0.002381363502187525,2.2504993376561144e-05,0.005612557174680447,0.0004709368151548741,-0.0031418838916330294,5.274233875680531e-06,-0.0001797327579772974,0.000481559533981526,-0.01011859486361509,-0.09739470125056408,0.13328117084488236,-0.019430917535594963,0.020128750461475692,0.03243697508296803,0.0038978134041810783,0.00013633915395990523,0.016020359238927907,0.0033677949894370973,0.005074215700320672,-0.17412930967941925,0.0009530822503395846,0.04835195790461019,0.004209696274714746,-0.0009574740276532857,-0.0012229097855802652
77,0.018496981802929614,-0.003162983168347423,0.004795113836488953,-0.000781469323651312,0.00034722140437412684,-0.5608611532484099,5.4604322586028617e-05,-0.0009385998363370888,0.00034597121848178067,0.06084347795861887,-0.17303256075588208,0.013643540380523367,0.2435351474400968,-0.0024399037896505496,0.001673094408141071,0.04265366757033435,3.941989280955053e-05,-0.0005017841760408676,-0.00029678499159003103,-0.0015645008182931797,-0.00024660457843511674,-0.20937536048925853,0.0008803159264591963,-5.949698236917822e-06,-0.0059298545219142705,0.016228308794883572,-0.007413524791053368,-0.0025828169420727184,-0.007837547004937485,-0.005638042840888549,-0.01034201308912197,0.022070135552963416,0.002893847536396855,-0.003643481800630047,-0.004891620300201072,0.017134898458597107,-0.009372361318061313,-0.0002899800817827147,0.08809070826335916,-0.0011909267986972335,-2.1574677813593346e-05,-0.05710920175203757,0.027187495461377408,0.0005043504272605123,0.0024469309753266805,-0.011362950464363336,0.014741875991947626,5.12149505404319e-05,0.001449576302910524,0.006820903244758972,0.0059083177319302765,0.009790677325313744,0.00015349703188971553,0.00044102268225043595,0.0015412158299726308,-0.018759416073086028,-0.00016504006150056677,-0.014445363511566441,-0.020849922448585058,-0.040276595395072314,0.009692058041496974,0.000752240452243081,0.0005824238743547955,-0.38517632340817387,-0.03508739486030816,0.4610646148707396,-0.0007929580978296852,0.01573925252758436,0.11869374489839601,5.431265804475838e-06,0.003568622764039131,-0.00033124711565134766,1.839834043434671e-05,5.9542908467644096e-05,0.013362314420358267,-0.001050954768379131,0.00019520044068244147,0.10412469562239894,-0.00035263128619078543,-0.004624752250339297,0.0002616503888129478,-0.0026681581019870997,0.0001165693277730747,-0.004424985432324585,0.35444548981410107,0.024155199984264002,0.10786006703682927,0.004021092994702911,0.0215511963825614,-0.001264609212695677,-0.0014901640286267108,0.004184156499447185,0.00011482321311599578,-0.0036246096380921867,-0.06017349890166772,0.012822532606032807,0.0007853183712743378,0.00037419577277152984,-0.002720406986903748,0.004195366109724062
78,0.07370472542733401,0.0005361032061440493,-0.002221649910942719,-0.0017354145134464496,-0.002047975159577357,0.4242639737571683,-0.00018263625002067768,0.012232121540881902,0.0005189791505756194,0.06364687417425384,0.017862684735287238,0.011210884428104313,0.11409676592877513,0.01900354915170711,-0.0006854244565277084,-0.01932155527623704,-0.00017118131739885314,0.00023367041785888058,0.00022648284691621562,-0.0010858065463637094,0.00022764753105063325,0.03565301230787426,0.0008708544970872107,-7.136375381036619e-05,-0.012316862438790557,0.014536956959666678,-0.023010697787549016,-0.06934921667288192,0.005364991722590279,0.0009104684619316602,-0.007735377900223873,-0.01826656158003411,-0.0006353337011943124,0.0003310347092250719,-0.00019765178323415458,0.018802899869712973,-0.030831077324866903,0.0020080914422414206,0.03573647604472896,0.0034820590548448726,6.459091874588818e-05,-0.7103681005759269,-0.007430495448186435,0.00024315205270881903,0.004112749508547599,-0.0012432253714560852,0.032644343076875984,7.277873842846021e-05,2.5449382314579605e-05,-0.04071609338296152,0.03184134499994695,-0.0059628805249721225,-0.0003752607549642878,-0.0005903404924724742,-0.0007936955026818099,-0.007761800344545184,-0.00021635750979598183,0.012571175134405808,-0.002801606203261093,-0.04398631896328974,-0.00549747075848744,0.0006877078853911658,-0.0008202806027687234,-0.19870248815890323,0.0042377494973287605,-0.14357829659133034,-4.327135026533681e-05,0.024843325266537583,-0.0064794128929237145,0.00037591201147189716,0.002201890125385347,-0.0021312098590935925,0.0007689346930986121,-1.1694820296150044e-05,0.011979807741757768,0.0023807951951838116,-0.0001032183151497279,-0.03328841604924417,7.558045843311656e-05,0.002139078486216847,0.0029595364497083656,0.0002355944828226061,-0.00017238054224060113,0.002893586200986821,0.4595853947841812,-0.0015756199502022306,-0.013746514616672902,0.003908489482791089,0.034361937260030236,0.0001362455424674773,0.0007643659367238477,0.0123842461738565,-0.009687924577047998,0.0020321482556532582,-0.014963135958658728,0.011333784922371304,0.013722361349300188,0.005916532946453663,5.126010907139213e-05,0.0001048436324683627
79,-0.04045643677910702,0.0005935509303301792,-5.847643885744519e-05,-0.056509974555695085,0.0002491822551575762,-0.008760581261988748,1.2271891981380581e-05,0.03473097474632935,0.0005537035923553731,-0.011856090528115232,0.004147191716581345,-0.0004164789440344388,-0.006871223156071601,0.10859215231987185,0.00010163706709714893,0.03929941932046425,0.000124043361993436,0.003529279957262994,0.00045808886102306767,0.0004049521670149679,-9.740356811987344e-05,-0.0006154087479792061,0.0012237225675494029,-0.00017742129356205366,-0.006932478175552627,-0.0010670674428801582,0.004768693476600408,-0.0013189079609173032,-0.0012749243771568337,-0.008033622858588794,-0.03085863627883214,0.027158759768231462,0.0011612657617278933,0.00025321879229088854,0.003492778184581365,-0.004182337085679617,0.0021987902139523133,-0.0016902902876646448,-0.0036704612859236574,-0.0005648390198613965,-1.0860340038561234e-05,0.02813954423948607,-0.004440815300477032,-0.0002915504291296201,-0.0003298149674250267,0.000793635873494745,0.9660110495247205,0.0066841505859639,0.00035058884635098646,-0.1067300646203214,0.038739058404581285,-0.03571094738887294,-8.460246642579689e-05,0.0002006195367542235,0.00039483104790492135,0.001885846706720069,-0.0003814666015487106,0.00039480643023490536,-0.053326817370038276,0.003791521441785289,-0.008341999363316059,-0.0001385913841925636,-0.0003329190304332077,0.013509199182581928,0.004552065745905259,-0.003113602741666808,0.00033233247937074044,-0.002104998879627961,-0.009878051343840481,0.0012316301008497036,0.00094773392975177,-0.04362498388503162,-0.001114911632475902,2.1991474258326038e-05,0.0049118472115394635,0.0004439994868345107,9.507630149044322e-05,0.0011453604705668305,-0.0002328923464541017,-2.7705666935606832e-05,-0.0037638309575399624,-0.0007737342680409782,0.0002712557991700823,-2.7674023907013623e-07,-0.022080196232611,-0.0017543342958490867,-0.0021851989308625296,6.792735769680161e-05,-0.007518114916459116,0.0004785017160794493,-2.85778199092257e-05,0.15554459379635807,0.008127325003585761,-0.0011566572258917794,0.004195750873351889,0.0023367927936051225,0.004433177898294498,0.013941615495063248,-0.000590792987472671,-0.0003047538275916731
80,0.0330393323448997,0.0035494979318524307,0.001262720859895661,-0.007035625129654019,-0.0001592962654980365,0.020965528575332616,0.0003446049295060573,-0.3651508906226056,-0.0005497983300134972,0.01334052731405062,0.0031651933366585025,0.004238633104246437,0.002865713519983014,-0.01926248763522253,-0.0006710673567579054,0.0006543640831987892,2.808125795885838e-06,0.0011202823187604406,4.043681326037704e-05,3.1584277399202e-05,-0.00013798726364668522,0.0007242057347250095,2.9246033337242605e-05,0.00045515535345350133,0.002285065195461511,0.0026043816740555503,-0.0023590399374671398,-0.0022884472618160748,-0.0034614392719948556,0.0028371253232225765,0.015644137294698116,0.0008239911924056678,0.0007445331486345252,-7.950210870273644e-05,0.00013610490251982012,0.004418189508364284,-0.0009653122524692637,-9.659019614943753e-06,-0.00025157887959185565,0.0007445091891198196,-0.00015259578640100524,-0.02282304139900817,0.004277065048698242,-3.9707054548627704e-06,0.0014809610148151997,-0.0005144761921255596,0.11789478276111917,0.0009214196740912658,-0.005806936424198366,0.9121012550686656,-0.019701193509630344,-0.0012699962379430626,4.7465858720799337e-05,-7.510389724513233e-05,-0.0023643188664387756,0.0012318423690688206,-9.010478240357132e-05,0.003575080514825019,-0.006579733768968305,-0.013820983437764962,0.0031998868948837147,6.97918445962814e-05,3.433528452025103e-05,-0.0031774247249409734,-0.0027298222529410655,-0.015186272647005448,-0.002019239039287847,0.003211565815745593,-0.0033138464660072203,0.0004844520925305247,-0.007211074043615995,-0.005167473840283784,0.0005989847861356157,-0.0006006721480784072,0.0068879371445979,-0.0006441272197642497,0.00015600354745668246,-0.007634741698249653,-1.2822221116481902e-05,0.0004548368612743506,0.0007978226922661208,0.0010034598424817458,0.00024193541620582196,4.3425416683950946e-05,0.012627950974358069,-0.0002647696847283525,-0.0011775723416355254,0.002494694224509525,0.007237332253089532,-0.00029649376129885305,-0.0003403709122983172,0.020226945480282442,-0.00358317262972457,0.004029811290701235,-0.03726059075031851,-0.000935130493111169,-0.026359747060635846,-0.11792573814426072,0.0017454853415165873,-0.0006317365894863876
81,-0.09733263919684641,0.005299323871604852,0.0014976248466611712,0.006534934656734954,2.9270161568416275e-05,-0.009069642657604935,-0.0003916592739143243,-0.036987873745422964,0.0002831263675378351,-0.015624958819725395,0.007564270807648196,0.009427254637357402,-0.0006856823466495354,0.9516852280939196,-0.0001357077403532983,0.01988852883072864,-6.0678329529571806e-05,-0.0012510956628656623,0.0009605004692238017,0.0037829002401220113,0.00022695818957187835,-0.0017483971671720302,0.004760383192801365,-8.631919689777723e-05,-0.05557470260386754,0.0003743429536357673,0.004604103836841053,-0.003220614665669627,0.01292822630581826,-0.06952453232669532,-0.14246421362079645,0.04742123316984486,-0.0004979882583684495,-8.048808512185236e-05,0.019516310485517167,-0.008025684684856704,0.016040423353037778,0.00029783834311781533,-0.0018443692864012016,0.00013467133524701358,0.00012962374640893004,0.004297808567991529,-0.011293138665948959,-0.0010139220366408644,0.0005870810856560549,0.00114887199571467,-0.12557223791425803,-0.0011621476167075345,-0.003480792284148909,0.03140464770191276,0.13722525587152998,0.01733259263558263,0.0002027330682003517,0.0019336814791940937,-0.0003921633288689382,-0.0004504275914665222,-0.00033302256287287557,-0.00016879528703061565,-0.005291281074984995,-0.002034279747124059,-0.09780977966076174,0.0005897781167187102,-0.00044376526055425747,0.002960268398812523,0.020402303160351548,0.013094629442877915,-0.0005631600189404534,-0.0029526943850155946,-0.0002872072810049778,0.0014062303893502166,-0.0026304465925042642,0.0008318664161406711,-0.0009472292812691407,0.0003310039727143499,-0.008743927346513442,0.004701568694950087,-5.3197206963645494e-05,-0.03304636412681659,-0.004009331997831753,0.00038840795830978603,-0.04425074186975643,-0.0017483197716610527,0.0010470132926401182,0.0016194861772309155,-0.0021567410014107224,0.0017277140821145766,-0.0018861663615128196,0.0028029271728518823,-0.011684037944327784,0.0005171432393041471,0.0003967739912584811,0.031221902152337618,-0.00028396847191304586,-0.0008549948461160743,0.0015795064008150977,0.00792551817825565,0.02106209944907908,-0.003927260402272578,0.001080420356713338,-0.00026078682421588895
82,-0.10136656213285253,-0.0026174744095277536,-0.00011950799799815767,-0.0007109738469803645,0.0005113857391584112,0.019553280691134652,-0.00018895806427994544,0.011936039973628527,0.00012252521971606312,0.7383803383383534,0.005982294770590335,0.0013030699953274702,0.048715339096672125,0.029612463049844502,0.00030465780055892455,-0.01176271036371164,-5.83426414418331e-05,0.00018384460756746494,6.408188016552435e-05,0.0003426357609328523,-0.00018283074360622015,-0.0030175665425983067,0.0006470189237750713,-9.9140378083451e-05,0.010241849479396346,-0.0016837423800054791,0.0023081561422519875,0.0032329236482363513,0.0035476933544193803,-0.0031121779687538487,0.016519628430882307,-0.1281326948538978,-0.0010741121955427765,0.0007506714041343766,0.001997710658170314,0.18144624020420372,0.03810520597159356,0.0054303769266847435,-0.001547606557385153,-0.0006927146566648237,-3.808225141938015e-05,0.004859609808308487,0.005692393542422748,0.0005018023093609665,-0.0024210472844299336,3.436943517217718e-05,0.010300055196792064,4.048008536170541e-05,0.00022812221586419879,-0.00842220643125342,-0.04734133341956724,-0.0002693716472305222,9.691698582575681e-05,-0.00017100996302690796,0.000289145582668654,0.0009527665290642541,-5.211587372357107e-06,-0.00393496902376511,-0.0008088875172395317,-0.003685984403195207,-0.0025468213922661895,0.0005338299721298623,-0.0002397324979723503,-0.042105893257394486,-0.05071737839520343,-0.010120904308065823,0.0003281411357017039,0.17273259914209904,-0.006297809768573369,9.380232409227172e-05,-0.0016852027910441367,-0.0001712586707294378,-0.0003313017736702112,6.092530767673465e-05,-0.006966502833316433,0.0018551787024364552,9.460728727592183e-05,-0.012919494388253036,-0.00019302685016339693,0.0006827800596566694,-0.0020894528794448038,-0.0008617081194172618,-2.9264596333639786e-05,-0.0007766473459087236,-0.18874790261601102,-0.0024807038802972014,-0.003919146010469747,0.0002592098219149075,0.5610543909980855,-0.000596548904591137,-0.00012585349564214754,-0.010050737212504211,0.024449703415222932,-0.0013625022952909272,0.013787162110565986,-0.0003367070660307615,-0.03010072013992758,0.001437899250060765,-0.0009219046871149356,-0.0013815165869197317
83,-0.09494343142637311,0.002415814739000058,0.0007789509103642428,0.0019854829981210964,-0.00045894403831604064,0.022922372689102393,0.0001848989295281933,-0.011478239002341808,3.40847068984948e-05,0.09591126533526344,0.006802053785411924,-0.054723405456348594,0.014868727904806305,-0.07840277047491181,0.0001941279633168036,0.23128521610459993,0.0002842819144120712,0.0002814956868301584,-0.00024192173125542338,-0.0009012198304639632,-0.00017896536006387076,-0.01720144683369673,-0.0009524145344800912,0.00024187168458555605,-0.01365283568447051,-0.0010282478971445413,0.023050931684624135,-0.004346053482077839,-0.03161696016599758,0.004866961574459115,-0.09039372158332074,0.9399971251846464,0.003250940097243433,-0.00018357803375722466,-0.005193445740416608,0.02145605850190488,-0.07434199801477419,-0.03697231381078335,0.001920764159881583,0.0005661121645268823,8.38518017864439e-05,-0.023908997431594498,4.300129951592506e-05,-0.0038964338862900166,-0.0033150107780866023,0.0006477831718225634,-0.03090385385026559,-0.0002758555830792986,0.00038043316542059336,0.0006592333935639917,0.031946734498263823,-0.006227676001713038,-9.195229603670965e-06,-0.000745503566491508,-0.00020094240998148882,0.002441152813383351,8.983389665377303e-05,-0.0017944812305169273,0.003726505878766908,0.0027223484107785755,0.010721901822760692,-0.001970900097693809,-0.00014167315165131145,-0.0039398766787669655,-0.0016229772683043191,-0.040790640128775466,-0.0009592775199211059,0.02565899110073345,-0.007020257193264769,0.0002053864818532397,0.0021307985419454084,0.0011455471936899046,-6.307667280287203e-05,-0.0005123885795662447,0.023827926538707807,-0.026084141889160806,-5.292209134996964e-05,-0.010754919830092701,0.0026491301215148797,-0.002087494806191248,0.005954117044372093,-0.0012429361409137217,-0.00018371786200806987,0.0006381358548259138,-0.036994056961026485,-0.0007943419866402251,-0.009012149364777445,0.0013669754210062935,0.06374921448288001,-0.0004192291488518277,0.0005915714156786538,-0.015417549949370706,0.024803468803245257,-0.0018750288038483012,-0.0029610756911291475,0.029544920877016774,0.05627598723475247,-0.0008892499912740584,-0.0010781183287361072,0.0006365103133301603
84,-0.005619712693810611,-0.012318681353615395,0.00031016310047841445,0.0006509052601078231,0.0007936731823828358,0.01712790451653537,0.0008935133230445636,-0.006791364127911009,-0.0009777269876158783,0.0022285748880504193,-0.164011393370538,0.0011746337990412039,-0.009427837076983435,0.02754891800342375,-0.00020574355354054108,-0.06893653518247918,-9.257379532557307e-05,-0.0012164042541083302,-7.378430168822163e-05,6.03847675473793e-05,-0.00016033113074194645,0.031009468131899955,-0.00132929988431978,0.0006733283346677457,-0.0035936422005731373,-0.0011708383939398812,-0.001343938221125954,-0.008502246044738178,0.002420159117465347,-0.006546005653148808,-0.008914115063080676,0.015370626625947953,0.0020099748991726832,0.0003759888347041663,-0.0029245716659139862,-5.808024251839454e-05,-0.0022863778287505188,0.00019160453684458068,-0.01839685110488124,-0.0014130700887052036,-0.00045290575048990284,-0.00023715979733506323,0.6153252327663932,-0.0006116413499314974,-0.0005639299985768301,-0.006463827674460408,-0.0043831979605486685,-0.0004604998161050957,3.2770714684590696e-06,0.00030301512354057345,0.03518805923373304,0.0023015415749514574,-0.00012522968990492933,-9.560628151682182e-05,-0.0002335981909806547,0.01202342354365063,-0.00016301243962478507,0.0038094036758417106,-0.004830064009467327,0.005387378052369621,-0.001631572004787269,-0.0012074455069501075,0.0008729806427071451,0.0012263424587060472,0.02589265120348399,-0.18915335442433664,-0.0015355732964195067,0.003943288131822011,-0.046207290203825545,-0.0010089426869481916,0.005069055231934141,-0.00020464746211702072,-0.0014878777599334745,0.00015453171667025034,5.546178360491677e-06,0.0011565151486970585,0.00014182916406120776,0.7229300544542163,2.813991506550248e-05,0.0009033213770343815,-0.002591780262894132,-0.0007336947358511595,0.0007610045520287344,-0.00817887487203385,-0.010947797285216498,0.0118979354668898,-0.000317851435946553,-0.14724572777748113,0.006143299032525718,0.0012869305423906141,0.0008048797927152863,0.017115297424008958,0.03477213476547513,-0.003095709021128236,-0.003146389672369979,-0.0038519071963547514,0.013659586031635508,1.96569539371947e-05,0.0008032544738966621,0.00019973654462828935
85,-0.2281485771414476,-0.0009143243886119978,-0.00031621711936416497,0.00029644505925115194,-0.0009893847881138618,-0.0007011626661454773,0.00014029040283930483,-0.05917303578632929,0.00045482694162052306,0.022505687602259863,0.009728691740453668,0.010458483836266349,-0.0041907566122525615,-0.16633103357020212,-5.527644204472715e-06,-0.19728365544545198,-4.541399451785111e-05,0.0007143699307630251,-0.00021490928016240987,-0.0005869634327440171,-2.8942883416264303e-05,0.012476070748767087,0.00037418124929078974,0.00010012234095314074,0.0031294306172647834,0.0012896961048053596,-0.021003887622873977,0.018079081501034572,0.0073844870234592505,0.013184597358991038,-0.0918451074976839,-0.03901396531431,-0.0008560071170014005,-0.0003617289212180311,0.0018292750717171652,-0.00044004807603995055,-0.012822252136241975,0.007098429333118671,-0.0074846322105826145,0.00040452427542112413,0.00023363392327800658,0.015068325707884314,-0.03262330275219693,0.0005907937967736896,0.0011140456830568204,0.002288464734737338,-0.011100807482054702,0.00023370839970380218,0.0026666708533700303,0.008810305884315715,0.902723462711525,-0.0006279527310917394,-0.0004928072625338883,-0.0004580629341598523,0.00020077940303293157,0.0001595830840298828,0.00033940674953125347,-0.00017819096022741836,0.0016201335965263406,-0.006694405792159258,0.013552984625842597,0.0006004434987458701,-0.0020007921090706947,-0.001702179181241441,-0.002202272359063333,0.03189478183192901,-0.0008285807610803643,0.006848619675299261,-0.002528730955796221,-0.0006069122946980917,8.841537364544033e-05,0.002284098351573144,-0.006028556286562623,0.00025794524987365897,-0.03201804648285622,0.004634074379245008,-0.0002551975546905526,-0.01870120106707007,0.0005217653112790689,5.575239430752332e-05,0.009489433210200383,0.00021701458865942727,-0.0002107586521812345,0.00022007735497681807,-0.0066719013722748785,-0.0014744271068982242,0.0013967954913455486,0.007738353298738484,0.01577757583396129,0.00031392778181079696,-9.667271354809291e-05,-0.037841875838042854,-0.08707766747641121,0.00084579207690429,-0.023788560531822572,-0.01160792984397316,0.19074690909024944,-0.0036013274105732595,-0.0005226449361162826,0.0004020475909948737
86,-0.023359788607532912,-0.00035197860521510305,-0.0009659946549069823,0.0018572826243377794,8.191534763969319e-05,-0.009896783455026332,0.00028433984679490307,-0.013188915699392283,-0.0002100372610689613,-0.0028481572873540594,0.0018422012073660895,-0.007581796865046566,0.009236461041574974,-0.0454077239053567,0.00042784805593995903,0.8964016113713402,-0.00014735825973072325,9.677866107445088e-05,0.00022287909416383173,0.0010984140183809,2.3668776984397955e-05,-0.05172409116714311,0.00012247553098380416,-6.78834232421266e-05,0.008892948261397304,-0.0028085533613374557,0.0788871579130598,-0.052169794734342315,-0.021672998917206837,0.004895671464174314,-0.028936059681781007,-0.2551949213227483,0.0010899099688415556,8.144692521929679e-05,-0.0007982576141079278,0.002593058212083027,0.005478552782989893,-0.0023019014811523075,-0.013307185330426657,-0.0010817457421904847,0.0001279620421994615,-0.019916345652700992,0.05118053636807196,0.0007446150111016271,-0.007087789158610941,-0.0033093144759124976,-0.034440801615015844,-0.00044741533501969216,-0.002742170112942005,0.0029607607726843,0.19428671944053943,0.00406293863728448,-3.582839366318008e-05,-0.0003352519212785274,2.349944781965263e-05,0.005651080554335766,-8.147606089915771e-05,-0.004098501125508226,-0.0017480806865318513,0.012649852178862206,0.00384689142136228,0.0011107402256718135,-0.0005734944135674658,-0.004158551434810469,0.098455663197302,-0.09247013346676002,0.0005502774101285163,0.009192830842926797,0.0061538109761478405,4.86846786844769e-05,0.005791310644311658,0.0012342933944357523,-0.0006609296634549414,0.0004679304439651477,0.08386125524579482,0.003317967096523655,-6.655986208969206e-05,0.0018456318971715596,0.0004352752567933077,-0.003500914184584314,6.923265661856748e-05,-0.005581758483287021,-0.00024521453081315136,0.0005919654218974578,-0.026565287666724786,0.00021098258099635364,-0.009600370325205665,-0.009324476948972094,-0.032941736942896815,0.00018000107343098086,0.0009767149582172348,-0.012389251312167796,0.20248853826694335,-0.0013158720503276544,-0.01498426737207506,0.058849187425704705,0.020933879967730606,-0.0002899733094108188,0.0010171602189380097,-0.0009093101397626493
87,0.008311827206274108,-0.0012192242569650132,-4.627641230438122e-05,-0.0004776865201976564,2.533013827121615e-06,-0.007178456432676413,-0.0002183360324414501,-0.0003790440902493343,0.00026080279353038645,0.034353112093940014,0.0015006241505252258,0.0018020900294878528,-0.03872101653831164,-0.01392384339850769,0.0007212479904982992,-0.16220566565074923,5.4984386228133786e-05,0.000574186453045666,-5.773959913698244e-05,0.00024806558218229413,8.314202916372831e-05,-0.09585410215933489,-0.00035201096196862307,0.00016259035865320154,-0.0010140386664376846,0.018566653066163088,-0.02084475641950675,-0.12156478616838956,0.006114778558721445,0.00043409697328327355,0.0036668943762684925,0.026790861311773412,0.00017038040349714664,0.00047581908344938905,0.0007444334018760126,0.002689739367848963,-0.0037494702511569125,0.0007004252433249168,0.004290491601925588,0.0011435378728377188,-9.646726973566028e-05,-0.015071027887769735,-0.0883336799758756,0.0002728436851586868,0.0018547502731875443,0.0005187238617344074,0.005747522282016072,-0.00011372573404191608,0.0016946935275469477,0.0019313916767293572,-0.006347409204079113,-6.0732782004643306e-05,0.0004402226648363343,-0.0001846116924812402,-0.0008226600036308242,-0.0014496583622159386,-3.144984429815506e-05,0.00019897720459027953,0.0059136894495064995,-0.11435728235847419,0.002200570421226719,-0.00042915806683691167,0.0003575882546685144,-0.12280365151377548,0.8982531833300028,0.0033440697149706242,0.0008548229129237209,0.007371725708054541,-0.0021301637444487926,0.00023240598867452526,0.0015173792982356936,0.0005241474006065852,-0.0002490087700820283,-3.3742162150469934e-05,-0.03204265018399535,-0.00029401941859689973,1.3704422010273748e-05,0.020741649395088834,-5.0983714813407355e-05,0.0004242509180249904,0.0005257517901558727,0.002131037446929049,5.3356404289497126e-05,0.000163999776512401,-0.09422890209539175,0.002167668898120327,0.0024836982772775884,0.01708176293526954,-0.01310099934670594,-0.00013939198485869676,-0.00012912101228621724,-0.0229821868028845,0.30081019131970527,-0.0012407520340023568,0.003023413058725069,0.0033565902730668656,-0.005337365554865671,-5.52049168777791e-05,0.0005641619566972653,0.0009067232304950934
88,-0.032552373166906845,-0.0011958773879629098,2.2630042360170105e-05,0.011706222825237075,0.0002806448947166758,-0.0006624095027734297,-5.0542344992271504e-05,0.0010257757093555947,0.00014333698142782875,0.007724766926625253,0.0016062133756771513,0.0009202203904247162,-0.0011750938641941005,-0.057800846707151354,9.690656318613738e-06,0.004549384212968334,0.00013631749214298647,-0.010495319963572862,0.00031847763391795736,-0.00017148152021808152,0.0001093945804253281,0.0006376210714843032,0.0011423286808317794,7.321177746696418e-05,0.0023314357589920703,0.0002529773082983385,0.0019869626751747088,-0.0008133582320249833,-0.003192407876352692,0.0037058731439261316,3.663006266864041e-05,0.0017286980413958302,0.000562884233320887,9.752001802493574e-05,-0.021216444785753862,-0.0012026815686478828,0.00425758384204392,-0.0005185914372985313,-0.0007656831801244788,-0.000352847166209412,-0.00015407690169192204,0.0008123322623130999,-0.0898382853176248,-0.0010043396206088724,2.2996494438440665e-05,2.033087814617236e-05,-0.16034370941697787,-0.0028312868570397427,0.0006343858917507838,-0.0009555303792853806,0.02456309973085307,-0.04071060613442147,-0.00010039230070675024,-0.0002609409507276809,1.1239593535595366e-05,-0.0018113723831448684,0.00043680157412533983,0.00039909413227180376,-0.10567568553188002,-0.0033331163047664912,0.0010636028822421902,0.0005124058041948033,0.0002721468264266034,-0.0012250361733554891,0.01852766149691024,-0.007125552417734175,-2.454247960883508e-05,0.003310988444064143,-0.0033203449986836464,0.0009066468619619067,-0.00028759451473100745,-0.020381742938818725,0.00024164471818161276,-0.0002793420702155505,-0.00571813137391821,-0.0005626286678223919,3.59771363946642e-05,0.054602370123915236,0.0003393655299272838,4.811955660828822e-05,-0.001999507768545979,-0.0002449439654214269,2.9969849740505306e-05,-6.108593056706904e-05,-0.009477293500682687,0.00443599995307284,-0.0004575808218369485,0.014871145684987121,0.008023942493075331,-0.00011005683380996474,0.00014921439249735872,0.9705547505387566,-0.012463040853734652,-0.0022647996806068552,3.493378901545108e-05,0.005551395989644944,-0.0331823632228147,0.00041625923497609597,-0.00022461983423922773,-0.0008596792741815476
89,0.0001332816525964127,-0.00067865745105482,0.0003789701032590108,0.001213508235567188,0.0001613010889042407,-0.0029947871292851378,0.00015205708021317365,0.004423986089007698,0.0003706496558423762,-0.0026588011497695814,0.016372930572848658,0.0003797791389444543,0.001225910723053934,-0.020422013394795772,7.98423458881271e-05,-0.037538335173881394,-0.0011400712690718847,-0.00227834658253177,3.513080006190992e-05,0.000643395089217973,-0.0002343259967685571,-0.02472520740418287,0.0004223959347933922,-0.00014710809898498337,0.00030149812171478656,0.010949360246191373,-0.01942677004328066,-0.0031066280852048113,0.00013437032897077855,0.0049201743435824,-0.004119952964005044,0.007854300637863583,-0.0006587547906659287,-0.0026553212825419855,-0.0005478894536039911,-0.005338988897696861,0.002539073583176661,0.0013501679938958894,0.014894592940488739,0.0009856782226221818,0.00013008066657302234,0.00987387009150052,0.7431319280731037,0.0009762313175413094,0.0010161621315095508,0.003555216307547442,-0.010147155439307522,0.0003327802785233617,0.0004847978233650536,-0.007425029718483925,0.006482813364288168,-0.0052995326063644856,-0.0007754627366463006,-0.00013578784644711385,0.00022418059448924173,0.004777954996045217,-0.0003546442265677536,-0.0002981253921998593,-0.009561583281993377,-0.07860434789780686,7.70007136988984e-05,-0.00021885438957513093,-0.0009800867884923181,-0.011484132824591866,0.07059032797208054,0.07901031916543107,0.0010778902866967848,-0.0031725238493345107,0.02798817238218022,0.0007832750002406869,0.0019383559045134111,-0.002154431485447998,-8.186354381097688e-05,3.557299774917342e-05,-0.006226751839586792,-0.001006630547841638,0.00010986415990169767,-0.634330405075479,-0.00010435430119675685,-0.00013778575333440318,0.0018789878584668913,0.0013263805860024094,0.00023279034222086444,0.002533225379975128,-0.006511646790815014,-0.011302637450239048,0.0030648227368393795,-0.11038570652593578,-0.007953447473815947,-0.0015143661007337378,-0.00037508263509908476,0.1004116701338976,-0.005023530808542546,0.00034192510709469496,-0.000912891898856657,-0.008771700461630564,-0.016837538253109165,0.001427762686108321,-0.000610098600619606,-0.0005671719306115488
90,-0.015404604489971982,-0.0007145537440241788,0.0006431724982421932,0.00030840249151247237,-0.001114492626742191,0.0027304848791250037,-0.00010233193478772704,-0.021945792407998547,-4.8661162367374944e-05,-0.0440673207329687,0.010947585527980504,-0.00039619842675749084,0.023457671530548774,-0.0044417976906571364,-0.000491692191244006,-0.16984135020148494,-8.435875130044686e-05,-0.0003091245691184113,-3.3275387993290636e-05,-0.0003308194342632985,4.0168327651537994e-05,-0.03846015675846306,0.00030208732770161447,-0.00013618376016134165,-0.00025712093404595474,-0.056369673659822296,-0.024905027773756146,-0.08488899591308192,0.0045318124832520595,0.0005607366971907496,-0.011449549688173752,0.01442886285887045,-0.0020085581004148506,0.002043696879472603,1.0967577219802953e-05,-0.0073073873119990085,-0.0003073490902687215,0.002319725750293769,0.005848695898556461,0.0005191702127369069,6.684653977809263e-05,-0.009012510914863324,0.013946670807642468,4.792160509292827e-05,0.0013957885602467156,-0.0012429223063089544,-0.004786743556657533,0.00011603614046277848,0.0009668688734357292,0.0033327821089969333,0.0258429659468029,-0.001616301745151826,-0.0001004710519537746,-1.0808956839589937e-05,-0.00015107723544188767,-0.00010684569615874062,0.00018327284083324478,-0.0014087909694076774,-0.002540858701243394,0.468187213822419,0.00024281343599551197,0.0003380239336725141,-0.00029199460202511407,0.02995959260895083,-0.24369895708673814,0.02193014050084407,-0.0005560069627605375,0.0033285303192562288,-0.00285872740927607,-0.0005491543060370506,-0.0010388896556369216,-0.00042289800396983716,-0.00030792164198190346,1.4051936503358536e-05,-0.005721949584202607,-0.0002370791548098536,-0.00012851030998457455,-0.05781155409752027,-0.00011971132025330455,0.0004105852503715965,0.00046423745591934453,0.0018426600745576633,0.00012109069734061236,2.6667136861550055e-06,0.04466141905823032,-0.0026820584509496177,0.0004826841195601265,-0.00842654562706002,0.0232971282799985,0.00058154053404486,0.00018250848179353048,0.022616149444329204,0.8141273866368216,0.0015373333224648032,0.0007072801910195294,0.011224944808237228,0.06652105213807165,-0.00153464327613936,0.00014483538541054317,0.0002767986822342595
91,-0.0870699386703966,-0.0031006137410717755,0.0004963175222661084,0.0002802947315294277,-0.0003358321347108201,-0.003042898068969499,1.568019021541689e-06,-0.036898437238267065,-0.00032517765029306533,0.003661027046925183,-3.521099206410527e-05,-0.014763886001699485,-0.0014140125963490596,0.0029292116115334204,-0.0002535859574352914,0.017750264218360304,0.00041429471275758467,-0.0004455839004938902,0.00024375551444716966,-0.0005832476552067034,0.00046364771265799964,0.0026268839674741654,-6.905534760898429e-05,-0.0009365364674693115,0.002635907393180939,0.003643831832595503,-0.014327674900881788,0.0043261584263515045,-0.0030177593581646144,0.001342310405512478,0.006846397005268706,-0.06043258162343319,0.0002781545457899385,0.00039294329660785783,0.0030888204277665695,0.007030291470647626,0.012797975256274113,0.0049378121445001096,0.002451088205866599,0.0001919065456523275,0.0006054655681096005,0.00045527922094374534,0.00663338927212879,-0.0028158944101937013,0.002327120013007354,0.0006086408705187961,-0.0012284385554676468,-0.0004228621099671599,-0.0012294123230100068,0.00702371800361546,-0.2298322813451706,-0.010940911834084879,-9.80681546360315e-05,0.0001515253326533376,-0.0002484799700681606,-0.0009705787784770798,0.0004298398959357197,-1.3962398419628628e-05,-0.0015586300986276417,-0.02595274036148045,-0.0038507545931122534,-0.0005014996525476052,0.0012440621151454286,-0.003006146993156501,0.024199824804547944,0.00016351121679285437,-0.000220060981375807,-0.0022691410185554373,-0.0007865021613362557,-0.0004890893449461631,-0.00020299345292111673,-0.0011762975103901466,-0.0066332513696860185,0.0006322946773807733,-0.00010741574385339514,6.692373056408144e-05,-0.0021172131121981914,-0.009972376715847607,-8.568154215306441e-05,8.32297286545089e-05,0.00010510325727350854,0.00036340030106891876,-1.2963167696638644e-05,-1.687390457672704e-05,-0.002190012236730512,0.003218328424710965,0.0026154023355647064,0.0005195383120343844,0.0008251727815877866,0.0002874570172789956,-0.0004878832350571193,0.03521909445065336,-0.04784833134781685,0.0013429514788951252,-0.027108779694485063,-0.006441831132387225,0.9629249756425453,-0.014487568335454578,0.0009608033743225552,0.00011187320887152963
92,0.0040488442609738105,0.00034671024357900513,-0.0001682133662333316,-0.00012229827761481857,-0.001073210056170114,0.0015225448516946677,0.0001586853837941939,-0.019329089087649503,-0.00018486400399108944,0.028403800108208296,-0.0025285303505458412,-0.002132183477797415,0.010114125157907376,-0.0003355506933009477,-8.969804051849896e-05,0.05479741315403328,-5.1272821501658575e-05,0.00014783238571569428,-9.35815066197272e-05,2.0186893773241343e-05,-4.833132456345465e-05,0.006560864789144349,0.0005898323345981175,-1.3043708741599172e-05,-0.0008213933109330312,-0.10200606828794588,-0.02308890041489749,0.038384999286581296,-0.002286725228642506,0.0006348619719336729,0.0028626560957219632,-0.006696676815154999,-0.001411331720997863,-0.0011736880581337751,0.0001137435498341716,0.004225640014714732,0.0010623474105161818,-0.0003013567362203414,0.000294766119542549,0.0003912189994775068,8.490570536440287e-05,-0.02068204107784504,0.043097401595891933,-5.503877166905096e-05,-0.000302370829935489,0.0012763545657991256,0.0018088588750776978,-6.690235614832587e-05,-0.0001855371491207491,0.0017932477165374374,-0.018867204325919942,0.0003152793630941031,8.566991334738212e-05,-6.157592634010826e-05,-0.00013062748483243583,0.000668057613718194,0.00010738158361278064,-0.001888502497433076,0.0006505750647430675,0.8589918216045849,3.21277321630245e-08,-0.00048329134248295547,0.0001162925565539874,-0.11880135349818048,0.24935863820737295,-0.002980220307080947,-0.00032906453118194837,-0.0008441692226157371,0.0015013107011486355,-0.0016663530242681157,0.0018140606596924187,-4.266218880388806e-06,0.00029349395456187397,-5.347162782330748e-06,0.0015359123202417918,0.0003673431409750884,5.740351516757367e-05,-0.02787318015950305,0.00013227293581854517,0.00031926984855175193,-0.0007730859060869695,-3.0406742228728206e-05,-0.00020877058187803192,0.00016304972961833555,-0.010144977909517372,-0.0008441925175279834,0.0010215751863220186,-0.003324305056274717,-0.008650892808405263,-0.00041397044805453466,-0.0004263294548703953,-0.0012683874498247494,-0.40641588435266873,0.00018889519380044175,-0.001820362690892482,-0.00654391968331869,-0.010974515231379276,-0.00031862673983801303,-6.80918738730843e-05,-0.0003773274221622329
93,0.00947470541637941,-0.0006755159133685663,0.0003352328271961028,1.4998840869426613e-05,-1.3903860749757066e-05,-0.00043825277879823085,1.7153705495633054e-05,-0.0015731772982504506,-2.923501164901407e-05,-0.5813329220352673,-0.0007870584933607067,0.0010993096052524954,-0.00088702534741982,-0.0022306979189067504,-0.0006319671358908582,0.029632583817188342,-0.000138018335171929,-0.00014240017378628657,-0.00036413126600897544,-0.00014334561436561005,0.000211709913867264,-0.007696813478435809,0.0005784548544886447,7.648399194737365e-05,-0.001838589965280031,-0.001821080663211311,0.017741966549757706,-0.03541097256843724,-0.0016485303667463716,0.00035771873507722124,-0.0003650267057683128,0.0017204546833870203,-6.679125671986679e-05,-0.0001587483300036041,0.0008426151393837534,-0.061853351042829796,-0.0015172399678961557,-0.0007551739243480682,0.0018356252759890023,-0.00021008160568818796,1.945544960968437e-06,0.014130972945089934,0.0007049388349329524,0.00014792106987211728,-0.0005477821221654133,0.0007243147277299516,-0.0005083626464406224,0.0001373926184422801,-0.0005723206225016902,0.001420790380414962,0.005517238182710027,0.0009501445787724993,-0.00011590908551992185,5.088835943331538e-05,-8.191397570923853e-05,-3.66681135232571e-05,0.00025818160240276625,-0.0011419333949819477,0.001071389934268423,-0.005504160121932183,4.008273058246983e-05,0.0002595578154014344,0.00030437188554974237,-0.02414366875136495,0.045238118099975196,-0.0030026935857104644,-1.2610381879600563e-05,-0.013548629766931717,0.002045753757438386,0.00016525181532321513,-7.190038833332704e-05,0.00013034143660854702,-0.0003208307038989268,5.0678063939491036e-05,-0.017184563032872836,0.0006700809105881084,-1.505346284519371e-05,-0.0025128622218271073,8.050721499433533e-05,-0.0009135173271594757,-0.0005027747178051253,0.0011315537448494308,-0.0002157722791630845,0.0001419077906414587,0.029110586333496398,-0.0033732288538943817,0.0010663238623309064,0.0026689574438621775,0.8061656512534213,-0.000254086218027234,1.3849157894506303e-05,-0.0030839720031825306,-0.036466602641484394,8.354007290013558e-05,-0.001511657963659806,-0.009323196979662045,0.0009702691595707864,-0.00020009204649167577,-0.0006118838814759935,-4.261263927021058e-06
94,0.001028742100666587,0.0006422826227023097,0.0013881809021957978,0.000168828134663404,-6.808869816241482e-05,-0.02395327127032312,7.04497661725618e-05,-0.0028813399337760098,-0.00031823226361323486,0.007897465020377742,0.001126510238903567,-0.014942028298205253,0.001563360289650757,-0.0029450640610677392,-3.8782210660817575e-05,-0.09052767118118117,-1.013145094394248e-08,6.292535953750754e-06,0.00010140240150667307,-0.0012780218708200435,0.00025373573020721907,0.00014484876333583198,0.0010433716714097255,2.8352689614052212e-05,0.001357361896376915,-0.020468762899325085,0.9914137366774859,0.00029443135067821905,0.004064543004785884,1.602689974322018e-05,0.005107476841308432,-0.0038824227630420934,0.0001751431901997752,-0.00047625273502717555,0.0006429668673850657,0.0020112342631627526,-0.0011669574999151437,-0.005499064288470617,-0.001969997028675336,-0.00925521652406719,8.259536574596604e-05,-0.039829157569334216,0.010302232845368775,-0.0005694906436073065,0.0002170924706910507,-0.0007902191970215167,0.0005843747608735023,-0.0001224783473814245,0.00019733577831616486,0.0011597327221015675,-0.00014835267425937146,-0.00017420521619807515,-0.0003164626938550487,7.098022844087906e-05,-8.564830674924126e-05,0.0014278481077425193,-0.0001423587118919232,-0.011811482970729528,0.0005353434901454585,0.023310482476083517,-0.00038169948312597444,0.000694536404387722,6.714441884377031e-05,-0.00010947569805543414,0.011454451607984452,0.0006637663499553059,-0.00035158408178243526,0.0013911251294033995,0.0025399685966200213,-0.00033560361641407155,-0.0048920005889807865,-0.00010846885267294226,-0.00012779307776822487,0.00017104659220698593,-0.01762626560470947,-0.00020034439408905466,-6.9918595945349035e-06,-0.015201724760387574,0.0004495735186110447,-0.014867504281290515,0.0008573903647503146,-0.004340717502907416,0.0003683999460145816,0.000317489010789802,0.007179647850137367,-0.003961374714965994,-0.04844226048951437,-0.0014540074734499795,-0.01334115759290459,-0.00038795501316190987,0.0013422820378804477,0.0006616266843413954,-0.002350846135152775,-0.03217898085329588,-0.01162282267141751,-0.00764829718287545,0.015703845317233015,-0.0002622173768056179,-0.0009156185083954551,-0.002397443424330883
95,-0.06572987353493011,-0.0008197595766045451,0.0005126848121174352,0.0001574213790574569,-1.8423472647952077e-05,-0.000506475585279692,3.712846830106198e-05,0.0027728257833376513,-3.4814422205431406e-05,-0.007443067517544116,0.001682941707671276,-0.002908897082870926,-0.002498747496924414,0.003525578273521318,6.321274129741927e-05,-0.10094398404695401,-5.027838754251279e-06,0.00023072739759514866,-6.753649849707e-06,-0.0005503318365149279,-6.852519732761589e-05,-0.0010852001549108193,0.00028202227170092244,-0.0001620872447217342,0.00266515540144506,-9.167724445649831e-05,0.009301378710254106,-0.02782432155270896,0.0003350490823752911,-0.0005658334673835752,0.002932373576641056,-0.0085820115724051,-0.0006749198125493676,0.00023778239060854396,-4.0806572707965255e-05,-0.03397613390499549,-0.008327501896176294,0.0022327212908130126,-0.0035239406263533214,-0.00044641656166406925,0.0001143512006653094,0.0037159323031133746,-0.003443648022061116,-0.0003645635328390351,-0.0015608805644114834,0.00037619270359733124,-0.005242575437311774,3.2202072101829987e-06,-0.0008084676823888609,-0.0025937247556842022,-0.0019365139741555626,-5.6759512441126835e-05,9.903534978613878e-05,5.369628153966472e-05,-0.00022557068330562174,0.0007092725631551889,-4.705115691526485e-06,-0.0003652036856974777,0.00024540539895000647,-0.0025506781891792294,-0.0009770224488763225,-0.0001220867735023841,-0.0002058484938786513,0.008192222648212927,0.018020646046248295,0.005706228461733896,1.292162378270078e-05,-0.0015919305217676344,-0.002346191822065348,-0.0001401622487083162,-0.0002776172723168564,0.00020116681493073576,0.0002551664238150996,-0.00014392030071966322,0.9883300442119495,0.0010611729756542267,5.0645918242258475e-06,-0.005715063688777223,7.294132669655867e-05,0.00018109932786376098,-0.00024139470152790567,-0.0005608434503959116,3.15023263209608e-05,-9.456765428836203e-05,-0.012767432115918326,0.011619129850652127,-0.0009267108527400963,0.000508253251292958,0.016113549132467483,-0.00014703032536075942,0.00032981384158531097,0.002158446112330119,-0.01259394594366495,-0.002280920546345445,0.004657009811724719,0.07133191878561419,-0.004992305479265519,0.0008451549986205377,-0.0004399856290108403,-0.00020448839310763245
96,0.0011704649717875373,-0.0011104778873644778,0.0003238110751191301,-0.0003045719341178597,-0.0003001848889611948,-0.002342680395573429,7.479257667747374e-05,0.00039326994903607143,5.233398682246218e-05,0.00015835248781499158,-0.0018580619292507036,-0.0001604044314221305,-0.0005525017759245377,-0.0022799203687512344,-0.00015750099813976147,0.0013726541282921994,-0.00010210586523848623,0.0001604550390257376,-0.00017039200966381261,-0.0002593651634445605,0.00018415134249454728,0.0017730968674267566,-0.00028497052589107467,-1.4620386041899096e-05,0.0003077494840280485,-0.00017134158580143778,0.003882270118251598,0.0002063305042411277,-0.000469251529960286,0.0005190830472847263,0.0005915603861833173,-0.0009404504179243915,-2.330255070639691e-05,-0.004672684485170625,-0.0006478377887853813,-0.006048586404901098,0.0005838476614994964,-0.00012111051160922375,0.002588845570400498,-6.933630453521007e-05,-5.502996489081054e-05,-0.0006345384934139256,-0.001065869640832821,0.0006011214598600767,-0.00024005698390022696,0.0030336490983335213,0.000936611270949281,0.00016735119859598118,-0.0003184646469227587,-0.0005464319511881617,0.0010304583260373431,-0.0008704091948110103,5.243681824825962e-05,-7.766966037625524e-06,-1.2241896365369374e-05,0.0058246968958300185,-9.147833322821784e-05,-0.0005153766868109062,0.0010895591552537904,0.0011745185346792794,0.0002531076964590992,4.012318245457731e-05,0.0007557805369915105,0.0006653799526758492,-0.002022258749361744,-0.003933652747606173,-0.0005545496891384916,-0.0016933577307997872,-0.16910579071437107,-0.00025761392440472265,0.0002610134759986367,0.0001496854958581224,0.00017182168259093701,-0.00015497042732046736,-0.012107117134771625,-0.0006493982631155068,-4.802545035451197e-05,-0.027453524359540002,1.8367210675344827e-05,0.0004762208226482484,-0.0002876110556487134,-0.0005311404560587143,3.373729091711816e-05,-0.004056913565942022,-3.358827475107327e-05,0.9850163128601613,0.0006970799882770107,-0.001000187065842538,0.0038147117863629883,-0.0022260809593190466,7.304442224388653e-05,-0.003713230659420042,0.00021655058602835112,-0.00044958422888604764,-0.0012018519159854883,-0.000685778078778348,-0.003163337661052536,2.4797402721974258e-05,3.3814165810696674e-05,-0.0007610445652455433
97,-0.042479175575069146,0.0003406356186459458,-2.7671586890393868e-05,-8.318957662407922e-06,-0.0005243420857768827,-0.001134569243905384,-2.7554123877865377e-05,-0.0007701309320676808,-1.297015526036116e-05,-0.22327287294386672,0.0003554547156368604,0.0006418101646570029,-0.0013671791879619477,-0.001073391783100619,-0.00011143122276688344,-0.027603565107983202,-2.814814496820972e-05,7.524005622513031e-05,-8.582148659519624e-06,0.0006769309700744505,9.409413034309685e-05,-0.007169297786204348,0.00024144993909842568,-0.00011436727861274115,0.00035934744186352785,0.0003361961144981568,-0.0015969871194187759,-0.0004144923661118312,-0.0005953515595194178,0.0004746571151770492,0.002882288530724225,-0.004311097837769222,0.00020270897923685763,7.671264716969071e-05,-0.002373577010168144,0.8872246455747065,0.006564415236120433,-0.00020840347113777746,0.0018899565975168046,0.00021791445584983405,-3.175808282038228e-05,0.001320448787451363,0.004032868392635298,-0.000594597034695408,-0.0008126430735254319,-0.0009518540583151268,0.00010247481043304703,-7.94627733281426e-05,0.000459090245238207,-0.00015925401621216025,-0.006536120852472436,0.0010526052102668758,-0.00022309337815112212,-2.0484140574199283e-05,1.7992653293635863e-05,8.991389266584885e-05,1.2161531410104405e-05,0.0002387233887864897,-8.241018455353109e-05,0.0006266635988688568,-0.00039866977754889413,-0.00032639294968639376,0.0003313845106524063,0.007694805025048587,0.00120573897541519,-0.0026488693603728434,6.313229696383984e-05,0.2556913674506441,-0.00093830758713943,8.347158170259744e-05,-0.0003551251897994305,-1.4476197077083197e-05,-0.00016687465985859335,-4.8992789395881434e-05,0.003150256500704718,-0.0005170910622712827,2.981447229804049e-05,-0.00423530543705329,-4.930905937465882e-05,-2.047385675064267e-05,-5.9077778914186016e-05,-0.0005515790090138539,1.0231788067067635e-05,3.2360617239774424e-05,-0.007851044967434707,0.006273513137486746,-0.0003404975381484307,-0.000852004007307801,-0.08376461332818536,0.0002096022147763726,-0.0002862879602940904,-0.00017924724627521593,-0.012846198572151801,-0.00036212209801977056,-0.00018295462761291903,0.295581951119454,-0.0089954987447083,1.1028339940353377e-05,-9.024379589186657e-05,-0.0010462846469717069
98,0.01645455682987764,-0.00010984527416256495,-0.00015420246290734005,-4.151213882248525e-05,-0.0007029407356210007,-0.003410937635562189,0.00025607595702265007,-0.0010597808929888111,-2.0326491119555812e-05,0.05195451742814756,9.43581364987317e-05,-0.002706875058702249,0.006310246244236366,-0.0058986469294629446,-0.00023009084946563896,-0.05148457768798481,8.029874711266982e-05,0.0002050165717399293,-0.0002108616666063141,0.00012111947917785824,0.00013086995295483184,-0.01806469306683091,0.00020105522555384893,-0.0005045313475416629,-0.0009096902700799631,-0.0009527471626915084,0.0011693002982155118,-0.009253164845167866,0.00019301670081320332,0.000684114014269553,-0.003557762008672198,-0.015517766562592496,-0.00046622710384251233,-0.0005169382046570602,0.0009713917138176264,-0.28799329507442395,-0.0025381808985295295,-0.00034163468552639124,0.001988405332887212,0.0011082115346329787,-5.3616986222197044e-05,-0.008565481055656389,0.005348515862811924,-0.001975961433188639,-0.000877973307708591,-0.0012268981397192344,0.0022945816894895154,-0.00020618628378858727,-0.000250884331401551,0.0008371062897910265,-0.005508326434038677,0.000740970874595836,-0.0005171458871217893,-0.00020468556848470855,0.0004897037385280002,0.0003078194611353905,0.00011830908264741239,0.00037898867868476304,-0.001097666774261696,-6.457352514914895e-05,-0.000379503477646391,-0.00021486761176257863,0.00010638168689748768,0.0010411478059955221,-0.012435243637153365,-0.00544970436173676,-0.00021690606094087843,-0.047522081955649165,0.00038274593523695524,0.0002885653223536821,-0.003946350663125081,-9.157542431628782e-05,-0.0004048521329056468,-0.0001553636171589233,-0.08339915185661678,0.0011105248598521616,-1.7401890911111165e-05,-0.0028174014599098227,0.00021206510674599312,0.00037179337578506846,-0.0003079985509843461,-0.0017642556257045578,-3.281242558684193e-05,-0.00031640229421782797,-0.034854931448278774,-0.002328550207973066,-0.0006916694821485201,0.0001702626241358897,0.02565625954760176,-0.0001547027102068296,0.0003380552925452713,-0.005382720437768643,-0.02857487107838547,0.0008190486373616072,-0.005279876079689291,0.9477767830175776,0.007154064946827313,-0.0002500673369342781,-0.00017115835953983348,-0.0008101125792167631
99,0.015155604835489644,-0.000495208426173524,0.0003295051387990199,1.8784209262368706e-05,-0.0001971838688300115,-0.0011656311812376363,1.3099424051893349e-05,-0.0007804004776455764,-3.4417281217460904e-05,-0.09316563141436282,0.0007354930480584637,0.0010126526004980985,-0.0002154340502592278,-4.298979210856646e-05,0.00017954622915133944,-0.0046352049583620325,3.830608534705071e-06,8.712406079154807e-05,-0.0002219154417210283,-0.0002859443145413051,1.0452253346332832e-05,0.0009578659210730286,0.0004526607108608982,1.5782253479756925e-05,0.0011939176251877376,-0.00014102826875788516,-0.0016443379548389306,0.0038525060954279085,0.001156051966179468,0.00012186263080642482,-0.002830584404045832,-0.00063137863594857,-0.00020618494859149517,-0.00015793244385509152,0.0014633392010970185,-0.29150623641781237,-0.0007310897843816467,-0.00028575161849667477,-0.0003113610583381722,3.1104619865334956e-05,-4.4857263238815004e-05,0.007715462830742033,-0.0012992975161645976,-0.00016248686169936105,-0.0005194854101368968,0.0008178202042126495,-1.5967051162700356e-05,4.461329724153411e-05,-8.591152181054718e-06,-0.000372021597580696,-0.004485196930934972,-0.0005053637049697295,0.00013228019671487554,-3.949986875774816e-05,0.0002515897429831021,-0.0007593461675346426,2.7022460134953387e-05,-0.0003266656683209874,0.00012053033421121186,0.0006599989360855261,-0.00011558327006117898,5.311177201584147e-05,9.658618059199889e-05,0.004096833911651552,-0.0014357773575812568,0.004869864153028255,2.7016009852717966e-05,0.9481528653090754,-0.0013055310478214538,5.498552328775689e-05,-0.0012740949960867239,3.456337676558622e-05,-0.00024772949758205106,6.186215093182193e-05,-0.005055132522361949,0.00026506071688794323,-4.745831763354469e-05,-0.0016208278835806755,0.00010275029637162036,0.00020481551834967276,-0.0005065638718050366,0.00010872672436174936,-3.93117277067926e-05,-0.00020903925841733988,-0.005996288418282585,-0.00018742309531446166,-0.0017987863273392153,0.00035451425371040013,-0.07406341953719614,-0.000339157617440973,5.681667679470958e-06,-0.0014143714712986366,-0.010262510127407719,0.0003339376327038974,0.0002707618488132918,-0.035376836958118975,0.004440010183972654,-4.239160013671042e-05,8.959328192272974e-05,-0.0004193923365428988
