,0,1,2,3,4,5,6,7,8,9,10,11,12,13,14,15,16,17,18,19,20,21,22,23,24,25,26,27,28,29,30,31,32,33,34,35,36,37,38,39,40,41,42,43,44,45,46,47,48,49,50,51,52,53,54,55,56,57,58,59,60,61,62,63,64,65,66,67,68,69,70,71,72,73,74,75,76,77,78,79,80,81,82,83,84,85,86,87,88,89,90,91,92,93,94,95,96,97,98,99
0,0.00018813856696289576,0.004561753664460294,0.0061318241653079975,0.0014706569060120023,0.003508613262676083,0.0002686103190221688,0.06962299085635969,0.0014160866356978297,0.06571602701832943,9.713239028107264e-05,0.0020113353860013246,0.0004467057575619498,0.0003012311309044129,0.00023681897701770846,0.0024167821312172737,0.00013218171620696544,0.23362360998009699,0.0010469705771709323,0.011178152532451495,0.006137163703931142,0.18083641943653075,0.0007178925096855594,0.00411703734089179,0.20686835059892483,0.0011000348310737337,4.0886157131674e-06,6.949543842251033e-05,0.00015546049204865413,0.0011871768004846925,0.003595224502486652,0.0004003916916032893,0.0002785629406538726,0.0018527429905991458,0.006040756310535103,0.000632347222316934,3.801017939579937e-05,0.0008185551189866999,0.0012221456752451265,0.00147486112589423,0.0013338679127326738,0.350041186606739,0.0003476038432179968,0.0008375399573469854,0.018606104132956804,0.001112664752506989,0.0025647201506776847,0.00023858459096762127,0.0016789168719031449,0.0058533063985983505,0.0006954834774730849,0.00025871071780164993,0.00012934748660522997,0.0822161226806388,0.013880701158912243,0.007129561581055021,0.001357576244300897,0.031048971482457575,0.00019567226644479996,0.0002060203674273576,4.667513378133551e-05,0.00046527683152156177,0.015920106331606787,0.027439322979758287,5.1352758011096795e-05,0.00017106830161136807,0.0007006037794950255,0.03814468128566076,-9.187518117663667e-06,0.00041607898091806505,0.010171398071481997,0.0027891937646400532,0.0014015282887664094,0.02708279348168626,0.09875434220684999,1.9514510946737556e-05,0.0012791273177381725,0.846051036697961,0.000684433377743595,0.00952045305990506,0.0017061974687465808,0.0005663202114588535,0.0018845901919646699,0.015116653840296996,0.015150738370224494,0.00021289593663262644,0.0002879446930491661,0.0003955255379954426,0.00189710256207204,5.6593703172191825e-05,0.00463024420409688,0.002245958514530415,0.00019302515825775238,7.927847443022222e-05,0.00029437226804465526,0.00048168534312443374,0.00035275228854449755,0.0012200965058795663,0.000998858522367116,0.005339551768613529,0.007451672082574627
1,0.00026075224917117875,0.0022178280543251744,0.002231807504766009,0.0008356502191318449,0.0023920588905432805,0.00026175000038142215,0.027083919557400526,0.0009188678675630668,0.04444361470214893,-7.128634562444253e-05,-3.014271252384758e-05,0.00025116838338767314,5.492081662486904e-05,9.044302920271315e-05,0.0014280182393053772,5.5009346184719964e-05,0.2910278128201445,0.0005084338407527097,-0.0021482451058154653,0.003888388498218589,0.10575386428663404,0.0002768684695527663,0.00010646159152294346,0.02648930278172209,0.0005926021929244904,4.106652143137537e-05,0.00016589174161270358,2.5623637312808814e-05,0.000701137445392594,0.00157122797631134,0.0003190992843766788,0.00022609075766519073,0.0009255844071524662,0.0014409957063584483,0.00021173668868706218,-1.8934829761015708e-05,0.0010135498932202216,0.000995107447639772,0.0003827661994676914,0.0007413056446646388,0.8227090291916579,0.00018518892215432217,0.0005360285959379928,0.013152039613040848,0.0006252676139771158,0.0013958285683432444,2.2970776197691836e-05,0.0006305940516522533,0.0022386740403774093,0.0005211270668196296,0.000268955256048045,6.866028676128537e-05,0.02165524689851628,0.006449311915582956,0.0025187681426575045,0.0005173394715694097,0.003425607538341498,-6.17753157805635e-05,4.827102596997105e-05,-9.339411870451675e-05,0.00018215625459072485,0.0039838330646528326,0.008528414581337435,7.70999063077336e-05,-3.3696026706260674e-05,0.0003009007017657031,0.024104646496689943,1.5614149568142522e-05,0.0003914825532407434,0.002225293321819316,0.0002193245286917662,0.000684158966269801,0.023922677875855485,0.056796036713675196,6.551978964270105e-05,0.0010054294102463935,-0.46743457552596174,0.0004457342219528,0.0066654139121632,0.001762498372169533,0.00021273276742399198,0.0014083870323077705,0.005935775285861609,0.00631074256843818,0.00010707075897478024,0.00023933560737253494,0.00014639302425210703,0.00046580097503479373,1.8151956975142772e-05,0.000603454609123318,0.0015370851680392896,6.305534819679944e-05,3.2694874146671154e-05,0.0004431561350135374,0.0003526942478944321,0.00010915414516902927,-0.0005832239720747178,-0.0004046506753702805,0.000762237996443237,0.0006981534999804175
2,0.0006195533991938361,0.007156282447559087,0.01589723409942867,0.0008734463458429653,0.01057703655529596,0.000951600104080616,0.3955248941390869,0.0016001082122323873,0.04986013148775639,0.0001770033573325197,0.003702832494234882,0.0014480183243337497,0.001333724481889966,0.0007029459035531899,0.0045867682475962965,0.00029246547682162797,0.0653930705951731,0.00041270944064441737,0.01941873993011936,0.01868706936318949,0.1597255029032151,0.0016331968106901974,0.00943135691290335,0.8131067315249467,0.0025966395217206302,6.668005951387501e-05,0.00045040834531067536,0.0004439170727528532,0.0020396297604685794,0.008221571892284488,0.000731723408593637,0.00015059916643055758,0.006195023842677861,0.017375082756863454,0.0017437705851314669,-1.3350643313557294e-05,0.0008794227717578888,0.002844171851342071,0.0038214088512278153,0.0017980536972427195,-0.22788061071441096,0.0008392651130222797,0.0005381674424856094,0.013583529434713176,0.002537634899494935,0.008482391169465772,0.0001754351698053047,0.0019643503882418234,0.010832153730540266,0.0005026440796054378,0.0004229394571511335,0.0003537933257949903,0.09931551195684829,0.0836942550324284,0.019621016263884156,0.00405478484277077,0.033567221129887075,0.00010801034527745966,0.0004643835750306491,0.0002294781340280706,0.0014644408760914967,0.059724154379512805,0.0724610908462927,0.00034713440019283615,0.0003103599636791696,0.0020844452833831345,0.03211507981582898,7.192087396526632e-06,0.0010302407683067292,0.01651452694329698,0.006095947529903585,0.0009523195125151569,0.01120183011592495,0.0945028538652883,6.032784963404707e-05,0.003779231614732837,-0.22591337601913142,0.001232745898888378,0.050200932584596195,0.004434499942983312,0.0015973387732103087,0.004908257758924867,0.05198126631419633,0.036071760840987045,0.0006874703821855337,0.0004922105132564651,0.0009243901877804725,0.0025529899573797834,4.417283861499893e-05,0.01513379277352901,0.0067774209278825565,0.00035785416778275644,0.0002129836512044516,0.0008528642409324114,0.0014843501256689372,0.00023955427550996923,0.0007409618911511549,0.0001966984260736614,0.016933169862758453,0.01685516382815682
3,0.00017545772851481047,0.002151848293218732,0.011046106726477906,-0.00015900958193672265,0.007834511833574536,0.000628148143601015,0.42320850646599517,-0.0010884319022074068,-0.0460461508245556,0.00025867741895865826,0.0011154752944367852,0.0005988897977178276,0.0002681969169419096,0.0004379493686924585,0.002592355400386104,8.421630614459386e-05,-0.8193464573487858,-0.0002892574356162476,0.012182542325947537,0.01485136819460893,-0.06998192802263728,0.0008779346489121105,0.005614887971366598,-0.020803095439520636,0.0010443085675169166,-6.510501727734012e-06,0.0003226987689535336,0.0002419405058396298,0.0008923183633866245,0.005121319739859249,0.0006710502752383953,0.0002631759687548105,0.004407634477205484,0.013376674300872377,0.0008732131207784493,-1.9739514937496677e-05,0.00011149046244908391,0.0015565421918085445,0.002224129125099074,0.0003155245534351155,0.33721857714232434,0.0005967237536129853,-0.0001992897342562801,-0.0072901650122647625,0.002303211383693001,0.004995745229215111,-0.00015681481293759603,0.00020393178676512177,0.0050031673270202505,-0.00035724768722888165,-0.00014285076196542904,0.00023050619467596494,-0.010839136172043552,0.08695411194215297,0.0171261992082593,0.0031691421331703296,0.010805795921794073,1.0016532413757159e-05,0.00015768739237410253,9.614516938496852e-05,0.0009559193428229217,0.02534795341409983,0.03558312285506404,-4.8134330999322566e-05,0.00026911162520013666,0.0008407663687235871,-0.02140725967276131,3.166193390466735e-05,0.0012153934669155125,0.0037078548172306274,0.003926714728168449,0.0002240444940301479,-0.02398035916561458,-0.06561195326269226,2.318027006035432e-05,0.0033914919388420466,0.07981904442162878,0.00023338543293779734,0.05572792067120589,0.0034135445570195556,0.0012358026459412682,0.0025184686005966244,0.03882837854137962,0.02786232445611775,0.00020682323549593633,0.0001525617660659306,0.000373877361416508,0.0005592541258776992,2.47604390719095e-05,0.012071747772142025,0.0045182547469602916,3.24555531952851e-05,8.725787991670213e-05,0.00032187085621845836,6.34542638585418e-05,-9.014514355626402e-05,-0.00025070926974808195,0.00017234620101114076,0.009110833958503066,0.005943119908609463
4,0.00040175855432934555,0.005199743970687898,0.026968384974228654,0.00031584057154893097,0.016415645605970766,0.0013018328453658912,0.7309391369748606,3.897180464756955e-05,0.009016760299488724,0.0002783530032325898,0.00263434588408816,0.0012634251976787608,0.0007140713146551458,0.0011258798443532503,0.007469459215943608,0.00014290638316803717,0.3568762561242885,0.0008046723765157439,0.019209585504396488,0.03009146119021297,0.07027904003975442,0.0018124716315421998,0.008344950504308076,-0.49583800646161985,0.0032117787878308086,-8.83818345323251e-05,0.00037397113838132974,0.0002376400074557246,0.001631485307844466,0.010968713096687673,0.0009136454979917968,0.00017443241850862833,0.0079832925813571,0.021193413114317473,0.0016726650135592397,2.942835425083978e-05,0.0008173643911322468,0.003289098297904265,0.0038389241604096687,0.0018489711916657675,-0.15421173608685448,0.0010979441823414757,0.0005072319795903507,-0.0005036701995366753,0.004150441418109807,0.010749053908173158,7.108963421905502e-05,0.0012561389693913727,0.012326314903791985,-9.257352178053467e-08,0.0007216142174289704,0.00029633689371247806,0.03490655340699726,0.1706519492395197,0.030937591111769816,0.0046721035758638205,0.02421784159021533,0.00035925795364991547,0.0004844231124053723,-8.285286665126837e-05,0.0019714645150376063,0.04105204719940252,0.0642666193431845,0.00044276911625560576,0.0003032460046256627,0.0017690761669559426,-7.123119573035656e-07,0.00014294095042157774,0.001950234864654475,0.010559373133893706,0.006131622268425905,0.00020273366927337408,0.00957298971300073,0.011497975984340169,3.4775287685946156e-05,0.006264175824388993,-0.0064008547165196284,0.000877243517756329,0.11701450110739946,0.005341359319901746,0.0017119245295066318,0.005768074019639577,0.07293689769470385,0.04596355109148578,0.00020492476723664622,0.0005561713459809427,0.0009093056763340733,0.0016430204325244373,2.1278815395946044e-05,0.020107772184165807,0.00902168804344651,0.00014616776826650757,0.00020194963407779864,0.0007844350557960217,0.001452772629206157,-1.869225868293546e-05,-8.323909600326668e-06,-0.00028796727080425324,0.01754597823515814,0.011184329037613072
5,0.00029180160990188356,0.004908562896425335,0.00626846513316727,0.0008997406997615087,0.0065114347358790625,0.0003577930045483846,-0.14454019065551,0.00016626498256383515,0.07629327610351702,-3.3114284070698274e-05,0.0005979287701188274,0.0007797734088768049,-0.0001723987091058199,0.00037236815254693134,0.00396643244335354,0.0003594356659621101,-0.1947958362624518,0.0005756440916188038,-0.006339682612946717,0.010454509191910915,0.9437007575151956,-1.4399064181728138e-05,-0.0013175433003657744,-0.161809627371572,0.000379008498239475,3.8087291786161364e-05,-8.197557648538978e-05,0.00034479461823446974,0.0019615617339948307,0.00813512831676414,0.00044551356624243123,0.0004484829303110574,0.002073238194770734,-0.004241219470364267,0.0002827200147885287,-1.2081027279380735e-06,0.0005635422495725946,0.0019679868839448658,-0.0005287256283505725,0.0020540729484324113,-0.0906589687505901,0.00040973302412328563,0.00031242597973799285,0.007214432514381549,0.001879799208726259,-0.0008490304664545544,0.0002508609710626316,0.0011161020506882658,0.0022740726530950757,0.0004594116224104602,0.00015711357758392813,5.395188572681033e-05,0.014224480422140572,0.0389924441077611,0.009533536386482612,-0.00035995730352563957,-0.006114951872410386,0.00013209171505549453,-0.00010917484460452657,-5.477682093120716e-05,0.00022306100098326358,-0.0028486849874642312,0.0018603030867599389,0.00016363992205486376,3.054689130948461e-05,0.0009869481708684215,0.021715941696364805,6.140655003886012e-05,-8.373333800518402e-05,0.003286180559341783,-0.00014248497913766918,0.0012133311499665021,0.005875422628819784,0.021280729758172343,1.0734486674415268e-05,0.003488083371156548,-0.07126200884150183,0.0007435089804002763,0.0438459404615783,0.0033805185383751655,0.0005540896659070509,0.003314704778209378,0.003462536895924677,-0.0034480826885224065,-1.8903186473735858e-05,5.2816596421550816e-05,0.0003963598749586075,0.001256223383334679,2.3093738351053994e-05,-0.0031305137149527456,0.003916050279014241,7.544941871031257e-05,-1.25232894177027e-05,0.0007024619498807916,0.00048670131637400124,7.41803925776653e-05,0.00024232772429258736,-0.0002461319418446525,0.00205333699939269,-0.0014121702847272582
6,0.0007777554964046601,0.003923878749517218,0.08196317249073029,0.0005928551229003598,0.04476736851415314,0.0012343636276515024,-0.255765048957225,0.0001864456914598689,-0.002715138817203977,0.0002457547470000043,-0.0008453138588565695,0.004925244087554209,0.00025651083411251663,0.004460947336535896,0.022472609033344082,0.000588272233526213,0.005943913738108764,0.00022393398150743614,-0.006163327740564567,0.09015598197776734,-0.09401765056726341,0.0009583404979544139,-0.0008560536573148829,0.024939520138650903,0.005666962000372552,6.787072811565809e-06,0.0007373481323972501,0.0006867420432843532,0.005254126837705146,0.027521599488784763,0.003700130968802056,0.0012518837360893816,0.021268441194375407,-0.006490367257803064,0.0028188924434218126,6.632729790952401e-05,0.003579113451754579,0.014395847539087256,-0.0006197638757461801,0.006859400793722398,0.010166407750171918,0.0006806998719726858,0.00014286250611509363,0.00046338410216813057,0.019171894055263147,-0.0009484040575946256,9.716522612700197e-05,0.0008245373132412798,0.022155240797006807,0.00012684667714647438,0.00043832566031345045,0.0005430521284568932,-0.012274119580832113,0.6251359012336749,0.07965615921611205,-0.0009104450841205009,-0.007097731642591109,0.0009090440824960723,5.630223590037286e-05,8.033246025763795e-05,0.002269202574101742,0.04810221968157971,0.038855837760437106,-2.0588475657166527e-06,0.0001855322917628101,0.0012449323355977076,-0.0006317825201833697,-2.0058699608250553e-05,8.580052917991983e-05,0.0032197505082376477,0.004205544310451465,0.0006740954086346975,0.0021612184951717993,-0.00794004875109519,0.0002549189513459415,0.031385969407236,0.007858897974690757,-4.00652707509243e-05,0.7050352416728795,0.022550757498274517,0.003307722636248095,0.015988335057364862,0.030674924712865485,-0.010866888150837476,0.0005798849362223853,4.2025566223854945e-05,0.001974559772307,0.0002753538725488732,4.754098369907583e-05,-0.004130622812764336,0.026056135594745785,6.9497341345940895e-06,0.0003051365178532605,0.003661882470033964,0.00316489682872104,0.00020887325850620572,0.00033009922189282913,0.0006478382137952578,0.053553328443168714,0.015376637834605921
7,9.880362218440912e-05,0.003919173885075266,0.004731501546722017,0.0014775811156134099,0.0031775190673748593,0.0007800465575469318,-0.061260098181634984,0.0026561215501096185,0.1358931194411671,-6.351246669693972e-05,0.00176299576185579,0.0008502039582047455,0.0007399344564789218,0.00015511508896406956,0.001364792069465437,0.0005252034386498683,-0.1268506728898865,0.0009297107825332763,0.008067089510265323,0.0008784098691783371,-0.10239353661644231,0.001279031861998564,0.0020861206941559006,-0.12838234802923648,0.002637216628907535,9.125317044530621e-05,-4.01709525796217e-05,0.0004484312231221657,0.0008995384646820238,0.00016922282737882183,0.0004472733643883578,0.0008919377668771336,0.0011608481826919145,0.003510399261421315,0.00047375543658999004,6.900575836386869e-05,0.000527498909015392,0.0005741714152326244,0.0009767018180091049,0.0007471594671809266,-0.04363669026925802,9.225849340460061e-05,0.001098409044410599,0.05368137940273361,0.00073336199278351,0.0006897600807214245,0.0002101225095363958,0.0020098248345593187,0.009388646668394493,0.0008409341627740163,0.00035830678008258454,0.00032286313922845564,0.3437464317236454,-0.015362105379093716,0.0039776353266735565,0.0006553369897992895,0.02801561341367009,0.00012380617790362219,0.00029396944373557134,-2.5970213186704994e-05,0.0007313558492524422,0.0194019905841541,0.03600749658851698,3.340124657403697e-05,5.907425468280186e-05,0.0003124804523337247,0.0464225504517138,2.0547684714027764e-05,1.950083121273448e-06,0.00997825216800003,0.00021882202117677824,0.0009585408263837521,0.040662458458361854,0.8958776341810132,7.1526836917718e-05,0.0009182293188114889,-0.044862698211084094,0.0005965367864243683,-0.004395105073068228,0.0012506361628925045,0.0004994451612601487,0.0019583218843827847,0.00576852659519328,0.012401705471602664,8.327692971984448e-05,5.0698850273873074e-05,0.0005322866481152198,0.004977672217561043,-2.1941580608184075e-06,-0.000646568411990198,0.002090936953522568,-0.0001097077434646669,0.00016741174275749943,0.00046542418633401276,0.0013264234427982971,0.0007285124319723198,0.0004527153796376193,0.0003309318254280224,0.002206079885236828,0.00614714052758338
8,0.00030889773693736853,0.010103753720417916,0.022452406541572593,0.004383560623876834,0.0005529450141935482,-5.924570143894803e-06,-0.07796437868048964,0.002587492906258926,-0.03739681790299543,-1.6062160072771725e-05,0.0023928100863403468,0.0005855440852034002,0.0008626776446560847,0.000691376014192363,-3.1038537352368056e-05,0.0001995132127519117,-0.012655326948805553,0.0028512014351139412,0.09320874924033036,0.0045076980459453145,-0.024705144181959807,0.0028879808917533917,0.013533974386617152,-0.04902041428548777,0.0020864776522402564,-1.0652607117418803e-05,0.0002539940743987785,0.00027601322860570433,0.001177031322181298,0.004993549501494757,0.0009448402716761405,0.00015472982382035497,0.002590242658576783,0.00040156970840193103,0.002025315064792353,2.4271124270908856e-05,0.0003677577188856626,0.0020681311037282143,0.0015026744323079176,0.00013508995898665345,-0.0011487969316483335,0.0005331907070695858,0.0023886650292246816,-0.010392303860619423,0.0019914360736467754,-0.0005711577880967117,0.00025404047086614694,0.006488744351820565,0.030176066144291677,-0.000916871267201737,0.00043556092284238734,0.0008298265728845708,0.8956139220657329,-0.03617608107594325,0.011470626900312173,-0.0004789868937195614,0.15189568804624823,-0.0004225611418614915,0.0003207909227729086,-6.885532570593156e-05,0.002470543735159052,0.03649262097560435,0.10924938439919499,-2.4932505948552664e-05,0.00019711034611362855,0.00039214429715285867,-0.005073458136502788,3.970474954456422e-05,-2.3805199134926437e-05,0.020135353522290872,0.0025668030166675912,0.004194544826988441,0.02057121720091941,-0.3691097677809844,-0.00012487630777971957,0.002458014279290317,-0.02571775704645731,0.000851723603163811,0.0001520000091905227,0.0012930740549976522,0.0035228691386531745,0.0028364606500354593,0.010926345254526168,0.015018041032251865,5.9118524558852774e-05,8.850764502900703e-05,0.000422646905061327,0.012770543386762636,-5.296908746502257e-05,-0.0023022853768086076,-0.000132345022161421,0.00033878063928705765,0.000360945454045403,-0.0003772265699716747,0.00204781580947445,0.00022701162643718508,0.00017607741065269605,-0.00041839538018352464,0.007549218175119439,0.01952711541216318
9,-0.0001093786959929456,0.005617928599455561,-0.022971135112845938,0.01563176818958823,0.032928275342884596,0.0006320508571966404,-0.07943458515926471,8.686895762136104e-05,0.001015756627975553,0.00012731903536673805,-0.0008868685788543107,-0.0025310583181365615,0.0007049532167445749,-0.0024202481846686275,0.02472447282459092,0.00014147671341555035,-0.004452430392376749,0.013129715238090398,0.4382136872225551,-0.005781866154042206,-0.007455848513282719,-0.00047208544225661546,0.058903977115783136,-0.013897318183614086,-0.00018105394034328287,0.00021764840816954704,5.707467722544787e-05,0.00027179597000662577,-0.0012041739253463996,-0.01103960694730419,-0.001080655480437567,-0.000604417432806707,0.006476266654804456,0.003614069983058574,0.0063623439429250405,2.656311903743297e-05,-0.0010789011211501404,-0.007864508606942131,-0.0006555590041431035,0.00258183837710965,-0.001975140606639666,-6.622834069417891e-05,-0.00033210572365057774,0.0007194850537280912,-0.010697183815638379,0.0026304228989748124,0.000984899805604304,0.02842836701300553,-0.009048415762732541,0.00021952598278549712,-6.076104786412878e-05,0.003464015025170859,-0.14453521922797063,0.4131454911004011,0.029883105879774483,0.000979574798462484,0.6596573372954873,0.0009284955267869974,0.0019540889794527013,4.481779424489224e-05,0.002339547384517843,0.0025710392065773358,0.013993507365426573,-3.924874027124475e-05,5.814471767233057e-05,0.0007507281027831291,0.004510175397856126,-3.319174634964974e-05,0.0008891138061266316,0.05663698336833585,0.002482687005200917,0.01677701752888522,0.012122996295088574,0.023284509815279214,0.00010105979584833572,-0.017759383826017727,-0.011426003955401078,0.0005101278085582537,-0.39381211017112405,-0.003327237927026997,0.01214540529450891,-0.002784748585875657,0.07493272864778237,0.0032039236664728344,0.0001504980422735629,0.00020430417233238576,0.0011393937009860071,-0.0021005764531799895,2.0310101185350328e-06,0.0014533611490090675,0.021535726447969104,0.0012027357792532064,7.764478337780004e-05,0.0017928426709730926,-0.0008230223252643047,-2.2113173423922937e-05,6.077841378090629e-06,-0.0002583056442108699,0.0031310460469005192,0.005300894529270314
10,0.00017475033676713826,0.006558166246410202,0.032258175400555394,0.012131034279531432,-0.04506681414108402,-0.0009254785224264549,0.028232818728325976,-0.0006481861098547731,-0.006063800251047358,-0.00011754222617578469,-0.0005189102747792662,0.0035447979405427987,-5.405302281868973e-05,0.00544586244542055,-0.03417868452712497,-3.239393512771693e-05,-0.0035649073221291627,0.00954601231182554,0.312094703838504,0.01622868175356973,0.007681292080772291,-0.0006463142147933598,0.03949977794680704,-0.00643333072834594,0.0011916634644112377,2.7408980149071436e-06,-5.101238326644009e-05,-0.0001462368341679887,0.0039169775428807875,0.023628233652097378,0.002084562753298493,0.001038460891543587,-0.00879017366119823,0.0028546016615605516,0.0019335370242267956,7.990909712659797e-05,0.0016048802819631051,0.011558643953559275,-0.0005590413772588741,-0.0034047297223274158,-0.004503848422921991,-0.0005009274318055302,-0.00016279281381805042,-0.0016584185725341642,0.01572617052057702,-0.0010897810793104648,0.0007840209528147644,0.02017072729102434,0.0054842352740835446,0.0004063792158219801,0.0002780314615948229,0.0017546693543646558,-0.1281919111769365,-0.5953829647715796,-0.046231523060785526,-0.00010261931624084306,0.4673463103866998,-0.0008683750222787262,0.0010555573014609267,8.8760685454667e-05,0.0032269462759438572,-0.00017210336725937553,0.013680800233609708,0.00010128634401734198,-0.0001389769723119643,-0.0006063899919153835,0.0028292345827508757,1.6906988555300678e-05,0.00028952150344298516,0.03261038529903338,-0.0030334386288284254,0.012212798461173596,0.004894041025932905,0.024634485074017665,-0.00015709022325662188,0.025624427157283462,-0.008358445539881899,0.0001102480821592919,0.5462096709749893,0.007979030842657026,0.009429085198091762,0.004045810540625803,-0.00461309862035093,0.006068603675475827,-0.00035810700723963205,-4.131539032346392e-06,-0.0014167684035368646,-0.0020574790124379535,0.0001686908113428617,-0.002081997378094889,-0.029214845657450087,0.0009043701064694414,1.9521710008778365e-05,-0.0018386269262038622,0.0008643823524626218,-5.1002367063110346e-05,-0.00017614790143994502,0.0005815685132794981,-0.00615491695788389,0.00015448285843827625
11,0.00011462997738960618,0.0010651620443340084,0.0022185085484299353,0.0027936604763216,0.014070017664016742,0.0004521916065707114,0.0032596346285716574,0.0023347107046474483,0.9726476068796426,-3.9203292139432244e-05,0.000245407868823988,0.0005818264743214577,0.0001369241049993218,0.00011875217693016471,0.012575480597325758,4.635431400097645e-05,-0.04614122359779277,0.0012706497656881557,0.00223129618825579,0.006312825338237998,-0.09349141126024327,0.00017638015552253784,-0.0005802059559633097,-0.02723181250425144,0.00036210111680110013,-0.0001335572467388987,0.0002423033728883449,0.0005482601365527986,0.001504546871480078,0.002091111150937384,0.0006475175368695907,0.0008451297848888102,0.0015446145505035847,0.0016339495479646485,0.0006370778026304463,-9.695877951210186e-05,0.0012873924304511314,0.0018044207840475258,0.000567105325233084,0.005664885739044801,-0.021612147664478276,0.0005626785502622321,0.00036798103169979174,0.043107934761085015,0.0014794085557625694,0.0019374763094148883,2.68930500857828e-05,0.002179185792933115,0.0031480098117986806,0.0013390717277756104,0.0001819311851132821,0.0005321221009436149,-0.03069147254791127,-0.012234071793316426,0.007800351674025851,0.0014700491450760854,-0.0014382610513479274,0.0008057898935669803,-7.492523203382426e-05,0.00025043431428466503,-0.00015608951051132927,-0.005340514053402884,-0.025713334194975512,-7.463678824727073e-05,-0.0001789599738073848,2.5192358502464963e-05,0.08577025886119502,3.221732324349552e-05,0.0006503320394898437,0.005320718956573827,0.0013654596685898652,0.00211135931656699,0.04686865741526228,-0.16676743644876738,4.068196995524187e-05,0.0034118360506729395,-0.010722013223758181,0.0004834954913158808,-0.00033584840476577615,0.004213382295125578,0.00048410449791114543,0.0034570207284518005,0.0020638015756284933,0.0004404801261057552,0.00033271361686105887,0.00024211645948187866,0.000828929164758667,0.0008252283548705644,0.00010705010057574654,0.004912614323143424,0.00689845772438347,-5.1152850896438e-05,6.798427118124249e-05,0.001303554304352268,0.0011964550374791317,1.5172476529247414e-05,0.00023951315401657403,0.00048703826392714096,0.0050334878851594125,-0.001435724145646449
12,0.00150040939554441,0.025152489326314836,0.08828869375001251,0.0005195062756969404,0.03252118485557909,0.003018373157968268,-0.10349027908649922,0.001791301847674509,0.01088565852377879,0.0005328983224386907,0.002551896236996899,0.004363691648181289,0.0027136416074141495,0.003973754880128022,0.018478358358263225,0.0015060861808904036,-0.004020584986156872,0.0023684005377917223,-0.05257133187184385,0.039661720163044104,-0.0187345450343218,0.004445392033085348,-0.0017434077389556278,-0.03567775720043456,0.015921235104050337,0.00010662853016093132,0.0006403332614786212,0.0014345113484284819,0.007723856329055342,0.025097550581367336,0.0030658244563994794,0.0016697047657681743,0.0154442419054301,0.01713796163510674,0.00830888617560572,0.00012066901046577094,0.002620318655393264,0.0072908206071168585,0.0035879724553609313,0.007886584636883931,-0.0012611660133741293,0.0017333288281704416,0.001621022589987533,-0.0014628629974769922,0.012745300283633444,0.0036293406679306166,0.0004988658236253268,0.0025842520907480137,0.06646636784088265,8.604720786712619e-05,0.002084643308745599,0.0007483068521641489,-0.14098382426260506,-0.0846479063686356,0.0707073113377279,0.003005680150130479,-0.036604210755004876,0.000782967119566636,0.0002746123233646984,0.00024685821587595944,0.008988769831756642,0.3564855965965711,0.8837154937264183,0.000392164635491653,0.0006219831527790915,0.0032013724497166017,0.005468286979151691,0.00010518615562938108,0.0013986995138584816,0.012025058449123313,0.013842570105984974,0.0030074486843240994,0.018737689797776874,-0.01142018162269981,0.00038588881133976016,0.013236191534117134,-0.0013536749039237406,0.002386881157862112,-0.07999186966858556,0.01558166210912783,0.0026075674463246308,0.016991781362458956,0.07826164224880569,0.06951298713844539,0.0007659919986965226,0.0003392268161191935,0.003424856461039707,0.006992985857598348,0.0004156108918034144,0.0017532815653749098,0.017998510781654077,0.00010379951719965719,0.0004842843121075135,0.0025223868472371057,0.005789623205990377,0.0009675851675654662,0.00035529006385685586,0.00010403419664654998,0.04486528958308452,0.06378863965146646
13,0.0015010641496499065,0.006109001691414193,0.10886022189522601,0.35410779941767334,0.3343179395395557,0.008172541492410368,-0.01491212181079396,0.0006233257374990142,-0.026791176042194706,0.00040026294159957454,0.001585485278815052,0.008154571198504358,0.0032721904565979065,0.002735648143957048,0.3272062550930862,0.0016242774837041674,0.0009104361525607944,0.2517535850762372,0.2628521632037769,0.12627184701220165,-0.00556873649989633,0.0034869966406695482,0.01731474283109425,-0.003741753159185901,0.00922585319965336,0.00033423144998756874,0.0035970502793407247,0.001237915967415802,0.009490161347604852,0.017390695246938433,0.004878759793998013,0.0035419149996975775,0.02866219122955821,0.0028108357497207406,0.01397734726626302,0.0001494861728532637,0.003889098378741497,0.0280959355534611,0.002988311233495885,0.0677999104806366,0.00029878433071281463,0.00515929610080663,0.0009975910679028187,0.005071381930747415,0.020365925849767152,0.0025607796268557535,0.02275145604789644,0.33730335844643083,0.04609102136493487,0.0007676406268263447,0.0008191202501250782,0.01243717278387806,-0.003441950515077688,-0.10866497417247886,0.31648602472131626,0.0033610291227594343,-0.21609937839823004,0.015772191845710257,0.0011850231799969168,0.0008134333774785073,0.005784316549934047,0.1977281054512794,-0.18116390397302762,0.0010612080984618308,0.0008852779147413021,0.005663567225527451,0.004851766516488408,0.0003110331958369114,0.002067270429610811,-0.001402629930148649,0.01771343743673518,0.2649731588496055,0.00989509414547722,-0.000480543357238461,0.0003128190068058395,0.04317781964603282,0.0009613372988055424,0.0012497958761019687,-0.04026443292008321,0.07899345618345473,0.023257379977811757,0.05312844542192142,0.05197807005674298,-0.00016617807891521584,0.0019342454738305644,0.0003305903784580496,0.01706376115012228,0.0024506588645611506,0.0003161931624238619,0.012853392023677622,0.19422262568304008,0.010037074472728894,0.0006236069858748801,0.0204098752071851,0.004667583866009926,0.0008597040374834271,0.000688114372790781,0.00010385433401975848,0.10556890521201852,0.052493904303627104
14,0.0011560736565790631,0.005828603991937437,0.10623281638030152,-0.3713530304747502,0.3342104083902837,0.007937884065910047,-0.013884423729828899,0.001339742019209278,-0.022156878728619052,0.0006379549196424833,0.0013443914652631617,0.007701507135860944,0.0031501192444130938,-0.0008497159418520694,0.33157579463780534,0.0011169645828041086,-0.0017729553135859277,-0.26337123685789693,-0.2453575915631243,0.1295873297162614,-0.005790389311824212,0.0034380785725888117,-0.01679986353406257,-0.005030221237445925,0.006789660981688997,0.00026515550183232005,0.0035889404747339853,0.0012319126889148392,0.00911621394555867,0.012706781309044395,0.002816988318573752,0.0028494457451965077,0.02675241849643936,0.0034647439392893643,-0.008242205591617525,0.00011006603836512252,0.0032638081079535974,0.02412152257484984,0.0028324731266437834,0.06681378269835561,-0.0015661146754901711,0.004880670899731195,0.0007853982472041535,0.004730268132305447,0.018815061204663766,0.0037752169482621655,-0.02365066271583523,-0.35242824339287954,0.04271759363094464,0.000988508793877495,0.0007450568295872726,-0.011834947461176408,-0.00811648367445253,-0.10847158173837984,0.3194145394782818,0.0038746381930232694,0.19439440022662247,0.015917543669314915,-0.0009998552021216014,0.0008640515491928798,-0.0045260309962975535,0.13938585602624565,-0.1677038270922996,0.0012358972304035475,0.0008714200670952264,0.005825936539653664,0.01644130634122178,0.0003172624527035643,0.0016378270910472348,0.006650366599380204,0.01773497740846844,-0.2777129522699388,0.017838446079459034,-0.004885184586484598,0.00023852652725372264,0.04013678534695698,-0.0013906452295049943,0.0012060245363779184,-0.035365382835201825,0.07930776207853925,-0.01776298823248751,0.052410916831935855,0.0750462182119413,0.00952096701487478,0.001696284895052514,0.00044076624208683337,0.016985333521215316,0.0019276645630900103,0.0004078170155600268,0.012519145758822596,0.19642152463368384,-0.010051330132861715,0.00039217519194887664,0.02006908879065843,0.004398668007888922,0.000824718180819133,0.00031292392144589235,0.00021555003057486394,0.10227243884874634,0.05185431930267277
15,-0.00013278413543467746,0.003742817740113504,0.008300737431438304,0.2699493484107146,0.06784016995653688,0.00115786814612601,0.011056764413668919,-0.00022303345244472847,-0.007796463612451083,-3.226814224886049e-05,0.00023630670926761202,2.165961871715069e-05,6.850306398906159e-05,-8.122445443490764e-05,0.07392637620406184,2.4963999154310745e-05,-0.004657074816640709,0.18735390553205347,-0.7050979872313567,0.02625784847855362,-0.005044824101829049,0.00019250975459661024,-0.036012542146521616,0.0024940852405403316,-0.005887287333816618,-0.00018987841232273096,0.0006317392401155324,-0.00012892830295222878,0.0019194779903904966,-0.001102706285140486,0.00040697564662790775,7.091961950935486e-05,-0.004090414544104127,0.0013066485815571198,0.0005040926428418761,1.3532953504074435e-05,0.00020981104146060303,0.003436264409761171,0.0003976565129923622,0.013277480805317342,-0.00521698502874458,0.0005482270588059908,-2.2867904993797386e-05,0.0009521012902531799,5.9055164981614006e-05,0.0010358716989689425,0.017757173509502358,0.2328592443965158,-0.0045124334981135154,0.00020312884436032809,-0.00015941477155598585,0.005957412110791648,-0.007389955786189202,-0.007390400570644856,0.05010672621259566,0.0015646521699816747,0.44459799691656443,0.0033943002884010707,-0.002457951046751763,0.00014341847028137697,-0.0024873388081433252,-0.281012897868163,0.07584308445359014,0.00014295349557478794,9.904432312593514e-05,0.0013135906539936885,0.0293297682014415,-2.281685242819763e-05,-7.800867841074551e-05,0.00875111691844579,0.004003706253430409,0.1965075027304359,0.015055652822444846,-0.005719564987315153,0.00022312971840080485,0.004903472139580131,-0.0037496847443949932,0.0003639955244472252,0.004384219552743998,0.014170773396023607,-0.004179653469162476,0.007813621899765772,-0.017779318138251222,0.01978576615364951,9.355218101016801e-05,0.0001642323675762971,0.003128759392352711,0.00023979565221252564,0.00014055116287769055,0.002872110395498069,0.0404493070522368,0.005865989631447641,2.985173157284387e-05,0.00396117580059706,0.000106361377862831,-4.3421148799363974e-05,-0.00018773776304223735,0.000610788269837511,0.0005367681469880536,-0.0020234938298585668
16,0.0016107809521542507,-0.002875087702089149,-0.011394562410108985,0.06931311793587575,-0.18399027829193504,-0.002818198492005139,-0.02824447486328084,0.0007180876595782593,-0.0007555097213176876,0.00011790442827086522,-0.0015106946938218124,8.515962320458648e-05,-0.0001195219120858626,0.003268012295092826,-0.20922383164120362,8.230536790346243e-05,-0.002183763849758144,0.04765260977970644,-0.2507381575166566,-0.05500187133775103,-0.0011628143256126322,-0.0002685400280018485,-0.010077850500222857,-0.017810740004353967,0.018083910161170627,0.000337044377929191,-0.0014199695763062684,0.001046312918283442,-0.00261713587804905,0.008709919165447142,0.00020883493995476482,0.00018087932141307595,0.015431530274818639,0.0026551150657255357,0.005087233159351167,1.9463242333372932e-05,-0.00010360027683159467,-0.006158290242524275,-0.00011379346836160823,-0.03444582761485403,0.0015045238069375313,-0.001524793560351229,-0.00029773760237223473,0.0011481996869368706,0.0002775780289760582,0.005509633355029852,0.004637914139328503,0.05567423679847565,0.01503462033617384,0.00036872007351086786,-9.20646923821683e-05,0.0013298017484189592,-0.0018217113448701083,0.0031896078918209336,-0.11683419019362762,0.001054574187222707,0.14918784962824516,-0.009573614787340813,-0.0007504676475587163,-0.0002847116307815383,0.0036413458522089083,0.7971796290690473,-0.3293412152654452,0.00043202877428503246,-4.016749158754348e-05,-0.0024833090744817788,0.010226566212111272,-4.988922805916358e-05,-0.0004178565530641189,0.012333435746905574,-0.00765398556080675,0.05121263572335187,0.01014940504105502,-0.011371839650574755,-0.00017197882421838423,-0.011685652100856078,0.00037773883247538276,-0.0005693519267962621,-0.015519902146581305,-0.03300352112983238,-0.003855200505212579,-0.018192713076317257,0.2127955214080532,-0.023946463335595292,0.00040264798043493366,-0.00036101526403952485,-0.007973907909524004,-0.001759856152825502,8.441160569012691e-05,0.004001239354681314,-0.10694456293874208,0.0014100287173509248,-0.00025627683618063856,-0.010240212560838388,0.0020332433820668067,0.0001746731670598128,0.0007715846689741249,-0.0007232016076276718,0.009168638134101917,0.013171770936778286
17,-0.0009445442563890968,0.0014455081186974597,-0.021726953063872796,-0.003842903642472556,-0.015898661213123083,-0.0001567312567189033,-0.07033348150642099,-0.00010550555519700522,-0.00508259247766165,0.0002656657242511226,9.931693679823828e-05,-0.00026676816974846584,-0.0006376082352188284,0.0007556197816208088,-0.02576841991247532,-3.07451941780057e-05,-0.00036051862597388795,-0.0022963390381784497,0.013983887079525002,0.01311742708804478,-0.01222706327972524,-0.0011775294153822148,0.01126073017670982,-0.0004284111232045404,-0.006702512371131633,-0.00018426421382901283,-2.715580786279018e-06,0.00031488721465848003,0.001369985841952288,0.02126931108691357,0.0009951062370172786,-0.0004390324489711335,-0.007331726197732685,0.03442373674342362,0.004365233136473604,7.161363844696012e-05,0.0006497544483682217,-0.000289324116609398,-0.0006978164932304961,-0.0035741100053078394,-0.00047884229961225877,-0.0002867963812106353,0.0006730202676376639,-0.0023362051806692236,-0.002186458057592415,0.011281513276230176,-0.0003634051698690004,-0.0002779620734208923,-0.017477614572200987,0.0001116074440631736,0.000184331692940712,-2.6389896344769168e-06,0.000614844809543995,-0.056531645447038884,-0.02220411291494074,0.01321332466016297,-0.08478507480153563,-0.0011332097706897493,0.002065107483990031,9.64805161414819e-06,0.0009691850035233023,-0.2473294355386067,-0.0002636675730735283,-0.0007019805804595882,0.00013778932369160448,0.0012322522172098821,0.005519729341519574,4.973808996087091e-05,0.0034267982419130534,0.011483647965417072,-0.0002490441819507751,-0.002183849083000478,-0.016363847976873073,-0.0052172158786023826,-8.193076627844437e-05,-0.0008685801884482261,3.924890131130204e-05,0.0014565837068076998,0.006919204050046084,0.0031954451755014657,0.005469694806760495,0.0017461481127329787,0.9531445714464184,0.09064351436719112,-0.0004062797837086885,0.0008186006484488202,-0.0011959395872526988,4.402370560787627e-05,-0.00011227795516397226,0.017799921391028522,-0.013484657484161968,0.000170525750845033,-3.848668902104902e-05,-0.0008806631317454933,-0.0013031133719100295,-0.00037949066764492157,-0.0003608210395270868,0.00020709882235398326,-0.01773122618053785,-0.020809557416566305
18,0.00026775704282749375,0.003386486849010984,-0.004074991948289562,-0.005207932359160317,-0.004472150600925342,0.00032538521357509606,-0.0007315794305208296,0.0052762541905501045,-0.11068061692227298,9.83285035734277e-05,0.0019552944698076925,0.0012961641220217077,-8.424717811927798e-05,0.0007129967709854079,-0.020025556377835256,0.0002036971494241667,-0.027083174214897712,-0.004121363378036029,0.02311237532912934,0.006806060249714117,-0.025386622783283606,0.0006694490081988201,0.00045815213009473867,-0.023774839197927708,0.0038470844868447145,0.0002134617460241079,0.0005386281673304781,0.0002271143733481966,0.0038497297780111213,0.008498506524021735,0.0007744363228977019,0.00035928202806025404,0.002259724368383592,0.003602230605273273,-0.0007040355945212044,6.247028621431117e-05,0.0027115640556238775,0.0026148506974435796,0.0017113846783201841,-3.8961961112574627e-05,-0.01574991875287677,0.0005560300224525288,0.0013720502223385123,0.053678776733705795,0.0012756505953385802,0.0027689767331519222,-8.486125701169349e-05,-0.004034462514502703,0.0008507094869017011,0.0038922044837504826,0.003063589342248034,-0.00034821255417949654,-0.02123085539318665,0.002768524384018572,-0.023307210029067965,0.002836361075848441,-0.02956842703746599,-0.0010348428520621867,-6.778056672703233e-05,0.000609314057763469,6.68394603194069e-05,-0.012249975174776634,-0.006757705092172654,-0.0003356134809858879,-0.00012049857260516741,0.001779866710831749,0.9694538224697176,0.00011393625658520819,0.00027378987186515877,0.021327831151263712,0.0005699056519380047,-0.004094835198822774,0.19027630229899134,-0.047372410126262365,0.00037222146542758433,0.006851485450510085,-0.008320238107363669,0.0025778656946146943,-0.0015980148074207882,0.005932447530807912,0.0005361532489416864,0.0023480320936004277,-0.01210374586143825,0.003273955320113124,0.0005738811774701994,-0.00023663127476122658,0.00028658805536223894,0.004233143055292959,-0.00015035784040256855,0.009689472631347885,-0.007052370988147859,0.000633253092733368,-9.554162822430262e-05,0.0003421753166144223,0.005029184604517249,0.00048605745504967115,0.0013406563003731144,0.0014920628699255905,-0.003746260840661082,1.380481337016036e-05
19,0.0005139294012391434,0.01426903820727308,0.2843507617977781,-0.001858740092458084,0.013431687577609736,0.0017976394882887672,-0.00551734854287028,0.002359609911645664,-0.0018524560047067096,0.0005718439053800789,0.00023065414177363824,0.012064233129613432,0.003498144163342357,0.0002651145985458833,-0.7216993352713325,0.002835875088374587,-0.00027499447423580403,-0.0006548536594454413,0.006538488279669097,0.27158938141038136,-0.003382252073998837,0.004791103434541281,-0.0008306098386471419,0.0015441760370886737,0.006597235038945298,0.0003031449579311437,0.0035356066594441427,0.001553185333637166,0.017751996649926154,0.024245931176016172,0.006793677295193252,0.005594015258657468,0.029008613936205366,-0.0062291392629510185,0.0018889687556818574,0.0003948999743279627,0.007160079714020065,0.04604114443075069,-2.1276580767774073e-05,-0.02044705250959746,-0.001108952373745531,0.0017211201501731391,0.0008988347297786337,0.00536079105094651,0.04348236701093837,-0.0013307546281139718,-0.00031178398037709975,-0.0015531420990867444,0.11324992532314167,0.001489921853919102,0.0008016274090918013,0.0009500554164593474,-0.012872375552403087,-0.03559833652421643,0.4549628942848185,-0.0039745907045680125,-0.005157634157586091,-0.02821446881220845,4.965327703130765e-05,-7.621957590136586e-05,-0.0007469177282839225,-0.12012813953915562,-0.055125642566490496,0.00024881360609645825,0.001312787866459116,0.0049872251121786835,-0.016943056152337384,0.00025818982934833375,-0.0007995313158532576,0.0018036256695814455,0.021159122094347515,-0.002134844609257511,0.033811079995964534,0.0021677009544212034,0.00045419449657387034,0.09047307254862341,-0.0009549974011942436,0.0013239182930225124,-0.08394504738510328,0.10014019220216547,0.0026651322046510268,0.0759414156986177,-0.03388679310372893,0.00694009418279835,0.0010755193138194499,-0.0005784185320280263,-0.0005407384402878589,0.002133410702203674,0.0006102821724905585,-0.010585759334177599,-0.08514806838611333,3.0356320082018445e-05,0.00048286530717017766,-0.007837818762864693,0.006776231331257515,0.0008759662490215184,0.0014290638397166898,-0.00023850070734595524,0.16715674868777824,0.09100081102032895
20,0.002468898677821031,0.026821143651706,0.047281881030839135,-0.004275857724332394,0.2521497834598563,0.0025749331168745115,-0.005496914744281621,0.003557096461280211,-0.007978547864532948,0.00013947578876005728,0.0025136607550988593,0.02186213292677755,-0.001068238870107402,0.004624224723237577,-0.05646939852261107,0.004289580696529044,-0.003185726682113185,-0.0012831751308441906,-0.0036643105274504935,0.6387495087011846,-0.003655226227696512,0.0007063852241026968,0.004144714610947381,-0.00032196730694737663,0.01111277779042448,0.00029973908889921984,0.004211524550195775,0.0017444768779291135,0.03691998917084137,0.09382944838379703,0.014610063550126777,0.012456306325250579,-0.007485977156495805,0.008101902539145946,0.00019860581583882307,0.0001729043683678373,0.015034349438892324,0.0959015270167207,0.001740858724769974,0.0496555087392966,-0.002111148763723425,0.0007467948323215991,0.0021219596498783903,0.00985502453235982,0.08577185121477894,0.0028808573399142874,-8.099237545197702e-05,0.002086908254973945,0.031925267022327175,0.0008935905672785363,0.0028163364387499,0.001377453371137672,-0.0013441232459508005,0.00918980758760371,-0.6178093619474523,0.0015541489500907903,-0.0062802417007179305,0.0015587998688895005,-0.0003427883827008751,-0.00026805954040482914,0.00229080136752506,0.013662207278511529,-0.022001439871907363,0.0005892366889664992,0.00012529025391961462,0.009551987637102289,-0.04800866444628783,-0.00010219855022304504,0.0019935549815993958,0.007479199478502717,0.007639310207375563,-0.002444616721679593,0.10984024811072063,-0.0031146965895974266,0.0013121531559107018,0.20864498818518784,0.0007004231086406992,0.0037706657442520015,-0.06239871905021194,0.17001337554052082,0.004343572599414104,0.07209262966118873,-0.023293295961908378,0.06446672136726257,0.0018629871470427393,0.0005102423577199809,0.00359115374624142,0.0027590444261855014,0.00015068194612152938,0.00428687307404409,0.034306792310847614,-0.0002587297828319184,0.00089186847643312,0.010030428188396886,0.00636708971143404,0.0011076847738347025,0.0012049034841982442,-6.848353461538087e-06,-0.07435071427310942,-0.01060003322112954
21,0.0015479094861845012,0.018685060884284878,0.5070105637486156,-0.0014672333439134794,-0.5981713576077577,0.004695074127866045,-0.0021299962299245745,0.005468516136785409,-0.015034070857298881,0.0006254066732297447,0.0007915525761256845,0.008887915824432963,0.002125798236158355,0.0010250222829703108,0.36246297594688515,0.0028589316970241696,-0.010367401379257804,-1.7399372522187984e-05,0.002943539795941639,0.08923550157812762,-0.0019055949771692032,0.004760025927016131,-0.0006483057804193863,0.0012641803177759203,0.013745091252344521,0.00023543988932528967,0.0007699829968432425,0.002069384738776747,0.013432742807562605,0.02062108575623657,0.006824876330716417,0.003959049105357321,0.009527824236031109,-0.0022922869397863505,0.001530543656182052,0.00025708726743807475,0.008454204084143827,0.033726397873725875,0.0023858305822654635,-0.01288896894714847,-0.004256111861324574,0.003230838645855663,0.0015754199716485943,0.030581897015216276,0.05473686839437569,0.0006479700968760717,0.00023486924328575652,-0.0012848171555179116,0.20178950184051378,0.0031199248050725907,0.0025866542793674396,0.0005319708874714033,-0.02366108765369174,0.007278817698560036,-0.03119410385703692,0.001527085281187115,-0.012408038240122824,0.01409201476685116,9.568839373722817e-05,0.00028735748250240285,0.00032774382179795447,-0.07863080087715617,-0.05929078985575928,0.001881797960661835,0.0013593960554890185,0.0010670724955985076,-0.0713098608354043,-0.00011027659775199317,-6.013998380626677e-06,0.014027129129030556,0.012811974553402869,-0.0007048182833666325,0.3467619183355867,-0.0053569316642991804,0.0004959590317750728,0.08711207249355202,-0.0021611919813247548,0.0015368469791769235,-0.06593107916086535,0.002221386876998639,-0.002301459932053041,0.034907320613194064,0.00020505592196670697,0.022913793684455133,0.0009456433680871679,0.0003470311856963277,0.005602783461341528,0.006581170959856889,0.0007503014553537548,0.0018608257533640283,-0.09627563692455304,0.00018217947179522635,0.0007503290841244063,0.002180469985786757,0.00882717261505048,0.0012659426001219226,0.0017185421914451618,-0.00011553150660794514,0.14853821966370098,0.12374102164486808
22,-0.0004842821478680689,0.0021832978060048504,-0.24214389752149543,-0.0021296309308418155,0.17346941845140695,-0.0028494598679392677,0.0037824909632043473,0.009952470498832836,-0.034827423827954965,-0.00015633392191800183,0.001967645393860195,-0.005655280626932931,-0.0015178251597203728,0.0007374951310814351,-0.10704225770142567,-0.002111480627252929,-0.02116153405808516,0.002863563949917348,0.00042410524945144315,-0.11375179305707371,-0.0024128153205732333,-0.0022728967723373325,0.0012807596184011042,0.001894279751485109,0.002472835985300653,-0.00040883555125420035,-0.0008174910718526584,-0.0010069707845226216,-0.007248375412822097,-0.015889033879764015,-0.004371201822793962,-0.003681415714737693,-0.005776954636951345,0.006389698126563857,-0.00035275920070275066,-0.00029323214886301657,-0.0017105540464995629,-0.02968490290039205,0.00021595375440003868,-0.004324073579374378,-0.010475727683384034,0.0008073126803030571,0.0018961635821417124,0.05571040133765151,-0.0350075999432777,0.000402652733032886,0.00016481690305259042,-0.0006196202918588357,-0.07637226800199319,0.002522342377542252,0.0038929001355476264,-0.00023964478875294795,-0.020930026272689188,-0.0023524385516440344,0.07840448735749604,-0.0006981444876136434,-0.019446665912674913,-0.005652725695719851,0.00022412774266275613,-0.00024717664516798283,0.0008085250153058911,0.012347821789411094,0.011019920172615758,-0.0007039005194731205,-0.00042484671930837197,-5.2841835314180975e-05,-0.18597124988682884,5.681252069994827e-05,0.0001676505058204878,0.024399641057571517,-0.008003541265263066,-0.00260951408913447,0.9010962546005131,-0.022905782099516894,-0.0004189402143901788,-0.06701102473327673,-0.0019014978677636823,0.0019357505959551097,0.039732954241333766,-0.02977979316212829,-0.00024155101009927862,-0.02640440489518687,0.01103961578512877,0.003841426094155746,-0.0006453674286752966,0.00017405452037762,-0.0027728716094366787,0.006858931231959251,0.0003972273633582983,0.00424113567905536,0.02570330461068947,-2.0077016043035462e-05,-0.00015100083623127597,-0.0023199686690619824,0.00011963549907067616,0.00042448468825147614,0.003326102771211561,0.0007636897177010077,-0.07956760546485192,-0.0590719734659247
23,0.0011114681707978078,-0.006772084774064796,0.4609052586749725,-0.0017803555213281447,0.395252014156105,-0.0015671686964247034,0.021813381587611036,0.0020374671527012087,-0.0013388376880857228,5.182261731005722e-05,-0.002880561548951782,0.005589480918336477,0.0033047108904945624,-0.0026093450470594665,-0.13704257669586042,0.0007092580739796184,-0.002485471077599305,-0.00046666151167225854,-0.002984076591035405,-0.5195192409479603,0.004577190008506454,0.0033775348437691324,-0.00015861532931692526,0.0021888028698034256,0.007888997015201855,-0.00016530088763146785,0.0012813814579519293,0.0028326502758606927,-0.0020377714909213113,-0.06210996986105508,0.0012683000390036232,0.0012669318735775287,0.006962251348206482,-0.03272561922817007,0.000331651288996791,0.0003211213689962404,0.0014481500435340189,0.01736905667948488,-0.0019252192357788165,0.023779332583320635,0.0016940472750403696,0.0012404017423213848,-0.003108801308281296,0.009188676856298861,0.03266657772534229,-0.003819138634545015,6.0973927481920015e-05,-0.0018730115924808846,0.19926065348776628,0.0010726615172411014,0.0005031366300037032,-0.0007764142170787065,-0.006109913847259341,0.01231602862148929,-0.35055793438879146,-0.005011023656349618,0.00321413079004549,-0.004103454293842181,-0.00046211837908245994,0.00039652408695903143,-0.0005377731209807775,-0.045261871477763366,0.003128884748527013,0.0010195320609524845,0.0007665563753960309,-0.0038360120045962324,-0.009152637155387614,-4.7141077321829605e-05,-0.004967479521260393,-0.00046652352164511246,0.0023697281350715414,0.001489693801117532,0.03753204002317241,0.003158059757589954,0.0002458085033390234,0.02267475116323836,0.0005646422900267289,-0.0034943072591126587,-0.0007104643484471124,0.02719975624305214,-0.0030098461687140367,0.017687847053173326,0.050337458217509394,-0.34369220378090426,0.0014469675064015639,-0.002463736743883482,0.002698605867794914,-0.001554802190163426,0.00023331350537681046,-0.01513022187075199,0.057629985089879654,0.00010690422938185607,0.0003083690696330771,0.0030021517416797157,0.004762436974508441,0.0007326138072418183,0.0004767614428678735,0.0001233423345478158,0.15522389985754625,0.13605692716482728
24,0.0007835518872619172,0.014585346013099514,0.11744916847867902,-0.0003213027797701433,0.11955586591906851,0.000985457573162242,-0.04900306937700136,0.0007458762893923845,-0.003374116928452582,0.00016748993272013707,0.011570623624739824,0.0032071974438097547,0.0020451453630532593,0.001793383981753733,-0.06233807006689092,0.0016824495707615725,0.00016304274426299885,0.0006867742809394733,0.0038556570464838456,-0.27663700391710505,-0.002894751152418603,0.005027609309903553,-0.001724473084527484,-0.005617279445395959,0.004519328121701613,0.0004507782351978731,0.0006060362327764686,0.001691021982293977,0.0018841523107506128,0.04208917680187915,0.0026384224307225796,0.0019425235991081785,0.007916090969996188,0.08470706622899808,0.003079430283563046,5.719183462090521e-05,0.0020627394533917105,0.014289125803960884,0.006682167638782761,0.011492727055531832,-0.003186305863462323,0.0013491101347067422,0.007045687288396848,-0.003715775102107011,0.011301866641605263,0.010652233777831742,2.175799284243659e-05,-0.003863345614025124,0.04929951155175618,-0.0002483211455775237,-0.0002069929617525973,0.0016173809647401407,-0.015610421226823549,0.01395954377096494,-0.10602190081788451,0.01562366705656198,-0.008197695292052484,-0.0008024960220050842,0.0009435310443301695,0.0002445957999564555,-0.00018711535730927533,-0.002798209298778387,-0.08170322926685387,0.0005424758264243245,0.00015566183292451785,0.005030906730158569,-0.006801150912667638,9.81501875246954e-05,0.013804156497275536,0.01860925964178016,0.005730025607728863,0.0007546420775374841,-0.0107171231702697,-0.0076758689828387225,0.00044689503584327767,0.01434524210275226,-0.0028072993258785456,0.00840359797329472,0.005909245522203413,0.019322364652032548,0.0023181665374694843,0.00398818553640665,-0.08827796685576472,0.9130758111761519,0.0014384084016034998,0.005130293902104452,0.0010706532863107234,0.01682298380151945,0.000319770821823106,0.04183350888949923,0.022711671620605226,-0.00019798088992316107,0.0002568198693676574,0.002124340520502616,0.002778558428904274,0.0008228526575871512,-0.00023323291037914695,-0.00024143091386708503,0.09665840321993824,0.05277462225929805
25,0.0053928138623992655,0.02069169134258253,-0.33195072593934993,0.00019842682025607294,-0.13019115242591903,0.00036903338448529555,0.005493737597268233,0.0001132991089052059,-0.001909289014530885,0.00018645267259809195,0.0013186528488823013,0.05227039064148581,0.0009924481582890832,0.007992849267056429,0.01610181717647867,0.011670245531152923,0.001335884063029119,8.577949686433637e-05,-0.0024031354535335183,-0.2755614995692515,-0.0007287464730189042,-0.0009903466370191336,0.0005459516471521336,-0.0014336360946684001,0.02586814103192343,-0.00046515693078155967,0.010284604754263134,0.0014241224844517043,0.07330328242631114,0.13106147916312472,0.03649291646179112,0.03680794312349052,0.03569865225006147,-0.00278570685974416,0.0055890978643540435,-6.751364309376872e-06,0.04407373330542301,0.29374325512206145,0.0012150588949576418,0.049558443650148845,-0.000275687937351915,0.004579369710439977,-0.00024853612389763265,0.005314250716836175,0.2561897330469343,-0.0009741119103019872,0.0004265953370886028,-0.00495229426000921,-0.04192151930859882,-0.0005748351020374255,0.006018373798706234,0.001881093406726625,0.0037126702764955916,0.015247006715119651,0.04769860154034092,0.0008027354757254795,0.0023049359129651698,0.004870644930763444,0.00024494660101550387,5.1978347463803765e-05,0.0062444926984026785,-0.010941046716879205,0.01889497516933866,0.0006763846849049997,0.001010149515890955,0.002294901040776958,-0.007840680080011844,-0.00017679312605800877,-0.00034855491444882184,-0.0011020256949137407,-0.005422586810753716,7.956199846591294e-05,-0.0016242181603625637,-0.00023637044384487021,0.001329746643316856,0.653279117604842,0.0003265893702390221,0.001215315455225169,-0.014594474910665733,0.3541646139380784,0.006707721050284551,0.09022377887585126,0.001336748490112543,-0.06793038020173482,0.0018072559467974137,-0.00032341488228958173,0.009397385040044028,-0.00098026588594437,-1.9949294055230478e-05,0.0038558474803683336,0.0014933361567998765,0.00024866186033125015,0.00020274476375767617,0.019188828816411808,0.016881114788635472,0.0005821978394590525,0.002442656105024598,0.0023472868628803406,0.19630219015371347,0.002705045050914545
26,-0.0029093255771669557,-0.01597637313063137,-0.25325360615189624,-0.0016544716066284118,-0.04462532168542149,0.0038052824796300233,-0.0015572701651988263,-0.0014696921028066155,-0.0022983035083640607,0.0005899526181669945,0.0011588544816245605,-0.015721787817821395,0.0010584512342599467,-0.0030891398308153795,-0.007608579833637316,-0.003791012090620346,-0.0009185161835287697,-0.0011258119491479469,0.0006392272136524263,0.11189804747592572,0.0016267797045536742,0.0018168986597055096,-0.00022637199251771033,-0.004962875630190232,-0.009899047515807557,-0.00023516524297263188,0.002007338463791341,0.0010871424302638499,-0.02311940578860417,-0.05759156101415627,-0.012733754676497748,-0.011511494314046144,0.06544601502060532,-0.002355745964460473,0.004966561439654664,-7.161207712346298e-05,-0.016753146222351568,-0.07837415035290941,0.005017676233326242,0.051244329404436656,0.0008402309603102315,0.006007851655413168,-0.0005757116947907926,0.003318495091045943,-0.10878649250357039,0.00033562752208463097,8.486587958663025e-05,0.003913369028332006,-0.08787708999344904,-0.0006654321269988204,-0.0029148053002326924,0.0010279928939407417,0.0020232557036065912,-0.021267499806576384,-0.1597864183837649,-0.0009740347296707877,-0.0007171068447440832,0.005288174460201613,0.00023950078397991028,5.670813487032448e-06,0.0005228979877402337,-0.03374666611184932,0.013165256707859993,0.0009210794798321345,0.0008892223512777422,0.005657106800352504,-0.002864222442677554,-0.00015286804677155648,-0.0004864852428317748,0.0027082754160872545,0.006074791101654946,-0.0005624815250065825,0.013268868703605271,-0.0007250696508576543,-0.0009523545489609582,-0.25847766193816735,-0.000564758008256061,-0.0003849480977961119,0.005677039838119912,-0.014462786104015052,-0.0007958001926949864,0.010109101588002253,-0.0011395672492938262,-0.029778082503445616,6.877276898451792e-05,-0.00028828611778973,0.015103738388268548,0.0008517637623568098,3.3578158597103586e-06,0.005664984184917224,0.0367706377770986,0.0004646523823437825,-0.00016884869678944036,0.0076109649209560645,-0.005287022843655593,0.00042833925012963295,-0.0008108601365640084,0.0027206856576743703,0.8850010896263609,0.05343095796482219
27,-1.973304027469606e-05,-0.001411476129783525,0.00015498929334704234,0.4620701795468659,0.002096036869513556,9.332599932807396e-05,0.00013985125045348117,0.001574466118835065,-6.575822518902364e-05,0.0002686064469150217,-0.00029658479400066883,0.0005064167461821398,-2.1878287877514493e-05,-0.002029643362774833,0.0008494781819299211,-0.000251111811373796,-6.936244734987405e-06,0.1425197642728284,0.021904944043758357,0.008426045832512843,0.00042158820963954236,8.558761805885543e-05,-0.001663078546880559,0.00018951491685829935,-0.001762829445682932,7.348549316560024e-06,5.889541209134976e-05,0.00043906415700611587,-0.001424446507314747,-0.030147917828317564,-0.0003277069753240304,-8.125595727024627e-05,0.0014489311701433721,-0.0006566098282557277,-0.008511554644792111,-0.00012200367617120657,-6.434372155391527e-05,0.0016262541832888291,-2.10714100272577e-06,-0.00047639889344132033,-0.00031188379363138174,0.0001941008462297809,-0.00021535384756028248,-0.002620223262000316,-0.0017453160155436048,0.00030875543789833215,0.03224954859766117,-0.8275833022588395,-0.0026247513639559884,-0.0005074367952381377,-6.234741427966345e-05,0.003490052173086713,-5.8680504424181434e-05,0.00020181434915389485,-0.00239321511033902,-0.00039573083497186905,0.0011611843209637304,-7.62407703113093e-05,-0.000367387701275172,-1.5319321343187703e-05,-0.008442905910675515,-0.0005410683564726348,0.0032127732843683296,0.00011822249447415451,-0.00015175534535820655,-0.0003791058691025573,0.0006031073646823697,0.00011094738785671692,0.00022115430752840746,-0.012463381293488361,0.00048632788283071516,0.27894587055219233,0.002145226884148343,0.0005900791038406239,-5.92000922259462e-05,0.003384624880808422,-0.00013748250696266062,0.0003305838093018075,0.00037310715551802653,0.0005652218914890886,-0.02321176085018399,-0.0007102512908845164,0.0031786453652938914,0.0006998266199288207,-0.0005155226631654323,5.1688620926551695e-05,-0.00012953292565714113,-0.0003108861007603595,-6.690288087230043e-05,-0.0016382585566642339,-0.0016086180915355353,0.004593448982035893,-0.00015044511647459042,0.0005416984214398589,-0.00014193599426196284,-0.00013562966271812242,-0.0004064293908812161,-0.00010867903652416963,0.002169500148219889,-0.0003962250143223871
28,-0.0008467601814779675,0.06360098362573556,0.017411509728744418,-0.00019434882503406407,0.035942780603270504,-0.001605812758516914,0.0018782166752130403,-2.4160958923134107e-05,-0.001291813612422258,0.000916656051061171,0.0016023490802449733,-0.0065510912318800935,0.0002119252848207919,0.05968269938186778,0.008077585965340986,-0.0015490448261575793,0.00021567331111541424,0.013648884190379337,-0.005709955138669949,-0.05518302534668963,-0.006123188308894363,0.001461213436692282,0.013536320194550753,0.0006121036393659171,0.02850662859038775,-0.00017726499132509742,-0.0021342190282160117,0.0018817999858076273,0.03590570937537749,0.96612094381116,0.01220927868150896,-0.0015088610728083637,0.002643381948038254,-0.026186460984215648,0.015397401287079079,0.00016459005506515995,0.0020378620870220715,-0.05332015275214276,-0.00039883385676242047,-0.031066906862143234,0.0004397355683346607,-2.367335553406466e-05,0.0018563254045612914,0.007606414576833597,-0.040184880523755184,-0.0028802072865169864,0.0007886198827725668,-0.03176144194701441,0.003132046995252328,0.0001427980539000671,0.00043016590751978473,0.007816469261137184,-0.0008760425659645257,0.0009128853577435431,0.009086621067719092,-0.003926343144178293,-0.004047663908712993,-0.002913125964525718,0.0010291467702436587,0.00023051932911415877,0.038156748365971944,-0.021338965857914477,-0.013327338385819024,1.4785446971114433e-05,0.0002381556417074438,0.0038343806478467815,-0.006557968137127861,0.00023235512758699312,-0.00019880049695514788,0.03483166381117341,0.0020432177717275885,0.015205991499422027,-0.006780014516653127,0.0017815354723994007,7.175799971111813e-05,-0.1232421461544029,-0.00010758506787790847,0.006551554744895271,-0.025967435456981096,-0.10871550161095331,0.04837610891556758,-0.035017991108923674,-0.018710380841471946,-0.06388143657919829,0.00013793573443462038,-0.000464035625912857,-0.002763909339294744,0.001280369928264489,0.0001156510210769937,-0.0221574129480049,-0.04385835415669545,0.0014961647549677432,0.0009161791634069871,-0.006363237387848293,-0.0018391990733447414,0.0015839176125878479,0.0014677247517638908,-0.001969448947297763,0.036941320223762654,-0.026321623332110487
29,-0.0005287129831539447,0.004154096989378089,0.0023222030594064556,0.0010981419028332144,-0.2959930554261136,0.0003062548917293871,-0.000213161498269384,0.0008810445437810012,-0.0011419960935066253,0.000457572571882333,0.0002569039130938984,-0.0013126684563443056,0.0003156579151571497,0.004450358909339851,-0.1780624843255193,-0.0008426550549821277,6.37225187324602e-05,0.0044827215498935945,4.333227407950051e-05,-0.049384049951397,-0.001077383865219328,0.0008873357193586689,0.0013456397412902096,-0.0009642888168514829,-0.0012193308653455012,-1.678595618328886e-05,0.0060084236618080855,-0.00047657065991800127,-0.005221593621095803,0.06446278025301182,-0.007645315571934324,-0.0027103441582060524,-0.010324416519885044,0.024756474467651817,-0.0003458584790986376,1.2100545241727767e-05,-0.007886511575357157,-0.009328939759038632,0.0016561756763220736,0.19234492233220413,-0.00041090441311869563,0.002617664791411431,0.0008023783506325755,0.02336379345930964,-0.06380357438723841,0.004105764815094331,0.0002440631523557401,-0.005044162573374469,0.010696889245400715,-0.00020949163274113945,-0.002252438773693695,-7.562227011394165e-05,0.00031905223063651705,0.00012832340136698095,-0.06437357951353122,0.004593074095052511,-0.0018964916812175547,0.015426415678047424,9.990587075541977e-05,-0.0003922685161685518,0.0021330509020352963,0.004376962064987486,0.001810287704438085,0.000331310055552707,0.0003952481791336315,0.0017147888158402529,-0.003019832927196006,-3.0631935534250476e-05,1.6731458031511237e-05,0.0078492441655003,0.001674698042384001,0.0005822289664817585,-0.0026313535190984863,-0.0021441053501043174,-7.235234272190416e-05,-0.1747333974351114,0.0002082130635304158,0.0011949480175992965,0.01020547366542477,0.24004038670062067,0.003082293308916819,0.0793528276485146,-0.0010865245729237433,-0.01817922500517205,8.250626691523542e-05,0.00029855099574441354,0.00994458613008599,0.000936766990940772,0.00025711559635733985,0.03533409005248069,0.8448366465075582,0.00035784591154642447,7.688845378526457e-05,0.02849268188757959,0.00023822593926437277,-0.0003777567240991057,6.838023199958951e-05,-0.0019047202007409052,-0.12175847600068354,0.03275516083096231
30,0.0002502529490812336,0.0016614860273883028,-0.3905971449269078,0.09269215395026276,0.004127847561374728,0.0033321436197642895,-0.003277332247634231,0.004743718876635368,-0.00021945403770139236,0.0007595720034742799,0.002686253471266496,-0.002287319152212859,0.00961138016978449,0.007167498705030728,0.013012053452743975,0.00357648185593204,-0.00018037077224718895,-0.044348682497287656,-0.00013050011048514575,0.031464120072662756,-1.3269830345996603e-05,0.007279127810878996,0.00016829174327675145,-0.0026490508631187293,0.030506965257502825,0.00033640684267834033,0.0005133437518144184,0.0057906785978378405,-0.004122547099622446,0.0047891653972034,0.0014596774568163516,-0.0043838583456489045,0.0036487476780160894,-0.00464448244657847,-0.002698663613157958,0.00011201913859039403,-0.003558235715501651,-0.016877514195758378,0.0032112830149717657,-0.0005422329136503816,-0.00018656126312879828,0.003265736237143278,0.0015613870105389877,-0.011882766548903044,0.03566737701120413,0.000766940741434189,0.0010737108274864828,0.008903082384716264,0.7450324150155846,0.005717461488772542,0.002260770543397645,-0.0010987098517162616,-0.019031568792778605,0.003664543852123857,-0.00035233963930997314,-0.00235722904747138,-0.0032935337748399383,0.00033179879676429523,0.00014686037712323895,0.0004684754566683727,0.0025834628447002983,-0.04237439687621318,-0.03240742752851086,0.00364000194546586,0.002806921227154551,0.002906081312276604,0.00043444048983392464,0.00024915776956676086,0.0003587113007912507,0.01682506585625477,0.015895138905334272,-0.0936787470477654,-0.019171787826857495,0.0014970947455909406,0.0018068151470432975,-0.09942423749277102,-0.0010843875475343434,0.0008480729309203255,0.01928069565804532,-0.037877718830347074,0.0012403669879117313,0.023402481254567595,0.0015491578484174602,0.00090446810769018,0.0034552192769892226,-0.00016377158963899133,0.0025776692230038726,0.007751894561496068,0.0008609758602913706,-0.008046678578852284,-0.044320658701109926,-0.002398427640255981,0.0034763988858699363,-0.00036212692504610324,0.006665174055206752,0.0026970097446769445,0.0008350630215480381,0.004171778461994744,-0.09708197964138786,0.4905093297558308
31,0.00016998131511397242,-0.0002914355411489959,-0.05617816293896703,-0.6489144752950338,-0.0002855310128891701,0.0007866738109555344,2.6337837323483528e-05,0.0010047861060197036,-0.0001774648393822265,0.00014659341606694694,0.0010699815494388584,-5.617176470481752e-06,0.0014768002139571193,0.001969839838539761,0.003550202439629018,0.0007334846302613877,6.534344440473289e-05,0.31837785313319716,-0.003732046106769622,0.005436051250538351,-0.0002394199200850683,0.0009355834555974665,-0.004940193600833536,-0.00025834188933233915,0.004755477961994513,4.788005753044496e-05,0.00012350440558728715,0.0009416905168951805,-0.0004915629070746646,-0.016757521972077118,0.0006734198279814748,-0.0005007249491741327,0.0004620836644538672,0.0015604181101304656,0.007828768096084083,0.00010237293477735089,-2.196849250218902e-05,0.002651074503251357,0.0004822844135967788,0.002813933067794613,-0.0001897980128363532,0.0005109889355125824,0.00012351822566038229,0.005698338283562518,0.0044035730484333225,-0.0003951907028209821,-0.0048059876943075345,-0.08160507889945035,0.10113656665713015,0.0003818680017736065,0.0005935339191097087,0.007711992973101779,-0.0019137578020366058,0.000558189881052551,0.0013483630961250298,-0.0006044519110818668,-0.0012118982634840604,0.0004069175042745038,0.0001560402690673769,-5.1375447666480805e-06,0.002012427975671609,-0.007022689627508127,-0.0061152008801802354,0.0005890410802884238,0.00044221187564099566,0.0005271023238504488,0.0004983550621234199,-4.883024213446431e-05,-7.14303051731111e-05,-0.00484959841864651,0.002662868266334409,0.6708163532239707,-0.0038432363131799784,1.3487424532152015e-06,0.0004700295477154427,-0.022792950373765726,-0.0002350526254870644,0.00029849353221701085,0.0036608582398883205,0.011330787065479485,0.006580100918071699,0.00751071107306988,-0.0002519465342263674,0.0005368066760277658,0.00048054488988761353,9.822655068939597e-05,0.0004514840566981664,0.0008466076200706941,0.00020696812300958025,-0.0028007030386660867,-0.014870437278927024,0.017701373481565787,0.00027854512817368716,0.00041442370610044865,0.0005341257750609129,0.0003291819827742192,0.0005722791238513512,0.0001602125401402284,-0.017408548269188293,0.07170582597531518
32,-0.0020696270330566816,0.004707301861620029,0.01994215516608941,0.01266746195737967,0.004090917565380339,0.0033142445919654637,0.002216249853900329,-0.0011391058298469703,-0.0021714995819067037,-0.00027470873131256457,0.0006768329065075795,0.0034629220384058343,0.000912899793497012,0.00019651644850800232,0.06622571535789458,-0.002059814427370882,9.32243972529799e-05,0.009991232900670761,-0.0009145141414269057,-0.06521246769862965,-0.0008569522724171351,0.001214106266374801,-3.6088916170123365e-05,-0.00032617819068705284,-0.009822051650204784,0.0001922631593744425,0.009664705861259624,-0.0013357242193641988,-0.009489512007444774,0.02394205837679448,-0.018981874779048183,-0.005181047511895838,0.00498271125259734,-0.017779743588471505,0.00068094362702395,-0.0001400628541579768,-0.018298208370370606,0.028894949775820356,-0.003002929189497195,0.1836473192344298,-0.0007488286002410669,0.001535651071591545,0.0010420699601520532,0.045388424224488466,-0.14486426225574064,-0.0014441505084946218,-0.0004390696163049353,-0.0017705963487673355,-0.05990899347818922,0.0001664891692421122,-0.0022051778631892935,0.0011564237356967268,0.0009649112369946068,0.008882407073053735,0.014319003167519119,-0.0036612903739326966,-0.0020009789482522745,0.01720512053102227,0.00027124191664563415,-0.0009389897987301036,0.0001045115243835746,0.008053444682836742,0.0018743955662619697,0.0005741727374772815,-0.00015698789028612773,0.004582461344069228,-0.004859209856673119,0.0001471842861806641,0.00010122212821341578,0.02620312644104747,0.00541711539532419,-0.024058857817128083,-0.006483425305891237,-0.0021138785643028714,0.0004478839338406329,-0.400539618922381,0.00013290304259125016,-0.00017627257252107384,0.007021760819804292,0.7595124829284455,0.0023735222220576356,0.18286854954977094,-0.003683900685534272,-0.00486604246442263,0.0008226740813431,-0.00033280504276990744,0.018493856010693102,0.000608160791462962,-0.0006668325020141901,-0.026650951785275927,-0.3751952104308229,-0.0007856220610354921,-0.0001293970876111542,0.02055171198935244,-0.0006064610826172611,0.00016604101234865857,-0.0011217240349392886,0.002001382124886184,-0.10747799774180913,0.028186767300785013
33,0.0001636238651082131,0.006643249182218109,-0.011473536260441754,0.007338150752812899,0.0070136905014095575,0.0019028770323748449,-0.006652512745748547,0.002397399841793692,-0.04477976680895346,0.0007758791077091412,0.008454002660377446,0.0006141259694210921,0.0029603383793959503,0.00041601367643327204,-0.0018894269133732117,-0.00025082081422312004,-0.00172882960758959,-0.01806202431361816,-0.002667737596624527,0.0028555090452102687,-0.003642212573882601,0.0035620948255825737,0.003874195811776209,-0.0069170784387775006,0.0021604405328147294,0.0002737073211645064,0.0003534309104011754,-0.00012654304118419734,0.0008940194434950894,-0.012252178044163776,0.0014407747981064361,0.004035676180425525,0.005067988581637085,0.09786595411609278,8.380991031007104e-05,0.00011941942337549347,0.0006664879172768468,0.003611692948152131,0.01246914696433447,-0.021060995059355603,-0.00621390127917046,0.0027115033815755217,0.0029077342962198875,0.9749931791683775,0.008510626358864268,0.014361854998055942,0.0006464709961552171,-0.001231045401036081,0.010941917308999348,0.005012901688260596,-0.0011482864188317506,0.0002554419962794825,-0.009335927385634962,-0.00219850704918395,0.002085306888423152,0.026315804020475224,-0.003506638845518777,-0.0013418196384840236,8.422037212665214e-05,1.9329872347177137e-05,0.00034334056470130647,-0.0036216014597823176,0.001884929627975615,0.0013817071600356061,0.00043660405343727256,0.005083873823352189,-0.049433930956976464,-7.823394181200971e-05,0.005935614128878705,0.07620904544414056,0.003423830216834453,0.006689986831483945,-0.08176910025106071,-0.045232758003363134,0.00012374625089089843,0.010719033950994404,-0.0026289066741081862,0.0013684949250353895,0.0016703895238448698,-0.044300189927764945,0.0008850869200415922,-0.009895441618758874,-0.0071513835691480575,-0.013176245519598112,0.00025387077511262925,0.0017229140724021662,-0.0008497207989569334,0.010040507783501396,0.00043510831551273597,0.12130737902671115,-0.011895294767881188,-0.0003847459673081376,0.0005787816693476125,-0.0006445980018934168,-0.0011163749601482884,0.002073847561647293,0.00047563302232165976,0.015522286787216896,-0.0008786701971642539,-0.010730449446416657
34,0.0002928820630465838,-0.0010281732674035024,0.00029664278880945505,-0.11442439843470681,0.0005020804596144448,-8.738527758740504e-05,-0.0016355977491801718,-0.00028783291101183196,-5.8787288173684817e-05,-5.834078909179585e-05,0.0005780708678670508,-6.858232177994576e-05,0.0007128827248449867,-0.0021886363148369854,-0.00012404176651416646,2.9616421731441106e-05,-0.000460977647620191,0.8355636219408078,-0.0006096023115032502,0.0019547634324820623,-6.358818430378908e-05,1.686189456269287e-05,0.005099236357788874,-0.0002650289745761824,0.0001437200987705542,7.26138856360934e-05,-0.0002605801986358702,0.00012685560601830492,0.0008721468392616034,-0.01120256769819788,-0.0009320027221640886,4.828784037054371e-05,0.003719742355052016,0.015569579849663267,0.015143728209494747,-5.128673121841242e-05,-0.00015561648627362458,0.0008536854851826786,0.0009823689234393404,-0.0063528727547764435,0.00023353440463487214,0.0001433062768201908,0.00019314133617773823,0.007658510534157388,0.0012035757876227883,0.0018094417804326451,-0.023539015730689863,-0.09707855878212439,-0.005620305680399755,-0.00025732779210079697,-0.0007206872460254338,0.013946965347381393,-0.0003436100326932234,-0.0008574049395892909,-0.0011229311325656145,0.0031173669193609653,-0.004041866091996479,-0.0004973813622902259,0.000778917224069368,3.812344535222224e-05,0.0008476034775773942,-0.001130200257638915,-0.0009725073515933066,0.0001274664282149865,3.788283363129698e-05,0.0005271444833968375,-0.0008491308833033665,3.2364221897945335e-05,0.00016380498973851102,0.08991859537119483,-0.00037108034446793397,-0.5184199726121185,-0.007512583897051454,-0.0008655753090010924,-4.707200293650824e-05,0.011073979726585425,-0.00024089232747705192,-6.620836000195284e-05,0.000532453093266369,-0.017836536577183544,0.011679441261121021,-0.005477013144958293,-0.0018739174434963244,-0.0043567037573017265,8.657392166953903e-05,0.0001366361152732504,-0.0007550104801238165,-0.0003763142555436764,-3.5954118296000425e-05,0.01162223028132428,0.003848756980491925,-0.0015320988863208036,-0.00016037640239124622,-0.0005171037189646817,0.0007368866875318977,-0.00011202850635225875,0.0002321534872519763,5.789871707977297e-05,0.0015081420766947205,0.007453358309786667
35,-0.0002272340026340784,0.0006544852564837125,0.00640347260058379,0.0034680513212416468,0.0041579432794667595,0.007521673656562927,-0.03318972926251439,-0.0005248889583054847,0.003282494022214462,-0.000272775359224796,0.020722181302514884,0.0004161163061939515,0.008345931140518079,0.0011405327686971282,-0.003512752257633844,0.001309819874006725,0.0006601744438009897,-0.030420596744787066,-0.006159560000728324,-0.001280247512785413,-0.000511462991253174,0.010189085298347578,0.0016926626426741831,-0.0045402046768368235,-0.000227884695421743,0.0009376021121929231,0.0016787237965024133,0.0008263289653936631,0.003053876089228451,0.015120553350634013,0.0004176807630543299,-0.00024003652891086249,0.008037382873036137,0.5520644438488618,0.002225821517936724,-0.0001773572825311976,-0.0004261298317216611,0.0015545998616331123,0.05200904413100619,-0.01558482978756489,0.0015758139994472564,0.006776842438091048,0.004388353852623394,-0.1749157723165444,-0.0057364246613349455,0.07773789985627524,0.0009013432854593224,-0.001987328963313558,-0.014276284598397592,7.78508324614873e-05,5.9735770379199665e-05,0.0005162171745907969,0.00018315046066999345,-0.00213544564858518,0.0024563417186139803,0.14545464698905133,-0.015598856957052924,-0.0006739559876449728,0.0013989166602366482,-1.996530145770834e-05,0.0016303521884367203,-0.011810110791358963,-0.006301464378886622,0.001584892856832308,0.0020345346228101174,0.010892133287039358,-0.005879617119688574,6.755169509171065e-05,0.028788747010184995,0.2151623128030092,0.012077052718693141,0.020909192911132295,-0.0014951331083700769,0.005764499271471879,-7.71612852840664e-05,-0.012323448497920223,-0.0014783978720699954,0.005935393769383655,0.0009557539480617959,0.00908252322015667,0.005757348442899693,0.003154629931891457,-0.038114973183999305,-0.10269571493176705,0.003022728865259113,0.007882980361693333,0.0006689407115436348,0.012942409181804088,4.677760765523539e-05,0.7528201264812264,-0.05276633395294678,0.0007677400593561159,0.00018798115086673972,-0.0014785418393759033,0.001267265344889071,0.0001260497994021026,-7.672331359820025e-06,0.00010129969830698993,-0.008447480125491841,0.02273270227474419
36,0.000137914714630781,0.011736011793010176,-0.011662098137513862,0.006065283339649049,-0.0019355922470196758,-0.004042370623821033,0.002330588638850602,-0.001177825430864297,-0.001971048431694927,-0.00015224853666357795,-0.005958704996684927,-0.0006773626051306148,-0.00927765458461563,-0.0022249310280782362,0.00044415881278781367,-0.00043962151173187504,-0.0001420743721141038,-0.05548097250807882,-0.023427088989152366,-0.005946202786306422,-0.00397317473132152,-0.006642125317903804,0.015021340969012932,-0.0010425428925390505,0.002364037334285898,0.0003372036860277648,-0.0009315587674963797,-0.0005446163003274816,-0.0006212463400915464,-0.04919132626697477,0.0008407565475311154,-0.0014360291593780246,0.011746940521529168,-0.10896898562866357,0.004516420847317399,-0.00026002329487829264,0.00017620408214541472,-0.005270144992098571,-0.008769339597316727,0.020977405590257653,0.0004373033244142472,-0.0046338383717056154,-0.0022930838739056276,-0.04696739229299184,0.006825536013538294,-0.012848037501286694,0.0016855734731537632,-0.003768639725099491,0.24684317148688653,0.002292109300121715,0.0007441420372624463,0.0010263453080382229,-0.007735151255281647,-0.005762082997693443,0.010239939962947869,-0.028062789010157185,-0.05019596268141659,0.0009614128243931326,0.002847591203975858,-0.0002650046213691626,0.0026393817512909853,-0.0008610473045828314,-0.0030677069666000542,-0.0014993247630866863,-0.0014594620334942305,-0.004412828543613948,-0.00945424461725805,-8.020136779767276e-05,-0.007648956109680141,0.8484407175054419,-0.014067649162528133,0.04270154140261158,-0.028505299215618934,0.00016550113582804594,-0.00023061507103115924,-0.0016128330559947333,-0.0003402411663020674,-0.002282549418007113,-0.001088375963288194,0.009847192268877876,0.0010759040979859771,0.012408553059173167,-0.011028760108861389,0.006842978795542427,-0.0011279245919188004,-0.0023724312519316088,-0.003911548917710913,-0.012657874701309909,-0.0004447635598728149,-0.14943681944470072,0.01705586403759857,0.0001239487773412784,-0.0003604109442600714,0.0009085667914490887,0.0008884878650999715,-0.000525961080903863,-0.00042854980021265966,0.0018500108231848933,0.041380526095262216,-0.40722706643420853
37,-0.0006677775877383514,-0.009139103843505502,0.01826138064069145,0.00666494159308567,-0.0005948459299290245,0.0014183114464788177,-0.0015555596268676999,-0.0014421242446884391,0.001637000984800849,0.000682405116513421,0.0009914753351951654,0.0018662538831845932,0.009953257887739894,0.00012020432698743588,-0.00012215537112959807,-4.1625751630344765e-05,-0.0011641545647435795,-0.040777086558439805,-0.01441612700147983,0.013955176603463458,-0.0015296788405010158,0.004972108697841905,0.008342458369076388,-0.00617135655026781,0.0015482424297955152,8.109256702887714e-05,0.0002281401631690983,-0.00047431737968305163,0.0007763958472184972,0.00031478024923197075,-0.0008714236990805522,0.001239413616837489,-0.005674380560277953,-0.07781700757416908,0.004187612257527574,0.0002808664237972554,0.001527190621121128,0.012505762677283684,-0.004528008020257166,-0.02787604784293543,0.0008133266496808539,0.0048967475435013385,0.0014526040879222612,-0.006857351703742225,-0.00275601447381129,-0.011047382147016421,0.0008025777629618038,-4.233357560064091e-05,-0.4855238683779901,-0.0022697917463407984,-0.0015617561129110148,-0.00040092782461889566,-0.0018191786234281943,-0.003963981518893455,-0.016145029205794713,-0.019500235494725786,-0.033937832892476025,-0.0015893938847009138,0.0014907990863257748,-0.0002443197104572115,0.003099458324178476,-0.014945317616769226,-0.012118848158884615,0.000401506136914516,0.0008927335937134098,0.001186991832640939,-0.00846971056660995,-0.00013218309938740555,-0.003823342834475347,0.45705776735000403,0.014908606696876027,0.02685186043389557,-0.005474337612510309,-0.002222339373534734,-0.0005043285049401262,0.04069778678927247,-0.0015778499077352204,0.0002900711833129928,0.005044238948414885,-0.05807446668429571,0.00048431631339809593,-0.03387011010752741,-0.0017542886699857463,-0.004764284982448271,0.002007180274990283,-0.0005664922513705261,0.004622125507154089,0.005990209560523284,0.0003248237974511079,-0.10573469853652351,0.003240715776498317,0.0005092227412887872,-0.0003130653515543125,-0.002095643186505185,-0.0023418469314738038,0.0005692225987468175,9.866906122323396e-05,-0.0028622001517931497,-0.07907254096668526,0.7199248687332555
38,-8.940478112352761e-05,0.008825169998092146,0.002537774592748767,-0.0012115130171535117,-0.019103928804913985,0.0012211939850679517,0.00036136543675548073,7.79894926496486e-06,-0.0029003492094296793,0.0003482289779363442,0.001954875409208184,-0.0026213040383588075,0.0010655505631997594,0.00027006080826629257,-0.04127835011265459,-0.00033994313514770433,-0.0003811393042641247,0.0013342593581693754,7.003237625634513e-05,-0.008439401631370566,-0.0005422028313118842,0.0011729209589190857,-0.0010877117238161493,9.663589949315387e-05,-0.0027762265296374616,0.00040013336826402225,0.006932218375397382,0.0014939300206397179,-0.0004564533202073935,0.006233376376738034,0.0040520288172454936,0.00026227830245031817,-0.005819595241383768,0.021096356334998546,-0.000102161682888693,5.515033597608757e-05,0.0005091442371837913,-0.08986003704436821,0.0007780849875641724,0.9366362943029206,9.500509406830046e-05,0.0016836538220780094,0.0010306517422274362,0.0048180304284100575,0.006823539274593001,0.001959692569674858,-0.00013331334214918304,-0.0010906450326394906,-0.016349443317949314,-3.6483062647154956e-05,0.00021529842728015293,-9.340550380644417e-05,0.0005110394285759625,0.005142296641986505,0.01358699403584299,0.0035787525350195306,0.0009730520463337982,0.09068651132073187,0.00010134345328792106,6.420815050363029e-05,-6.902800184772188e-05,0.000304393856095991,0.0004677354141624547,4.921915881503434e-05,0.0021119592307902346,-0.0003712063656194297,-0.0011464573203959511,0.00048722654764762874,-0.0010820451714470968,-0.005702099967703573,-0.003759699398607726,-4.307408883931594e-05,-0.00034443680944349644,-3.2178614630227684e-05,0.0003768395587428605,0.09962322130276836,-0.00033310195049993455,0.0008748304441721781,0.0005282323140944822,-0.25758457166025606,-0.0015334506281378946,0.03574595867624779,0.0006663839248403384,-0.0032390267429184653,-0.00019138377491471518,-0.0003684796641517776,0.035471699390519085,0.00041748707847974703,0.0004235442098742099,-0.0010390033086531377,-0.14726691545963574,2.4783623990498672e-05,-0.00021475307235939027,0.037932866762954764,0.0011271176031350037,-4.789221479757351e-05,0.0011484423946357084,0.005689711375139059,-0.030264866522248638,0.0061174947176399815
39,-0.0006034937849405518,-0.009761120881254226,0.003250946436274672,0.002532181485405466,0.0012967671169166481,-0.0028700957065215396,-0.0029110774045847214,-0.00010529474563125522,0.0009449461788371777,-0.00017201210752675056,-0.005203698081133731,-0.001995107665718806,-0.0018198036105528202,0.0006479829609910477,0.006918122964082422,-0.0007872817150577187,0.00014572890663029983,-0.005292945293976215,-0.0017720741133029298,0.0009294708691515085,0.0006574733107528386,-0.005755792445891778,-0.009307863855635777,-0.0008900719625960891,-0.001119480102408756,-0.0005267445966331496,-0.001435970905557081,-0.0009145002395733552,0.0002559955049136224,0.005434985143575245,-0.0009958499959032223,-0.0005466599647479506,-0.0013364829477852053,0.8003831038399574,-0.0023278250580623877,-0.00013317532703378647,-0.0014036532076779282,-0.005824131979564991,-0.02119924551738704,-0.015120144870144651,-0.00045424957163228295,-0.0025474004948920553,-0.002325887773814673,-0.006448541338413968,-0.013163470575335297,0.0019897012443909805,-0.00038701898470562557,0.0012578964985547252,0.0023371379233651816,0.0012276728514510598,-0.00034392055286780205,-0.0001483193576311486,-0.00024270302298651757,0.0019789187258743286,0.0021542572198898595,0.005708027609215189,-0.0010738043694657157,-0.000697452253612506,0.00026299141382931903,0.00013146141684155968,0.000675014986106435,-0.00021556098087097608,-0.010318501908650418,-0.0006958642575145688,0.0001340625466452202,0.000975156448637518,0.0034370723553095073,-0.000477800364135866,0.008910959664954895,-0.0022209314097572652,-0.0072448983372703,0.0013200744705438952,0.0007019460487890585,-0.002334951944774025,-0.0004626900301369051,0.007279249018076651,-0.00025612250737448066,0.0018187735194934206,-0.00013523032262560447,0.009739887935239383,0.0012250353420922688,-0.012859376883011609,-0.01294489816523083,-0.04976790551996713,-0.0018048486654062277,0.006021486847338643,-0.0022773180941783842,-0.00583365545236993,0.0006790667177038112,-0.5953983966557588,0.005839766407696132,0.0008797642681277371,-0.0005299432327954573,-0.002929866297308851,-0.0005985874822023118,-6.368119403211834e-05,-0.0005157109064132335,0.008553108349246646,0.007331506041388517,0.0014275285691940469
40,0.0017974574414820845,0.0045345777005352216,0.002875258837191259,-0.0004468169997730088,-0.0008144366572044523,0.00036615860326983524,0.00017705203246424356,0.006152534621866511,0.00022724144603359156,0.00016639596062477738,0.0013200972463440486,0.010006177490475096,0.00048092387517687657,0.00028890464424698517,-0.0005504192604172259,0.0003476585085553374,0.00017278386220126452,0.00038066202934428127,0.0004355960758377107,-0.0007196502842730899,0.00020296619003336812,-1.0133422529394752e-06,-0.0026605983606345597,-0.0004254943729612333,-0.00010041976005167874,-0.000317204140886409,0.0005676726305903472,-0.0002359853190884258,-0.0001941214192591259,0.0014733280215654086,0.00016900109401318851,0.000655331323350555,0.009325418012538167,-0.008773641940290997,0.00026663370552995527,0.00017981136789992427,0.00026735063201669546,-0.004592809095207651,0.000347904972292403,-0.007134844382418682,4.3184508027678883e-05,0.0006527093458423008,0.00025982876179168283,-0.015893945701372234,-0.009167560280286396,0.0010336572783254726,-3.430201734724294e-05,-0.00027746054783048604,-0.005719573096623929,0.13416155410841335,0.0014967881257869284,0.0003794827099740661,0.0005538610210315698,-2.357642297048587e-06,-0.000831285147038955,-0.0006981877922205508,-6.891119460157233e-05,-0.0002537444648236212,-5.799059068765087e-06,2.22770027464268e-05,0.0008229193494537126,0.0006107738206267894,-0.00033479291954936806,-0.0007502626414642903,-0.0001472785633668865,0.0003902080740258575,-0.0012007130002545338,5.719246293026288e-06,-0.00012255979321904346,-0.0018402843128519798,0.0019073647986111923,0.00028232070087940374,-0.0004936960715657109,0.0002491237353713111,0.0007166379842437794,0.002486967590810147,-0.0009699034064334635,0.0003334988604944163,-0.0009520205326967045,-0.0022700670467998216,0.0012012138885021586,0.009543166899488288,3.337467478466919e-05,0.0008007385854090154,0.0007671684419082055,0.0004766102880817684,-0.0004561105428354242,0.0011043214869010456,1.4382237351555794e-05,0.0028248709101400824,0.0030074033824172086,0.0006895036826561287,-1.1338360177311555e-05,0.00034654833828929796,0.007059405305019369,-0.00016035227210600906,0.02160819241502482,0.9902204087880963,-0.003665179111939037,0.0005064185340418297
41,0.011496424802721918,0.053960117791388734,0.0025893853280671356,0.0026826163944457943,0.002917932109373411,0.00417642062945528,-8.46925656403097e-06,0.001391900131925139,-0.00015990084271329946,0.0022698893837709982,0.0026674172061587342,0.0357103998014473,0.0019560253918539106,0.005578095752261321,-0.00397252684383681,0.013160506297973329,-0.00022022308468910845,-0.0010930845168648819,-0.000584876423409382,0.004353662152893498,-0.000722286081721521,0.000916102030879372,0.0012959656771362738,-6.496092059329189e-05,0.07189634776231027,0.001063159311689417,0.005887717050961536,0.0038779056360037333,0.07240217842031577,-0.023775802781316108,0.03260771487127255,0.0124755356259519,0.011678842242299953,0.014042369518896407,0.005591489045100491,0.0006325670926183163,0.047961398135070554,0.5783605119978842,0.0013625615282044402,0.04718204791169038,-0.00024951119663331467,0.004258323842951975,0.0018985057854496172,-0.009159228940105409,0.6353516081927955,-0.0017469534213364816,0.001329273309299649,-0.001662600392444927,-0.06784531832699797,-0.0005568766431470785,0.012310778470750142,0.0016779341919684557,0.0008003304394932007,0.0009097453928508838,0.004521429455454848,-0.0013558662860756819,-2.3397093643848406e-05,0.006057365401465005,0.000756798832294743,0.0006852759765760734,0.002916121040646133,-0.004800156007262837,-0.0010242595022049487,0.0014333491369963843,0.0018878814469077817,0.001657256157188328,0.0012430491353494682,0.00019005273711040355,8.706245242502773e-05,-0.002920956444031054,0.004784144248705245,-0.0042588483329674956,-0.0003826166369597511,3.277353182121992e-05,0.0014840179219751115,-0.448930091689583,-4.779645728982332e-05,0.0005964707320005227,-0.0057605740831842825,-0.16538553835194178,0.0038178778886889878,0.05867122851580381,-0.0006546336407810237,-0.0016170293245742662,0.003853027992107218,0.00016414961838740751,0.004425122961428962,0.006244244883241991,0.0007127121635120066,-0.013576403794986133,-0.0029830819938023653,0.0012177503200515262,0.0017945936112465117,0.014793616605534542,0.026955629960712168,0.0018587300446938019,0.002213422048375463,0.0077600947747805266,-0.007869088261021145,-0.036169655115127014
42,0.0006806068432144534,0.05433432321447894,-0.03678778780866402,0.0003091596368235322,-0.0068750546228203615,0.007326290720444078,-0.00030041402309852715,-0.0010442797457534958,-0.0007546297888794992,-7.99185600066114e-05,0.010778816556855258,0.011452556970716083,0.0046572434660944115,-0.0002973566859425429,0.008234793596555899,0.004731630650196179,2.9649754903939354e-05,0.0006557047444642953,-0.0003978654111286723,-0.0466736412894172,-0.001478777104394995,0.010874938246434183,0.0013623390913875275,-0.00020314658218231058,-0.014577871126201843,0.0007811587432743314,0.003970539202753514,0.0030541623051247796,0.01529201514937312,-0.00393715484996338,0.0034965655563220233,-0.0019512331116539562,0.06150914432963653,0.006417628036783208,0.001481803705225243,-1.3745901779656927e-05,-0.0026994569657872863,-0.14272491493525666,0.0029805471730739636,-0.11222285119178703,6.006097328183427e-05,0.0007158329319502197,0.009466092667636195,-0.0024804454024262646,-0.005525509558328881,0.0007776817901367879,6.277013455398012e-05,-0.0009983112842660124,-0.054993915776359086,-0.0005283916011244497,-0.0006110373227223558,0.0012877052682710955,-0.00036742720502129164,0.002371693262391625,-0.023501669563748055,0.00243104126462625,0.0005024641543061622,-0.00951309242765136,-0.001341121961670111,-0.00040114340617706504,-0.0003325000701408535,0.0012025401264339833,-0.0010213884481113061,0.0032858954591541397,-0.0006272734134446306,0.013455190636831286,-0.0011823201518396382,-0.00018321053772620303,0.002916859002092493,-0.001226988167659331,0.021050902297796756,7.503694136151815e-05,-0.0026595408004638933,-0.0006716271882620337,-0.00023628768508941224,0.017408683713576685,0.00035357645634513483,0.003894829049337105,0.0018110481346831795,-0.20692444751891795,0.0027223975038149027,0.9503163373260066,-0.003269081097693299,-0.002803634917946765,0.0014469635674817314,0.00046619346448306757,0.012826576970090486,0.05365856097661695,-0.00017865671346674772,-0.013838264339078749,-0.011122652651998728,0.0002519299703517957,0.00040371416311004213,0.0069973896161130995,-0.00286848303654525,0.0001817190780750306,0.0002768912797173164,-0.012462352398484765,-0.03303601963940597,-0.01479313764515237
43,0.0011202832719980464,0.029621126020390232,0.00519013187853787,-0.0009531618717141156,0.0030950632982164727,0.0034699947630889563,-0.0003042718893531936,-0.0006318869169369221,-5.2696036717207045e-06,0.00043352171412128215,0.004161786455821787,-0.0005138670613575591,0.0021425520468062523,-0.004744244667156815,-0.001484044192226015,0.0057125597737123675,-0.0004393437026696291,-0.0026677103910731645,-0.0001622619216916282,0.001088832738634503,-0.0005591660513855111,0.0016855037729715467,0.0012877124050211409,-0.00042636734254542516,-0.02741127622692151,0.0008664113358961643,0.006984903424332858,-8.143031488554555e-05,-0.012189144286642042,0.0011596851166933864,-0.025214568103929032,0.014286813074927634,-0.05480993704553089,-0.0034415389162513227,-0.0033965563912196997,-0.0002764638060162028,-0.01207627615549289,0.7142342564954978,0.001809217758126109,0.020949295766519608,4.8139790150841886e-05,0.008228215159913446,0.0024133373426615547,-0.0032645762724017725,-0.6694183530702549,-0.004740922339491785,0.0003852357911664899,0.001468986303630303,0.043008730168582594,0.0009399731726368566,-0.005335390933407511,-0.001956031243422155,-0.0021894650580950394,0.0013643652063090417,-0.0004935909729093142,-0.00037105551796251106,0.00015974145952222585,0.004128483476323551,3.2171810373529675e-05,0.000689414944484776,-0.004356581518847864,0.0034429774856734024,0.00048763259890487794,0.00038315374172577944,0.002265414188217728,0.0009347008185525488,-0.00022098350138175183,0.000436269659779818,0.0012684476752043872,-0.0008717397629423519,0.004257997931361026,-0.0011068199433638946,0.00038484508653010814,0.00039782517407509904,-0.0006105026793732666,0.03122195090530931,0.00010462179458953225,0.0006580317471268624,0.004021310964468927,-0.16226057676199557,-0.006270273803805741,0.07275625339202477,0.0008421503954365312,-0.0029718391836555105,0.00393099333642689,0.0002571941998426384,0.005554963744764432,0.017196661943451538,-0.000196199545815258,-0.0016551918868453136,-0.004082488610110169,0.0005745580682161473,0.0002147451028512245,0.011206472834341154,-0.005680170669639257,0.003302232088319636,-0.0018797677985659628,-0.0034192960109219114,-0.005627400188015845,0.0020450726973751205
44,0.0030118586112285184,0.11140894877926306,0.0024472680728395875,-0.0009453536066045765,-0.00981058339166105,0.006309262141133226,-0.0009621983584702717,0.005586328896931114,-0.0004259048373756319,0.0012780878488716117,0.04110250237726699,0.06492567500785895,0.013135962950283325,0.000723233090536882,-0.003439398707439041,0.004080374721318905,0.00039603834330711324,-0.004277705160273246,-0.002327110270390908,-0.0042241435324144455,-0.0013534114776166464,0.029757906254951075,0.020701695789345952,2.2345030538118912e-05,0.02989546489439268,0.0007154020259117157,0.005001436201479749,0.004345972081160705,0.013729102310422635,-0.018587175338623196,0.005248490008609065,0.0039989842017765405,0.9272922646565821,-0.007522702889537195,0.022010232292329512,0.00027297601665105106,0.0027292341078854476,0.012763102465248866,0.018151788670930386,0.001291799135922993,-0.00017808501309443843,0.005518804100936114,0.046940451728178845,-0.00834345581031062,-0.057409428287168975,0.01832350486363097,0.0002975506298601811,0.00021423769326367687,-0.008754567403264319,-0.0002515399067558529,0.001399472110018318,0.024114312668033037,-0.005276602570304035,-0.014419337436779691,-0.0234207111314002,0.0032116058507732615,-0.0011548045250880383,0.0035374598720439602,0.0015804373992495907,-0.0004479462122422967,0.008521130442233404,-0.025666095256498263,-0.004509762414437089,0.0040709202677104645,0.0033726776312333756,0.019405997005700983,-0.003562568909598551,0.000633419507772522,0.003011728033180968,-0.01217973755815079,0.016539518904151108,0.0002935930091672802,-0.005687253899093034,0.0005154740639243798,-4.0508544778660414e-05,-0.005531428092198386,0.0001381881598969568,0.01657758113684525,-0.0016254318986901792,-0.011758735343419972,0.019345449484682448,-0.0915023804533268,-0.001753903030972677,-0.008634837856974619,0.0067182540512147615,0.0013464789860825838,6.440298964275888e-05,0.29100695545243777,0.0008769810772081587,-0.01725961634071437,-0.00038690019474987847,0.0011937617342327581,0.0032237761870342286,0.07567795699178567,0.04431749730841769,0.0010898868058045789,0.0025304968933555563,-0.01086788508210907,-0.07874126193128535,-0.011778707859916873
45,-0.0008289282505735798,0.2721602258399735,-0.0067879373648211914,-0.0001376502549094717,0.0006186436856240431,0.01163010589282236,0.0001869663179832337,0.005651316025033017,-0.00021616797678666606,0.0012925345946288246,0.11370148905247254,-0.01763952826537843,0.029973737768248396,-0.0011181270073059718,-0.001113710970277096,0.007718602642466687,0.00027418510491132586,0.0017297744126611695,0.00016778564136737256,-0.0023684306849468748,-0.0019750406472425486,0.07638730094384857,-0.009963166508082284,-0.00041147769301596443,-0.006971787067956453,0.00022068103345963255,0.0004698660022211033,0.012908028841791628,0.0345251892022502,-0.023784419917210812,0.009329268348408568,-9.384522024574043e-05,-0.3236039766699081,-0.008992358804565522,-0.00830451315677679,3.6960613994930364e-05,0.0011909012100728422,-0.035403958121208404,0.03643988955325411,0.0006653648817306259,7.863849491821125e-05,0.013234108861962988,0.14337896760744914,-0.010356345100743774,0.01370674750919061,0.003872048132417082,8.056141426252862e-05,-0.0002722980198660331,-0.0018913155863596771,1.063136158047269e-05,0.00025159614206364533,-0.00728884089824784,-0.012980225070924195,0.005063116086335372,0.007794629077009082,0.017007639181330306,-0.000951660834557081,0.0010487302918128607,-8.765149935492986e-05,0.0007828572629136517,-0.004146735809410899,0.005242959333836346,-0.011608623081325074,0.010942988407092364,0.008465241688918143,0.053500575670901405,-0.0015411908360205145,0.0006423087486925085,0.008698426795429521,0.0037086795501071078,0.03589748313378158,-0.000629517448374254,-0.012365714759551588,0.0006574473066140313,0.000715754316645334,0.0035085112283882725,-0.00034523858175654516,0.04957292310964182,0.0024641313622946644,0.022544504241112904,-0.009320896177065899,-0.050467752412957465,0.0016692002177376526,-0.02184373618607641,0.009423827799971782,0.0018497941910121548,0.004907377489926224,0.8724114449021746,0.0009314321915034635,-0.024091006379846378,0.0013624553566722875,-0.00045777277468775487,0.008617882613602027,-0.026234957074087618,-0.008335220551211678,0.0016963659932773172,-0.0010429688028484319,0.001225525226769071,0.027039065315795134,-0.013060063421703221
46,-0.00015564150360042884,0.9354164030059757,-0.012568209869161977,-0.0008182291713238626,0.0005485210109017121,-0.0025694876688973018,-0.0013335504270359745,-0.0018418505316403742,-0.0006918579671983163,-0.0003923377520994812,-0.032049983868299985,0.019541203208559947,-0.009969554218935351,-0.0026821394824019166,0.000302389316903234,0.00048468313265705664,-0.00023080870380405376,-0.00024107672143255585,-0.001670107226289741,-0.013135951884963928,-0.00400637076778252,-0.02238688518577744,-0.006414623035755053,-0.001425412362085307,-0.0049633381687611555,0.00030981534655422256,-0.001517157524013559,-0.0032753479610256597,0.1278430740979996,-0.07181928215301332,0.03141517211088948,0.002867694179324351,-0.023945112354995236,0.008295185046516248,-0.000933103269264263,-0.00011583271888623847,0.006226559289417288,-0.0578336436421828,-0.008012707710643004,-0.009071498097006515,-0.0007339994942985179,-0.003337113032588681,-0.042108524337834415,-0.0041672702310017505,-0.0380126540987206,-0.0027672203865353557,0.0011223581459463491,0.00012211390590478096,-0.010750644997576393,-0.0009938825023033428,0.0011506260118717693,0.003600701530695277,-0.0010586537820329797,0.0005066827339811689,3.3525103232056545e-06,-0.0052308761382002045,-0.007534169816054075,-0.002043805519490205,0.00045096083694175096,0.00017052571965749282,-0.004190565272007325,-0.003933369500614542,-0.01735821355474698,-0.001986932857856982,-0.001179124199860385,-0.005428176466407062,0.00029329290187522956,0.0002107960359886002,-0.0032504661920904412,-0.01104155853571486,0.001971864891113364,-0.0015775603002370158,-0.008858159696183747,-0.00048720367176232314,0.0018445122012802212,-0.002469930542772919,-0.00025891118587263035,-0.004119991924737767,0.0029162570091842838,0.007122126390391094,-0.007514332928251939,-0.04639913055040619,-0.0012066370535740686,-0.009558644071790183,-0.003268722341565569,-0.0005983081192199576,-0.0023588482373993695,-0.29850527810292293,-0.0003100085021484969,0.002928369369983498,0.0023646466135386623,-0.0012125395691213927,-0.0018253172560369806,-0.003453104177878352,-0.0003370907093851738,-0.0006256820859618234,0.0007423249916531371,-0.003873577879647575,0.0054217888694339115,0.014665844598309455
47,0.0032687591138679927,0.0019951781204162224,0.0005995829270400701,-0.005050544888613796,-0.001700412306456206,0.002044613282026077,-0.007435411082811861,0.00015690622730247378,0.0006182299251755972,0.0001527905647586412,-0.00044113206602286806,0.0032203034597733105,0.002359571391166066,0.016322722067572223,0.000606542116837889,0.0009566836780312091,0.0004151036813123364,-0.008609399342241376,-0.0792603670003577,-0.0025256868986631978,-0.0005321564972846733,0.0007338546510841264,0.9802204397935852,-0.002521722342079869,0.046677813867928006,0.0002503376311187672,0.0003525109221650563,0.0015817004948005208,0.008973816228023618,-0.02718338673818181,0.012371487639802383,0.0029288184208290497,-0.03126322686393387,0.006434072592237807,0.05768095637177642,-0.00024160786673090972,0.002616798348668963,-0.005380636853924585,0.0023850546452752848,0.0008428086440956008,9.855998382993789e-05,0.0005811667207375043,-6.518983557067735e-05,-0.003276124077452131,-0.006251639400991519,0.012431512016964958,0.004256210925444308,-0.011736119116324311,-0.0005560848262690004,-5.249007154664801e-05,-0.00017047260190730228,0.021260958098930083,-0.0012583933720055219,-0.0019577263760654777,0.0028947181439369623,-0.0010619177338637483,-0.033477018688960074,0.0007156877666506453,0.014151783143960196,-0.00023763584772169746,0.0405631855992419,-0.0023815110132989654,-0.004347236312833236,0.0013461657479166798,0.001114234837750935,0.0035781313572639077,0.0010841173859199448,-7.688261391182406e-05,0.0016747248808871346,-0.02463599099574413,0.008662267460575699,0.0008733214161041811,-0.0014449349473633442,-0.0005305774526103842,0.0006065100099440822,0.0015301540920350173,-0.00045632460378441497,0.002418758808201397,0.0007534953909939068,0.0017399418816772417,0.14135491277885004,-0.0005036837906097593,-0.01511994895398409,-0.0002598579021734801,0.0031679094064213076,0.0012025621240702718,0.0007617466379890047,-0.0008586034975006484,0.00021337577955838597,-0.005803628380944767,-0.0010302619134240276,0.006894820220958678,0.0005281569299401107,-0.0014949574205649337,0.001695016678037056,0.0007745325128817396,0.0012372856333168589,0.002557654114009391,0.001857181870583621,-0.0006983799527229204
48,0.054221422573693674,-0.0092973216438621,0.0005222288670450603,0.0022601686890059355,-0.001690160428422266,0.008428537498864075,0.0009229695393576653,0.014102156836018453,-6.823965550412092e-05,0.004273664045673753,0.0005135276762746332,0.012187942832960569,0.016260858001824308,0.09362272202581717,-0.00036869229424651984,0.0035972510327006435,-3.590490622411985e-05,-0.011414239851842284,-0.0007427235596825703,1.7510384498625742e-05,0.0004930770745611018,0.010956946214858019,-0.11510652901270002,0.0009216061145627648,0.8844318633637447,0.0024332843945571894,0.00024041716159524168,0.012307268925245848,0.010671580328037916,-0.061438211402980746,0.03551721898881323,0.009566498789830602,-0.0472316223853077,-0.0021170233845221745,0.1759074126298485,0.001017600485799866,0.041169500878140475,-0.03673233783665737,0.004896077174983794,-0.0013441352780659398,7.728185779399231e-05,0.014105694977645116,-0.001160356180418254,-0.0020830977631578025,-0.08106432989447065,-0.008188794777694205,0.0019609967555288925,-0.013726411095756872,-0.025147147316820103,0.00020297740397593952,0.03232943066047003,0.050813970887707,0.0004041272957002323,-0.001290886061455436,-0.0018170733888512192,0.00608683151723235,0.0036041946427918144,0.0021656803513082612,0.012134239508455725,0.0014764806142368156,0.16741156534729532,-0.02160385753089878,-0.005596973676216463,0.010929381462417467,0.00554673759498393,0.004105134107308931,-0.0016899232167706128,0.0003362499689184839,0.003668431543551831,-0.006401426761754465,0.03259340566954637,-0.0038660693336140146,-0.008952875157318381,-0.0009718116453663814,0.000633490936547465,0.008718033271796377,0.0002731150781788679,-0.0030502264073115825,-0.0004479526632885228,0.0018313661443476945,0.3257266143891236,0.007103487285496911,-0.0007438838085398712,5.223498183745245e-05,0.026008453385236892,0.0014303308375980656,0.0035306837818611866,-0.008887383553318263,0.0004859306759477265,-0.001657013399994238,-0.0010244535318134768,0.01687082822011885,0.0013075103482818326,-0.002107308312721058,0.030540801731370422,0.006295755728298972,0.00897304588873131,-0.0023844412966009705,-0.0022556988669353885,-0.01834130963834409
49,0.0003293066765782175,-0.018818554726120665,-0.01611464997414334,-0.0002469795129512479,-0.010679899593170776,0.06411716836944625,-0.0053670058300681256,0.0042422744699857065,-0.0009360346917656447,0.007006515234897425,0.03509742138442394,0.0012227108532890346,0.0808648317673157,-0.0006968672169195378,-0.005931842483454955,0.009106351358792003,9.162323475794874e-06,-0.0013314380397406133,0.0006535784851216849,-0.018275593067591897,-0.00039354407447482476,0.06464100748438313,-0.015870392773940138,-0.0018313991785434565,-0.06918357218513149,0.008089116479676533,0.00780134396410151,0.029741776553755355,0.00012828089189606366,-0.0047280660628828824,-5.393913989458227e-05,0.00111086429832202,-0.010058054094878803,-0.024354683853717814,0.018885596459001303,0.0014032747815531897,-0.001393666755209265,-0.0033498043072749794,0.07491136142008244,-0.0018493069441014862,-8.286695821079024e-05,0.04650424621672484,-0.004521280911174103,-0.0029667214062539552,0.0033229268760181013,0.07617996148208452,0.0007750498030728824,-0.0013140968995660595,-0.007573662749790986,0.0008845334439682791,-0.0018848141904467958,0.006422421630377922,0.00015705590569023778,-0.0015929456321214265,-0.01516481192700983,0.14570700288975086,-0.00012158631180081317,0.007477354059080415,0.0013390685452399726,0.0019348161214499046,0.004549829338046559,0.0011635774558191058,-0.006608696432673616,0.03934859005528813,0.023983393466698807,0.04183760502902846,-0.001282441996732617,0.002225927786884777,0.021859481654124782,0.0007038228865242201,0.9596960982073093,-0.00099555181437211,0.0015868705547526412,0.00037151390071590504,0.0007764218534485057,0.002913284154563635,-0.000852767132314981,0.00803679118423042,0.003721462943736556,-0.004945967285314434,0.04582693803229365,-0.027109994895938416,-0.002841335523982591,-0.0070879872108072835,0.04009205493289022,0.004086025131643847,0.047873679480361316,-0.06640278763929125,0.002566062575958524,-0.044989396674458816,-0.00414987600258079,0.0015906088786911887,0.005810286369538217,0.0019439252993383208,0.004303690886340186,0.007408268516772884,-0.0018210404408057629,-0.001920659662692671,-0.012442839305491045,-0.03414000039822466
50,-0.028413075792698268,0.008103463302579328,0.002475557800084821,0.0026683992434192,-0.002249483157431679,-0.005018230640872964,0.001956304990506766,-0.006508598394158627,-0.00042325273065303703,-0.001963182081277534,-0.004750022013081197,-0.019653959695652597,-0.013919338827686312,0.03277372718743612,0.000479694910157355,-1.1900611223997215e-05,0.0002524180535217052,-0.024913454535841588,-0.011940649768025722,0.0019115038521364276,9.157314355029422e-05,-0.011004852751220179,-0.12709286687218196,0.00027316017628075187,-0.4149303930328254,-0.0015783736521704735,-0.001595138808564791,-0.007878392154193479,-0.015534099018364361,-0.03877284636926227,-0.012305628349537287,-0.0037337462580675045,-0.01140300888085907,-0.0021672067717808754,0.3792628770896002,-0.00012784100183751979,-0.030637065906645194,0.01909753124524436,-0.007837152806455345,0.0015283252890362915,-0.00012210969971211683,-0.00604302363597841,0.0007223624726169586,0.0011467169368788934,0.029088540390161587,-0.006518351942222863,0.00455410707925485,-0.02918754987660636,0.011395083979481725,-0.0004851875000860418,-0.014542710559710029,0.11833729840462466,-0.00027275542187299093,-0.00019422323764537765,-0.0011789442123449623,-0.0095409761749633,0.0028001300246591598,0.0017545627688112051,0.01821717142526495,-0.0009415951472980114,0.18662902604475473,0.006752591648815795,-0.002611813407883773,-0.008186191330353127,-0.003415838831905004,-0.0031615393475180943,0.0014601181648806897,0.00036166759465254203,-0.001955680604993306,-0.005064177420743459,-0.07061500106788966,-0.005115745584959555,0.004842247972857031,0.0008008979490406326,-0.00027844442979456027,0.001495824583564502,0.0002706283356876532,-0.0016128633083056973,-0.0011404285169099755,-0.0010774561114472135,0.7764935403723182,-0.0030536855277928116,-0.004042067207976133,-7.215101093775884e-05,-0.01453661954441884,-0.001353655423680893,-0.003857813855660148,0.008217343542356908,-0.0005604117308954106,0.0007925469759526118,0.0004153212438088496,0.025382171550201487,-0.0004659594815027714,-0.0040569465870295696,-0.013049814398995777,-0.0017447191553045206,-0.004007958635687002,-0.0003732979135448169,-0.002137684843099217,0.00899648464371586
51,0.029199150067759017,-0.1489107138961931,-6.7859041641415985e-06,0.0006368245652368897,-0.0015406262272683203,0.010954731097668313,0.00042124795322068254,0.0007520427011287883,-0.0007363899124240708,0.003137141565266885,0.00920495361134749,0.1408412904965448,0.02679541158308914,-0.005397969444507905,-0.0003227610142666759,0.027851836144263772,0.00016858696224249237,-0.0018514756393139256,0.0013777373366134925,-0.008545318299485224,-0.0003346627351476089,0.01340150515234427,-0.011458645722328869,-0.00022355711724246323,-0.04664695801596108,0.004346468733594775,0.0028283269926765815,0.016083135765452304,0.9537261069155057,-0.039824847588665835,0.06115180838252065,0.03851099294507085,-0.019261765430510544,-0.00686213286414519,0.04434961090413663,0.000533617331429953,0.11663636014299236,-0.06357179598783001,0.012707526043361507,-0.004330796023971504,-0.00011238949903254018,0.01955528633083478,0.004887797034762016,-0.000135497791074889,-0.09166640305205512,0.021842655548453088,0.0006407927311861059,6.125942717283116e-05,0.004904215267795191,6.61544211639116e-05,0.006472651121915175,0.010439915053896735,0.0007321874155829305,0.0003686537469104502,0.0006810690232134588,0.015206991114646858,0.0007946512068919705,0.0033000928144515415,0.00022586114078400452,0.002114851195970541,-0.0014792504355665495,0.0010098859590043675,-0.0004875709178912141,0.01853782071856877,0.008077932855815852,0.01517533714285175,-0.0023477540135990577,0.0006900864199793112,0.006242477197653624,-0.0004354045145359783,-0.02304831034224101,-0.00019543857055737807,-0.002374059054408013,-0.0003569172779518794,0.0038478955158865735,-0.04521361302447533,7.693638012360501e-05,0.010359511419072502,0.0016652085576801604,-0.016514708732536406,-0.014888336942930382,-0.022181404207693566,-0.0007150761588730148,0.001973013510845033,0.017887916742346556,-0.0005552657405035079,0.00794171687103714,-0.005828349999533567,0.0018004550115307862,-0.005864849820924993,0.00011218972033698354,0.0027149822321875456,0.00247396834342954,0.02313182133544647,0.02733453826893619,0.0026526530662611663,0.00844094032004091,-0.0018211385815016445,-0.0019966204050541427,-0.00022374381367554728
52,0.0008644994120216014,0.0058399766608840204,0.0014561620530997702,-0.0004120728024501715,-0.00037039052878493897,0.04108185546647562,-0.0047140251387972135,0.00026459729811928717,-0.0011326397344256231,0.011642302749667932,0.0977640187981801,-0.007622685087912073,0.17382973204922986,0.0011115702913038748,-0.0036170909359821606,0.004678822525757138,-0.0005977807210773458,-0.0001582744855444351,0.0014897275746422378,0.002415712808099839,-0.0008808792676897464,0.08669507527722548,-0.006233735476123891,-0.0007859045376858408,-0.005733888002122461,0.013030256555407668,0.0028735311021516464,0.09402107524986567,-0.04621427057042104,1.5563885793976051e-06,-0.0035709231406520995,-0.003289891779722149,-0.009961889614679127,-0.10398386919755209,-0.00023793789405573886,0.0006147303686318273,-0.008805255299435412,0.004175130194429598,0.15513128931668266,-0.004257815371359611,-9.176601500501119e-05,0.07297660431866858,-0.0005341900917145299,-0.003388718518523731,0.004244529415693818,0.5661505181916571,-0.00035686713832700596,0.00012052410544548774,-0.0010343403113690728,0.0002685739181502623,0.0008451319175020525,0.006095369060634829,0.0001494670120428948,-0.0007742068597468912,0.002602451289959503,0.6909591704057155,-0.0006966935291023678,0.0056747415256191164,-0.00010765972711469513,0.003744108453345288,0.007899529339644391,-0.0023071749671399588,0.0005417884279321512,0.102676579409872,0.04558163093214649,0.03587900558950415,-0.002325251365289868,0.0027656448488410403,0.07836662945198605,-0.0031618478037147256,-0.22274670840085653,0.0002423079852784854,0.0004999736485039388,-0.0009469026269759429,0.0014082244591638315,0.0006314681180138032,0.0004341368131168741,0.020182605072309352,0.00010358372849909175,0.0005599643549878477,-0.0034988905618229676,0.0006108408623277666,-0.01045468298262629,-0.0061040077498836585,0.09109054654759788,0.015801283994490538,0.018418149943978907,-0.058543095740775035,0.007077644941678055,-0.13458380823594762,0.001771179845642258,0.0006972370552969643,0.011264296686760503,-0.003757382926773919,0.00010673034888306066,0.005749220791899131,0.00016433723460069008,-0.00042504830532793386,0.0004168389997076631,-0.00023188558011684717
53,0.008040027619745429,0.0027312202618350323,-0.00047403316958026347,0.00019747171406195134,-0.0020738833265639433,0.07913570457857239,0.0018861541111395968,0.00038571550628608425,0.00032493135553353543,0.044888692813071514,0.03527970708619517,0.030088332549516074,0.592063958563516,0.0022351950425231575,-0.0025666805833830693,0.014371010421213573,0.00018168540734491215,-0.00033163711199277364,-0.0005813325859975252,0.0008185354327692393,9.037124952676612e-05,0.2264902908429904,0.001594298368885698,5.219202887901675e-06,-0.03845472428700894,0.0514879680157465,0.010974089089653598,0.3646657307315051,-0.049618707627474196,0.0015040254473872722,-0.0013614243089513783,0.0024954798488598887,-0.0045501617508672265,0.02818885297100375,0.003992669636380229,0.0031606814102574515,0.0005373444790754134,-0.007521597502733948,0.0369512568746866,-0.008330001479950227,0.00022949840942432242,0.2068521197205691,-0.002040268574529645,-0.0014301063274701816,0.0030715147105677514,-0.26884721945092854,0.0003096430174869052,0.00014231385261643343,-0.004412593501603439,0.0005117953085561467,0.0025908488671622446,-0.003553169830160494,-0.00023688462414511724,0.0008789079747871242,-0.0016443923683980843,-0.18877704443067933,0.00022527202920367972,0.018106260111114766,0.00030853357714323007,0.01354580868692171,-0.0055863609954909105,1.5931270158003885e-05,0.00034770989824224087,0.3851190394845358,0.1576825129959007,0.027769102377405788,0.0008167492654211541,0.00917996322858776,-0.01070903408339232,0.0016065214439678118,-0.09045728230680893,4.129413768492237e-05,0.000278123612179805,-0.00022803157204107083,0.008074176011442571,0.0013074387250985864,0.00013454113714383986,0.008174055054650478,0.00022094195427946328,-2.6216346300664273e-05,-0.0001684517905053938,-0.0075234519232087425,0.004456510146591403,0.001575260520957078,0.31678120450909875,-0.002002514510060841,0.0578845642027855,-0.05899210097376443,0.026557115159349255,0.02730877604366983,-0.00135624087247559,0.00037158187046696105,0.036918444295186814,0.02435054099547172,0.01580219142246274,0.019104875904623782,0.0014545947216427907,-0.0003611689874428968,-0.005000551027236892,-0.01750479936413734
54,0.0012842966551889828,0.0018625676543504938,-0.0005129083052174811,-0.00034265247189465284,-5.141929619131619e-05,0.0008736598702100934,-0.006856454572579302,-0.0011903680325625074,-0.0009481027171251728,0.00428033486911242,-0.08159864881981341,-0.005526094518940056,0.063756892711075,0.0014790468654821357,0.0023743226231855872,0.0017230613327320634,-0.0010806518487350425,-0.0009125672538339576,0.0014557616770885951,-0.0018738896204838242,-0.0005219411703912095,0.008257286080038423,-0.010875202440562157,-0.0007671086972911648,-0.000915332344736678,0.011948725321578866,-0.0008875186229250068,0.05434377913033202,-0.012000027662415732,0.0008849772333722758,0.0025797033945752666,-0.0005151755375132831,-0.013453524342689222,0.023475331353035245,0.060163919890911466,0.000192920306320901,0.005145234366935094,0.002770064772773858,-0.08256184408201997,0.0017890015595073336,8.742922300025908e-05,0.015300582987609095,-0.005884384029865587,0.0006104820147466553,-0.0008687110841517805,0.7661634348831043,0.0010068866199079108,0.0003488485751386699,-0.0028866811092337573,0.0011944569315800633,0.00026766335241304017,0.015121982498112202,-0.00011332468648558858,-0.002106985407523649,-0.0001767573120180707,-0.6106841428619055,-0.0011297338616150475,-0.01063773943848333,0.0014389087858497924,0.002521330443047342,0.03419964521632924,-0.004120821602339161,-0.000776767690519091,0.049898224317837324,0.019447531628100385,-0.018639760449814562,-0.0005049635589295472,0.0013118450460122874,-0.05607597343636339,-0.0010570795683652293,0.03433910813553195,-0.00030065946890071274,-0.0010351215107103494,-0.0004614328755942554,0.0002480352986710078,0.0017236558313421801,0.00017289519482224173,-0.015724351118422488,0.0006115931677126048,-0.0006509877862172376,-0.03897654866159783,0.0017368858232992437,-0.0036147133836747234,-0.0010984178397125096,0.04353023487871521,-0.003170715460441834,-0.01336820311536953,0.015520455576865978,0.003689530126732483,0.029920818172938214,-0.0012952017511356825,0.0039580723826182045,0.00570968295440474,-0.010900637582404291,-0.0014650885147018088,0.0018422761560933838,-0.00020003950925374155,-0.0010803385826750715,-1.2103637902794243e-05,-0.002416002324368814
55,-0.01750335891976639,0.004176015645845271,0.0002982593446232938,0.0010780504019980881,0.002307229868357144,0.0007375041621150094,0.00042198362448745905,-0.0028434819637324603,-7.813212628857841e-05,0.0008040613551819238,0.003858508462032024,-0.356646427323985,0.008415003338246997,0.012548265438750029,0.00392811870402404,-0.008023336964297752,3.1798734202448387e-06,-0.007058413045776801,0.002326788786601762,0.0020244746789800927,0.00016216125539020299,-0.0010473281523952051,0.01297831827956639,0.00023106372618590665,-0.02590708364401273,-0.0002879314999637189,-0.0066300374142856935,0.005607993556682256,0.03809901469078108,-0.0029226024913258687,-0.0021215671023758747,-0.014505649705617386,0.03515612729285021,0.0007770182733037793,0.676056912830103,-0.0004346627245258722,-0.08232593594262275,0.02167340069550096,0.005825231253118103,0.014751634123366808,8.863341640394373e-06,-0.004314377568009054,0.003099683525643368,0.0006455472821923357,0.01773445175425188,-0.06629754967636671,-0.0017139868547270294,0.000916604783928074,0.00209742065630868,-0.0007160014888968685,-0.00915535303222746,0.026746020924435863,-3.810517738753682e-05,-0.0013368661502883017,-0.0005242053644287925,0.04065509399917042,-0.000453681475431544,-0.04044508858200373,0.021816794343553537,-0.0004806109451444777,0.38033438618200294,-0.006197978805157031,-0.004476457437870063,0.004273249718650474,0.0034675784659931215,-0.0053562275348269335,0.001440546297521494,-4.962192674867055e-05,0.006539003691955547,-0.005872300419257931,0.005120031783987331,-0.001554020160103261,0.000691487312215279,0.0003866339306186975,-0.002101554647221879,0.01214978950911155,-0.0001278532017364581,0.0004501213694458658,0.0011927594911101402,0.011401870917477696,-0.45471465150938045,0.00897940316602125,-0.0027396177872503723,-0.00010641886647842422,0.003993444052988474,0.00011670936424126963,-0.012825035295821536,-0.000536107159668143,-0.0010849156798029402,-0.00039840173454341974,0.005001325831884973,0.03212112098882128,-0.0011603478622703807,-0.18266116763612444,-0.08753037200658911,0.00028799522964295925,-0.00617759412780505,0.004678630166715736,-0.006587098493253195,-0.00013025912760574083
56,0.02860884679509499,5.128537060633542e-05,-0.003623285732432563,7.93746689551067e-05,-0.0014612687755705366,0.01085679443391976,0.0004306942524193117,0.005646153148954915,-0.0004011476833007954,0.0018073675110897025,-0.0021851354239448215,0.7353775990339859,-0.04182262341473937,0.002812144931834259,-0.00994896418448456,0.017935035235276876,-0.0001431340715745133,-0.0033816985927947038,0.001196069322700717,0.0007836489802441199,2.357107560396754e-05,-0.009930362437376864,0.0008448005455791042,-0.00013399431297012043,-0.0569113659176016,-0.004110786607355431,0.01553813672678073,-0.0343964541207092,-0.1756360300156568,0.003191766878658908,0.021884698678941047,0.03914546113159898,-0.09771726425438974,0.0011901277758587106,0.318090645040122,0.0010824476877799305,0.14847442655958398,-0.04194017807040026,0.0010159586297153397,-0.033369857744863785,0.00010494093883620104,0.01809598636511279,-0.004149875332076944,-0.0007390365580191936,-0.02836224341714952,-0.01113253245679451,-0.0002642670774449146,0.000570465713490436,0.0009131067595057017,0.005027809155339141,0.017301833120248647,0.022952999273486808,-7.543878096247236e-06,0.0009795261050164067,0.0011561349128043977,0.02074404170910983,0.00032133262171160984,0.08749879500607154,0.011521029490221189,-0.000608230951923,0.18173482251170645,-0.0027769661401046697,-0.002489544959120571,-0.025182390313022197,-0.01085521546135957,0.002766818724680445,-0.0006748549741389777,-0.00028221174209792227,0.002470768203877984,-0.0014534280171869941,-0.005561392202834027,-0.0011850977139833477,-0.002540898354644416,-0.0004353180142804558,0.0036803504920486507,-0.022979517901211832,0.00018528191290692955,0.0005705637771929324,-0.0009887552465769334,-0.020954790683510333,-0.20629387812750763,-0.016338737599640184,-0.0018923891640651239,-0.0013956234768444827,-0.01481658466285108,0.0011730390276714177,0.036553847605121925,0.001508153640500012,0.00013184764486171702,-0.002926903953208708,-0.008872578176926483,0.01666653094585553,0.0002557905427331144,0.38440827749816053,0.21067448869615898,0.0014294447416368528,0.023181439699703474,-0.010005195540596184,0.0012721838870570212,-0.002932424605685418
57,-0.10855081702273504,0.0019076178353232276,0.0021251147910414936,4.304945140018446e-06,-0.003087828254296543,0.03542773165963973,-2.883948904640679e-05,-0.008554250785133775,0.0004083014386623701,-0.0018543121685499486,0.023239348865499776,-0.2609415592206737,0.009349612718223016,-0.00043696052653333095,-0.026364024553014148,-0.013738697560872372,0.0001343781698453228,8.526849811490642e-05,-0.00020307952402677217,-0.0018776891751688535,5.5498878702403553e-05,0.012070092760536368,0.0016201045771304617,0.00013307803440106014,0.046492121177824836,0.0036415750293055747,0.021538094603691958,-0.07136655180226978,0.09973869087180336,0.002219887484385768,-0.09890474307545535,-0.046958115275417385,-0.03480709742411879,0.0011481698325497155,-0.0059961432092561755,-0.002665003840020428,-0.48731548455465434,0.01003816190918675,0.02188713553806486,-0.076801943850399,0.0002563696972458368,0.021965511652996268,0.00425812291851765,-0.0012445837046924264,0.03818660897799758,0.012307245498554158,-0.004841087959539909,0.00014877347207926505,0.0006808970523714364,0.0017571464326001426,-0.04603144484380853,-0.0002069631817755279,0.0007102495986912073,0.0006530445284742212,-0.0010824286931364595,-0.025647430086508327,-0.000405950880584165,0.35080573598748915,-6.173736035463325e-05,0.0011364301455993966,0.0052418513057074685,0.0019354170967571284,0.0006340467953894757,-0.013556617835112014,-0.01080206427561462,0.01833736931860231,0.0007668220164269862,-0.0016698243659401446,-0.000953995110272254,0.0005339745924500994,-0.013304266094270883,0.000711619277818053,0.0023741582245327244,-0.00018688549277996735,-0.010424423823330236,0.023079236231077903,1.2330164400751326e-05,0.0035282057885566605,0.0012160069326406786,-0.00962217561021533,-0.004737289466081334,-0.010941797766176157,0.0007998817486857199,-2.8035025059890833e-05,-0.01719624558361107,0.0006142762891095011,0.18199454298075332,-0.008196762597817589,-0.004889564812781365,-0.0007554446695484825,-0.016386783817577442,-0.0006105085888569893,-0.003997265433750509,0.6871755651442116,-0.0766141316918732,-0.0022265881535214883,-0.02380180601732689,0.004034221692064025,-0.004606676343259373,-0.004067818990876552
58,0.16966119594720058,0.004626803491727727,0.0013474205399144346,-0.0002849970079719516,-0.0006103531138902663,0.01422318933610213,0.0003666649185391016,0.01183528341493375,-0.0006502549843781583,0.001420867760539124,-0.007139451507416794,-0.367759386887385,-0.016829855864390897,0.0036659264659391066,-0.015980518480975717,-0.004096675760749027,-0.00033727102629436956,-0.00021141052915225455,-0.0001837956127740013,-0.00027617373377746,-6.30094562783512e-05,-0.0019803842218434394,-0.0007301557100690935,-0.00013394462978014166,-0.04968465318941772,0.011586635799252069,0.01108731082374193,-0.005717768002017648,-0.07259851608284848,-0.003672099512352211,0.16642712747617266,0.03973838555494873,0.0008541977893389355,0.0006534463082810216,0.01566841979125094,0.0029182348567274863,0.7767279521433512,-0.019220076334519415,-0.005244795551085722,-0.045122349824315414,-0.0006279769305599647,0.00679008152412465,0.00024776318614388814,-0.0007532965738721203,-0.030575815989101945,0.0023472390348256373,0.007127812054753647,-0.00013898990397751563,0.0033759822445376744,0.004132101676316235,0.06699619271490273,0.005671669473757857,0.00023210989202514373,-0.001036059437467103,-0.0019312513928201186,0.00015884927786918596,5.356941430823686e-05,0.23974218645832526,-0.002472549339276732,0.0012080412259942146,-0.02683701596111105,0.0016370224509419749,0.0002369515759750307,-0.010968992286176928,-0.0027031936759882164,-0.00018326850120899889,-0.0009569425959980197,0.0009745587408340126,0.00031157618658562286,0.0003140577751493609,-0.010658305652904664,-0.0013629821756987266,-0.002190160124371894,-4.927868791329906e-05,0.012622963301827606,-0.01170319318737631,2.642317121815882e-05,-0.004127748848610272,0.0007893877054236248,0.0037589981193990596,0.0015391602232522061,-0.003076591481640503,-0.0006454555401503893,-0.0007837807616683,-0.0073972873467723944,-0.0008128143813354812,0.15655912103567665,0.0003367169935689961,0.0005270371037654036,-0.000522916317181757,-0.007997446668719264,0.0006543130405584721,0.0006584684733269841,0.3039997251776755,-0.0993646324590698,0.002806600388226244,0.017915216075875026,0.002114547659496993,-0.0037883350725191785,0.001521362525778655
59,0.000639997174476309,0.000899739537352101,-0.00033959378134372823,-3.071676417865836e-05,0.000599093594227566,-0.03517281228209793,0.0005419787234542729,-0.0031864439733718785,0.00014659672627013933,-0.0016657966722012313,-0.0579596991326413,0.0003677194985750379,-0.046660964296880214,-0.0007657076886699165,0.0010322645147215611,-0.003265738725138429,7.249156085688361e-05,8.407689246623821e-06,-0.00015840709770298953,0.0002537471008031494,7.686264276578897e-05,-0.03870063954173732,0.0003765132868517344,6.411767417754521e-05,0.0005851700320460892,0.978598586395299,0.02221511906883577,-0.020990244698469218,0.0009905158905839616,0.0007050032886873475,-0.0005943989800383503,-0.0009606949434624245,-0.00048612745286677993,-0.0008800972842121895,0.0006030430618369003,-1.8885615140963943e-05,-0.007407751927102711,-0.00014900406390771538,-0.06697076323425223,0.0022695612793243985,-4.82867125947712e-05,-0.02772649463137569,-0.005126145899959386,0.0005380363261461619,0.00041188952674049706,-0.0022106052596955125,-0.00018921449677962768,1.2411557741372876e-05,-0.00012658333455205142,9.056824541628443e-05,-0.001599720713036764,-0.00021634286792154245,0.0002703626995364814,-4.8462726873350556e-05,0.000512802138915313,0.03270636998523292,-0.0001739740949440096,-0.006522080393032493,-0.0002608613870836402,0.12620273376182145,0.0008343265265062299,-0.00020099647271167032,0.0005258273115318207,0.06735949128950103,-0.00910331110855969,-0.02336741985781819,-0.00010205432868850379,-1.16243799058776e-05,-0.0036508264067564074,-0.000300101147980232,0.009239243463445146,7.735598401871014e-05,0.0005150682410053993,2.4128291162855975e-05,-0.0012488475931402288,0.0005241891161088183,7.081946247410043e-05,-0.009965944943638507,1.4435333997586675e-06,0.0006518670176604013,-0.00042685121824404156,0.001125509479237509,-0.00027029094504041687,0.0003950910872290023,-0.02548141801286343,-0.0020316139148594623,-0.06331535008868942,0.018088957773721718,0.006158491990630701,0.001663066559337385,0.0001635250536216296,-0.0001645502802459048,6.568943484281489e-05,0.01719778679262827,-0.003529286740733775,-0.0010500209874992788,0.00029737595875100296,0.0005230668246688167,0.0019666584334854654,0.0024168073449953526
60,-0.011986500250829469,-0.004821701660376532,-0.0002607431071972779,0.00026071404249923547,-0.002160705183005418,0.1615401201416206,-0.001851627821729188,-0.007825850670003614,0.0004977443940019589,-0.007356058796037342,0.24713164840498145,0.06598204753372391,0.18748015272436405,-0.008071171999997337,-0.0064623218391861815,-0.002016770772938452,-0.0002850735288723767,0.00022867079290258283,-7.229947334066317e-05,-0.0028962965105827966,-0.00032526516954983764,0.18696588952888124,-0.0009127538329228753,-0.0004580251837908375,0.0022257360410495378,0.09510903196420757,0.032374186343251794,-0.5775604257863659,-0.018432231823436056,0.0006152851511941268,0.0001355341590843842,0.004491637340692566,0.009391974713194216,0.0030827221418955027,0.006534749642669558,-0.0007695436751331275,0.00864286305504619,-0.0014327683894393636,0.33053767820442376,-0.01540468112202705,0.00019944050111384698,0.15488415620004445,0.015290086171079662,-0.0033585616428577552,0.0009325661533578292,-0.004874524673402865,-0.00029424050154827543,-0.0001959462664132645,0.0030290148815528585,-0.002600113690744448,-0.003925679917420474,-0.007161909435728641,-0.0010395223640477826,0.000904772641520897,-0.004236718608111693,-0.14618841624683274,0.0005865983937159043,0.0708284376651822,0.0005557729394824215,0.013685339281508946,-0.01468754313310161,-0.0006156948213871492,-0.001098734226186851,-0.06899190297732855,-0.08430241043210228,0.12225556245163696,-0.00047355340293753385,-0.005100331649130867,0.023159684691095837,-0.0009988068802678652,-0.06755428205952496,0.00012748821851998014,-0.0008401971487551584,-0.0003287457184688314,-0.012349918733839296,-0.000782002060463749,-0.00012980542140812734,0.03973272870273901,0.0006100618771478494,-0.002557079075531682,0.0027111015828394196,-0.010193483717428845,0.002655235693350938,-0.0031309442532006827,-0.1260323284627302,0.008667915774288727,0.4650734842487635,-0.07203226393700668,-0.018918987008900184,-0.011876700180454117,0.00237847985060514,-0.0002807616990833304,-0.031554575329624565,-0.24470435388369985,0.014043057100625075,-0.0059556669328431925,-0.002217665409225432,-0.0008092837859404144,-0.009262740968052121,-0.010336019016588791
61,-0.0049754900429128755,-4.4558839979043016e-05,-0.0013391394577964419,-0.00016175629614758116,-0.0013353972531903635,0.0803419256476838,0.0005894873179729909,-0.0026388658569817805,-0.000111089999325374,0.014039050258032959,-0.08553066678805578,0.07169076710741275,-0.36719208236893963,0.000931631049649201,-0.01299582766547542,0.016530187613950358,0.0002492552414248979,0.0001407647445031187,0.00024411163733262242,-0.002326638511808088,-3.942058234035484e-06,-0.11086382861278703,7.694647563538182e-05,0.00035278057745424807,-0.0005835930126017463,0.033830132313773444,0.03341718754324252,0.45527724869526465,-0.0023999157848265326,0.0010463056289119095,-0.013238574841563983,0.005047844730880515,0.013849909403790037,0.0007060971137571488,0.007412029813604597,0.0012975129337790825,-0.0720883019269104,-0.0015034665140181286,-0.08540452940128448,-0.038509893772511995,8.622302266847459e-05,0.020927837592407104,-0.004592492117565357,0.0011713965347869698,4.3879773776126646e-05,0.006351336548127502,-0.0007736642310649132,1.1822213593987206e-05,-0.0011386871170108916,-0.00264157560422961,-0.00026329728026014756,0.0032810700378493596,0.0004378598035281178,0.0003668312767641027,-0.0025152152065733985,0.024908914499283164,-4.591055132330962e-06,0.2222595501185985,-0.0015774552943718428,0.003036576224081895,-0.02393254456989633,-0.0001739820279689705,0.0007431510253407062,-0.03156817306284877,0.06075316805379953,0.005099165672547617,-0.0004148324817852657,0.0066392844596373825,-0.010127223040161946,0.0004719939420592782,-0.017081601573367106,0.000186665857788558,-0.0005930329873259643,-8.009962146213884e-05,0.011532777583352,0.00047862719827322653,1.3773039036407697e-05,-0.009222701353884801,0.0005494975554720706,-0.003413505362473132,-0.0007225604490816162,-0.011872478028199546,-0.000752250359759273,0.000932193017789058,0.10870122922558312,-0.0039589436474942105,0.6840709134687195,0.02366396138010144,0.015651617245291426,0.004377939236356802,0.0021447838382717428,-0.0007221001573281551,0.029183985849216713,-0.2595763921516525,0.05952177330880698,0.012904293530902599,0.0006797209130380115,-0.000350690783599358,-0.009922492002223043,-0.002174908446407957
62,-0.003366551876531301,-0.0004311882095187503,0.0023127470427267618,-0.0002820757800388845,0.0003061561981353546,0.0021057017275920224,-0.0006725995121266867,0.00133145118304534,0.0003911881639510603,-0.003228234540393986,0.016966956365861756,-0.0069477754377019665,-0.015289697357018031,0.10592024052987872,-0.0006810289070094235,0.0003723543039867048,-6.978479657788735e-06,0.006613602282615478,-0.0005252675797554739,0.0006905711209524695,4.533136499446089e-05,0.009282301598131936,-0.004209258836503327,0.00024336250308550078,-0.07309495540839259,0.004543498687071798,-0.00025203251425691213,0.014622308967717922,0.01966969489942389,-0.029559699174341366,-0.05005105678379467,-0.007119641295083269,0.005864175723968514,0.00011651116280810909,-0.49811997222939264,-0.0012570720576459832,0.03836035514069461,0.002833490855949531,0.019431245732713813,-0.0014080965801312433,2.0088383823542097e-05,0.004234215614893552,0.0010923962547665404,-0.00039536569139915923,0.0024742341080153663,-0.005593967504836889,0.005985470069170677,-0.0011628718116418483,-0.000661054018528948,-0.0007396698394670528,-0.0011756570973506311,0.04344116869247278,-0.0006491809102562376,0.0011012330210850869,0.0011313406886593975,-0.01178921548940583,0.0004135347364367468,0.012825803642468046,0.05686307515591347,-0.00030161106834469625,0.8494579484473301,-0.0009589017647840111,-0.0031774364553109405,-0.0003318445517928592,0.006679969789884346,0.005361870748727017,5.931520842619199e-05,0.0004175771071431838,-0.005134502545584334,-0.0007902955592883404,-0.0005510224847819953,-0.0015253677746180252,-0.0004006862001516955,2.2248462374023503e-05,0.0006432500747640402,0.000929275260709083,3.731934742342603e-05,0.0014901853397478902,-0.0015793404577830964,0.0007269435277242782,-0.014408860769208543,-5.797966867925053e-05,0.0013879936834021184,0.002786551357899119,-0.007609628140997482,0.0014864735363802693,0.021067896112437114,-0.004014963094009214,0.0005694141293020906,0.001774829839874346,-0.00017148259241582184,0.02426274638786439,0.0010824190668746513,-0.005189534987949377,0.00030692775619512586,0.000993865061290459,-0.0056734019622059605,-0.0003452050590949029,0.0008858756786673198,-0.0003539173135842029
63,0.01640180460652091,-0.007711165004716775,0.0021393678365981984,0.00028650006902168797,-0.0007991178095695991,0.016894492808441207,-0.0026659069257864206,0.0026195046286302402,-7.421039056455152e-05,0.010358915942393696,0.44615641631029535,-0.03443569042731412,-0.3626283840725509,0.00039903910286036813,0.0027968963029003473,0.019632162506568164,-0.00016620440668468472,-0.00025216516280265845,0.0003209597255326366,-0.0020118021004598002,-0.0008028895358299926,0.053207069515608746,-0.0015978323133796343,-0.0009870206271502535,-0.0032685047873213524,0.06588136782852098,-0.006582452522587545,0.33046783137178554,-0.010663707979979915,-0.0017368127305283,-0.008827994715987936,-0.0037987771492889386,-0.009271958637960692,0.002312404807231162,0.017105190328595445,0.0018159873733674288,0.013286156007547366,-0.002170292994035053,0.6286081606392351,0.009684438547785501,8.648351177408496e-05,0.025157674541503396,0.030788704032575578,-0.0034030205098169357,-1.4428456883458507e-05,-0.017803198170206418,-0.0003130413042885926,0.0002773706512147365,-0.003132795546847547,0.0064208572161601465,0.008422693210809573,-0.002919605061558654,-0.0011814612058760887,-0.0002510999313658363,0.002559710689627133,-0.18532769001973676,0.0008855095940527025,-0.05430249770242049,-0.0008730220315059464,0.005563036633815462,-0.02446776139110477,-0.0010447620729677198,-0.0013522012326485644,-0.08472402156013215,0.049964796867289926,0.14372932017273843,-0.0008733553305209935,0.004240534228554279,0.06517657646930747,-0.0027116731194581556,-0.027013892340668696,-0.0004970456279650044,-0.0015381482575508604,-0.000370725357876172,0.009979181803263128,0.0010273349863629544,-0.00040600888423676396,0.07003295586994776,3.754253086669934e-05,0.0024723780533751384,-2.3347404014754762e-05,0.0010314580381189566,0.002736486583323764,-0.007084298227463055,0.05462169165011671,0.01599691774877026,-0.2331477146130706,-0.0946575658983396,0.013195576720398401,-0.02140240563463906,-0.0011215441672330247,-0.0007588765120843904,0.02185892058434222,0.08063607365414607,0.0023454900892605143,0.009129824861375145,-0.0023615336611679735,-0.0012206689200655214,-0.0014644547849485615,0.0026046161432370252
64,-0.0036803687142930317,9.531523723544603e-05,-0.00037633093071801874,0.00034008712223504,0.008828332117228806,-0.05261051131329083,-0.00035474843837909713,-0.006832561918367283,8.963876257920596e-05,-0.0027142578332895093,0.02337372226303798,0.08045972178601664,0.05522615390513715,-0.002786373046786583,-0.01887579671148037,-0.00010826588106623231,-8.608746808512306e-05,7.73143680242931e-05,3.946202735797839e-05,0.0023626600277397367,0.0001214255786218428,-0.023076002194913632,0.00022671719578202338,2.7864177110635893e-05,0.0005653834210036859,-0.01099328921547444,-0.024115433662840878,-0.021144496619905414,-0.0004469309041075925,0.0006818727235596801,-0.027992236344283127,0.002750328969523143,0.017710411322989734,-0.0017675507465929289,0.0033511059453928405,-0.0017581683221548142,-0.013719128825828548,0.00502604809911562,0.02927789706461089,-0.05166648431825412,0.00015042028137581334,-0.016053136210589184,-0.00028553093603823036,0.00030466811559488503,-0.0019259478022237153,0.0005851293778366078,-0.00030930781591206804,0.00013575508143551642,-0.00025377102681970734,-0.0026543431025204296,-0.002954782433794657,-0.01142199645820933,8.278435793852845e-07,6.135425983622503e-05,0.0037584010751380687,-0.005711141805185349,-0.00010088815032947536,0.8594570008228707,-0.0007390950568174218,-0.0019204365650416287,-0.0029114925452962924,-0.0010106112385233276,7.090812118770717e-05,0.01602296725292589,-0.006032009871911699,-0.030916221375423013,0.0004317378691611187,-0.001216293562380016,0.00292113623063445,-0.000347328396182592,0.014013218462069196,0.0002486790660729815,0.0009433952851284557,-2.0307728072552558e-05,-0.0014621285974586763,-0.0019873128275811214,-0.00019751958471791835,0.0030228235331500957,-0.0009708968006851837,0.011261485813394473,-0.00093601260222564,0.012248644901141695,0.0001869634453188794,-0.0004664794809326301,-0.022065266029263605,-0.00043190258038608057,-0.3600355637934973,-0.0008751480561562432,-0.0006960087072096464,-0.0004324564529790093,0.007074516378141425,-0.0008830333708162624,-0.005633203626552587,-0.3266527538413353,0.047281287289696085,-0.00515340743110489,-0.0015968498376651556,-0.0011689718476187196,0.006545637451733352,0.0027631577582631697
65,-0.023015945859553275,-0.02790929012520364,0.0011319284853470411,-0.0008166112429495165,-0.000561621495592201,-0.028077798378463095,0.0002292229419862228,0.020319931498019306,-0.0001350908619484805,-0.01939822212461529,0.006079706355427882,-0.003236309427200561,0.05508226632874774,0.05202640882368934,-0.00030436622807521185,0.007174133081610324,0.00018571060770491976,3.730852272030671e-05,0.0005941661843375983,-0.0006383834305506101,0.0003421171841417811,-0.023461979047814,-0.009335960225201126,7.35302855464446e-05,-0.03634019890537057,0.0014188193872393504,7.407010748946023e-05,0.0307870591306086,-0.04622428465457873,-0.014212181809062575,0.9514580220450884,0.06776534323110578,-0.0036664567326139194,-0.0004964717036045148,-0.04259499574392571,-0.0010876340937632858,-0.21659017456770788,-0.001761147910944158,0.04740695266890915,-0.0030084782916077217,-7.592461376583481e-06,-0.10293758548337206,-0.003271040383665572,-0.0005029332209723811,-0.03562411806343906,-0.001512379993390086,0.004325970414530726,-0.0001322666139737461,-0.0032397403830480985,0.005643959838814627,0.06216997934539338,0.04861472788489622,-0.00036012042436052265,1.9275520117191525e-05,0.0005895822900396442,-0.0063517983710749135,0.0005075134061394383,0.01944566258668756,0.0037797347265790455,0.0017998583567976193,0.02847209454383988,9.258498470812032e-05,8.958257727439967e-06,-0.007204798253463125,-0.007135808738758219,-0.007212979649344439,-3.699712701518069e-05,-0.005213536790469039,-0.0002683138066093176,0.00047269188632335143,-0.0006752963534398639,-0.0022145338160014195,0.000551808408923139,-2.3243362616380547e-05,-0.0025137996732019358,-0.019182255926456414,-2.8670230400896016e-05,0.0051488022170306435,-0.0007551915115490138,0.002805448492655695,-0.009567750528789255,-0.0015242476886149145,-0.00024309487611651453,-0.00022763771369354062,-0.0548426574463834,-0.0026595848637992366,0.012449154236649017,-0.0007448534219272649,1.083877389728284e-05,-0.0014997212815196857,0.000537023580231299,0.0013322510606707625,0.004358770050427541,-0.005859783678008775,0.034255977456516026,0.0035551943160413825,0.025164924741285347,-0.0019795387178165222,-0.0011037424679435923,0.0004665748859485571
66,0.06691622073456045,0.0002889627716397142,-0.003461419074469209,-0.002032816133691037,0.0007303092873215747,0.05945669292638597,0.0002351083234710255,0.07130155609335576,-0.0006423132490298439,0.024135651929913533,0.00813221901929942,-0.2646621116985273,-0.0871580679469661,-0.01615329452760176,0.00071364993493786,0.009783093628895817,-0.00020149108557061118,-0.004686285295557071,0.00026125616396024606,-0.0008012737706592984,-7.545457079884133e-05,0.06033069382406017,0.0007401801995341514,0.00010454781968806393,-0.03191074384703092,0.0012101909622597449,0.0017803856609988023,-0.0746111460471486,0.007092636804678941,0.0020904503477504957,-0.01081165390328575,0.006688352890076653,-0.027256978675462715,-0.0004749103211760487,-0.02829669826443512,0.003303169149658114,-0.0236454181455647,-0.008789752549107754,-0.09692709878673407,0.0003883844688982153,0.0002420359360606368,0.20340346226965927,0.0049688385097178735,0.0006175675445573273,-0.00995205543739467,-0.0024803491210319602,0.0088318886872654,-0.0001378044660289103,-0.007462147981039961,0.03047137338030262,0.03412113867355836,0.22983399372373298,-0.0009966069366089195,-0.0002281693849664826,-0.0014049553544952104,0.006384170277751766,-0.0002558351075968284,-0.02353036230829498,0.0015301453119015008,0.001957388557016524,-0.028720174889052152,-0.0011814588219449529,-0.0013903198283838347,-0.02399824992007254,0.006167671534681694,0.024609118244292728,-0.0037832966586007722,0.00391783775016704,0.0018493354306752842,0.00023863699348785966,-0.009167242814124234,-0.0013986038861623926,-0.00589042162865811,2.3031200665366014e-05,-0.002650832497226585,0.004814699537213321,0.00023710182665847776,-0.001962872446865855,0.00024929755750160987,0.0002543036557173875,-0.01964426733564737,0.005124875611973252,0.00023748717231520354,-0.0011905419753558354,0.07507847716732913,0.0007456615312885508,-0.06645291885181943,-0.010618580675749922,0.00311644653904637,0.001971661791084246,-0.0011195992142339793,0.013866576713547601,0.0013049928305060438,0.011458429867433565,0.8799233451394056,0.005273464166206311,0.0385401033086861,-0.009393189450903141,0.00011559606023528804,-0.001757205367920173
67,-0.01864433160549131,-0.005107062807768372,0.00036625057487400196,0.0010656052271777097,-0.0009471645126587821,0.23721432927563976,0.00024591418676059816,-0.016839958062124488,0.00022927819565703167,0.10380454775762725,0.03608094468622177,0.042816499008716466,-0.3443127126021393,0.01767366371254213,-0.0011239032047418787,0.016003775696382862,0.00022052390471595518,0.0030560214293214143,0.00017321127810089598,-0.0023872875960252032,-0.0003148802949077545,0.1977919416182436,-0.0005180421227974677,0.00032148138128604287,-0.009451559913506116,-0.0030392430795063196,0.015740395169528146,-0.15876910506492467,-0.014805143053003761,-0.003414340538030091,0.1490754960457985,0.014258893086037373,0.01084250747545009,0.000232399936550845,-0.001874631054553745,0.008545467511457433,-0.0261324446153898,-0.003466888295891188,-0.3129472007876913,0.003917577207039245,-0.00016562086539212428,0.6242655699581944,0.006267603077626972,-0.0008298422296175922,0.0013538860773055772,0.0014692156434035712,-0.005913719654179613,9.268537510971923e-06,0.0023681199554686123,-0.011262193735837242,0.00361748577531755,-0.13281144599942518,0.0004935235227846724,-0.0001649907791760677,-0.0005048329425722461,0.024881135684359842,0.0006784445424509525,0.012716476352195553,-0.001154723304413918,0.004242897634736586,0.01712341224231456,0.000764036929089898,0.0008925388596357914,-0.05436534422105091,0.039458054967281504,0.13620063387956763,0.0008258567671771654,0.013450705306121864,-0.017889357435713498,0.00033090590767733026,-0.016427685082849714,0.0007668874684705002,0.0005584924929502222,0.0002949955128136693,-0.0027941139724290513,-0.003321242876082077,-1.4119889858436874e-05,0.00955794779160984,-0.00013850946635826644,-0.000401595561285599,0.01156766875387827,-0.00242304456364335,-0.0008643846654024685,-0.0005123738789024456,0.3087128419463756,-0.00368144259839028,-0.17653584591030433,-0.017459363657595702,0.011033921887454955,0.0069418568163616525,-0.0013634102806726802,-0.008332689073479782,0.009743999253648302,-0.0018067100298743552,-0.25140558832704074,0.024439492985476298,-0.01245279261292852,0.0025568920998497273,-0.0023083960602812946,-0.0006241790367569472
68,-0.00748745927829737,-0.005222813701684955,-0.0002544419228126299,0.0001695113449340386,-0.0014898505478889916,-0.044843569701277,-0.00028086859038156274,-0.0009224204899465774,1.9493990048964887e-05,-0.04513041819566293,0.7286296248584869,0.01267844999316952,0.04240038447373528,-0.008012437021519327,0.0008263165154165711,-0.003844385261228952,-0.0002451690479101428,-0.001366932642095772,-0.0004174457881415891,0.0001598387742420826,-0.0007766492842382622,0.15965809398664868,0.00045923643209921754,-0.0005999995151010074,0.006288565059023574,0.012404842860868816,-0.001384934761295776,0.08748081776553848,-0.0027935514547779983,-0.0019339894814517592,-0.01281511783193675,-0.00422366613104717,-0.0007419933212662218,-0.0003699200126607349,0.006145399986343137,-0.0036451288116475106,0.009418134260846617,0.0020585543748387614,-0.5645814735252097,-0.0023637395323023794,0.00035340023890173544,-0.24833678719812718,0.05857740420738902,-0.0012318566300004493,-0.00084622363991807,0.02261203372220841,0.000818114533430489,-6.652564104868072e-05,0.0008668501698733018,-0.00826736323257266,-0.011254044040500608,0.04293585919737643,-0.00040881096271566664,-0.00016780627396087433,0.0005584868829568782,-0.0029411476320272923,-2.5932674753634255e-05,0.009221793645394799,0.002823753496017848,-0.0016617064530545997,-0.0049619278180822735,0.0006751090512727154,-5.044698667688863e-05,-0.016974801867454058,-0.007700893580148112,0.102739146220462,-0.00041082957535202094,-0.004011530926288004,0.019180120481874136,0.0007105093484679947,0.006866690727469952,-0.00041032793352356253,1.5048652847812413e-05,-0.0005573774683830524,0.0031984522165304785,9.629712559439119e-07,-0.00037204578664535963,0.0592284757575842,0.00017767370514409908,-0.0007878188497765781,-0.004683476688922168,-0.004782836805332915,-0.0003314130515227401,-0.00641420915842407,-0.12459037536946299,0.011709707938864994,0.04114067006782753,-0.10024521410740121,-0.0038296861423099474,0.015182022155558604,0.001559292547781612,0.0030945008160190046,0.004252106886890308,-0.008121929840742606,-0.0030006276215504453,-4.879042118153404e-05,0.001300210655112391,0.0005506064543689335,0.0022860697546901315,-0.0016837532229834022
69,-0.017693499505959446,-0.0031648021382099465,0.00046609819734328567,-0.007236817749269703,0.00023301566665977214,0.02154759059022576,0.00020496558151011923,-0.021176160441893854,-0.00013583665382500745,0.012205457426002108,-0.02574967201965128,0.06417421971024445,-0.028815570982270795,-0.035669923072142305,-0.000332704760512708,-0.00341013409605612,0.0001585413408172233,-0.0185334593931286,-0.0008404309136765165,-0.0004984361939850915,0.0001299405941848908,0.012186379824586785,-0.001261365417362932,1.917716098432526e-05,0.018215883349957326,-0.0006082692436693568,-0.0007179180941917257,-0.015083889558948503,-0.008953426740493042,0.0043559063109808544,-0.02416186214032755,-0.007818704452256624,-0.011610912125424646,0.0006868544644940074,-0.0589094013111007,0.0004618305756431528,0.004803370813473741,0.0021661808506979996,0.007646971962412725,0.0007250616644893641,-7.498068067476882e-05,0.054338372528412934,-0.0023890439584263005,-0.0003261656183121186,0.005681117943993673,-0.015033011816551204,0.03859433743922093,-0.00044394150331974547,0.0023304672026747586,-0.009827312170456334,-0.015760850301480972,0.944799294907444,0.00038412816161103105,-7.926879578599305e-05,0.0009566940748485204,0.003868285401559893,-0.0005469231540176718,0.012852403042766315,0.015169870334852141,0.0007258908542214699,-0.08262135611444098,0.0015984631309066432,0.0013517193002270667,-0.0025895669388848463,0.004339706036548427,0.0016821861492026188,0.0013782191329572598,0.0011448781885082344,-0.004110865498909763,-0.000652766743975905,0.0002990303349115138,-0.009167248365081301,0.0015944862582907573,-1.7801801089610027e-05,0.0006592970477640563,0.00024674432312823296,-1.6834524554480007e-05,0.00018480580275531607,0.0007911185725447308,-6.13766795504731e-05,-0.09227689368793036,-5.748458766418056e-05,0.001170970490459381,-0.0006624908551169711,0.03421669376823334,-0.0003417862609672403,-0.01692076870128846,0.004190984024360869,0.0008864897765303213,0.0004528328021087604,0.0009448436149531786,0.07994258661682631,-0.00011942875111906442,-0.013974721426916824,-0.2538610793425599,0.0015360493200455233,-0.007485569231028956,0.002824990635597702,0.0003991392178623724,0.0012255754083488801
70,0.005131160064566866,0.0013056731961924358,0.003800693497246042,0.00024768189710010213,-8.784053240457924e-05,-0.021901692696435743,-0.00038704609578886105,-0.011564116800502228,-2.5695120725486957e-05,0.0703594822077556,0.3205566464888588,-0.001963447144345162,0.05719925783582185,-0.004109516452380535,-0.0004964598810183649,-0.023905078564676142,-0.00011001441019983793,-6.045662838064181e-05,-0.00015348299897936443,0.0008267557240698564,-0.00042379469917283585,-0.8306065968282045,-0.00020273292245058614,-0.0005142959854437384,-0.001617456241442404,-0.02337053284861263,-0.004706060609928742,-0.16036675443057072,-0.0007900004933053678,0.000801158665838562,0.01487515838180958,-0.006218885945249647,0.0017606106289318867,-0.0014374210397681477,-0.007858461155275812,0.0055644293822387295,0.0022702772807399046,-0.0035141391611649836,0.0013493593991428282,0.0009845122629226384,0.0001779908898169591,0.16639800823344827,0.010936366220619206,-0.0005426503773471687,0.0005061809205348863,0.005468656524279255,-0.00017081495472683105,-0.00022409840775984655,0.0031955879807813088,-0.0015793525784302894,-0.004405026190554717,0.001793445529644795,0.0007395339380928817,0.00019831029584058135,0.0005808967000190354,-0.012704594779464604,9.407674290421233e-05,-0.02548523029346954,-0.000728670690645216,0.004103210681437899,0.005661168876398458,0.0008363733108795561,0.0011466895698652307,0.2580874983647326,-0.02897251920081141,-0.10150055080829364,0.0001370413409965479,0.0034388057009101594,0.027339295200911738,-0.0006650805153947585,0.023853253391865715,-5.224316619056391e-05,-0.001000155010521594,-2.6340087449464034e-05,-0.009081121395140064,-0.0003393424640709061,-0.00022536572994554232,0.014546471657807737,-0.00011488159664983788,-0.0005120379901412397,0.0015020721810931406,0.0032520187949231713,4.572999952536655e-05,-0.0011995879870303709,0.24587292531239568,0.0019563738211925336,0.030218308835878938,0.026643565085279604,0.008477437088543534,0.0012914328278968508,-0.00042144180770496784,-0.0015763432536127172,-0.027530651531806102,0.0037079202855658374,-0.0013622801279164192,-0.010584734352141814,0.002727474670103279,-0.00047587137398850954,0.0007693981618662523,0.004411271697394012
71,0.003162933858224623,-0.008913083307822114,0.0014670650359299472,0.00015317645159888392,-0.003254710203926106,0.07489135255642328,0.00031289846467869725,-0.017246364563359262,0.0005349760023493015,-0.010510765227665381,-0.1844700863250341,-0.007180227785813848,0.06380106476077067,-0.023006754015387924,-0.0005893794893816159,0.020452354541659015,1.8787441533401998e-05,-0.0004671841129455805,0.0002421384985613756,-0.008011996141632054,-0.0006507259593064862,-0.2055314044967429,-0.002882428826562365,-0.00010581692343750865,0.0014271007560114,-0.0018255483175088091,0.006309361408965247,-8.17510443974212e-05,-0.012680381708403885,-0.0022726181115859953,-0.009546082968451282,-0.006447854427312027,-0.000552440576207118,-0.005201472713321463,-0.00016449423475854035,-0.000633639788349398,0.00710764802649921,0.0016306325019730741,-0.05169053840505673,0.000838403850257611,0.00010621233398614566,-0.14968047721023509,0.007373531199267326,-0.001455959687269243,-0.00020871793349390433,-0.004844880802249625,0.00015275955637142629,-0.00012752288269892147,0.0006414831899504911,-0.010188044208640383,-0.008397080041737455,0.007014781934801966,0.001359876776410307,-0.0004188810441870944,0.0002669518347004213,-0.0032844727155498287,-0.000217526830715669,0.011917296528544643,-0.0006376007075140115,-0.0011287703935135781,0.0052357339622795575,0.0005237864521025135,0.0001971665908966358,0.030441256265425744,0.004363036279145829,0.9362374674973789,-0.0006471232400985425,-0.0003566399901221177,0.01454620568298259,0.0002480924386960648,-0.020638248339734176,0.0003369446366115244,-0.00032325319636584537,1.886111569404398e-05,0.0024899134232362202,0.0005016209892418286,0.0002998496235328968,0.0758370111351127,0.0008240936235393761,-0.004047556951133818,-0.00321637919370703,-0.007956573673945842,-0.0008151868229318042,-0.002838468189450237,0.002751557397696395,-0.0009851978586012569,-0.04389313994996412,-0.016496650021221918,-0.0021889353506716553,0.0013777768861600753,-0.0007265122920360901,0.0015485573970413162,-0.00013712749165822373,-0.004673412252961192,0.015063367113102261,0.0036199418325935455,-0.0020596667080726057,0.0015058965871777626,-0.0027312522855125927,-0.0006779857155802854
72,-0.039022111666627085,-0.0019182506248703714,-0.0005661196814480455,0.0001152959851696304,0.0010052576682720825,-0.24479035111727532,-0.0002237242001771316,0.04349662913624178,0.00019102597113036975,0.05509789064048361,-0.031207010112104132,0.002650942018101052,-0.36142070613238625,-0.012794383639411095,0.0005673451355104513,-0.011203291785662458,-0.0002447913311658511,0.00016490101105333903,0.00038108496092232116,0.0004672537134706306,7.648691460029888e-05,0.25554893459846123,-0.0006981835424979448,-9.771349365540055e-05,-0.0028649786724114987,-0.059720970990022326,-0.013796887835356108,-0.3014035609944468,0.0006580368637771668,0.0005284522174647532,0.015408738633821514,-0.0073728181996227755,-0.0009230129003716774,0.0007507002897386033,0.001847478103489026,0.002614312436078889,0.006685748390283214,0.0033918060109168167,0.04425805108095018,-0.0014818758718914877,-4.1840406475424086e-05,-0.35591500984465474,0.00579284314734961,9.861252450997851e-05,-0.0009885478774058001,0.0012199819271433814,-0.001579031063469443,-0.00023549098884806743,-0.001001830561788132,0.004922381693580471,-0.008515152244010865,-0.0015671795260609773,-0.00032230331260862943,-0.00011035811371903903,0.0018374448066304505,0.0036777892779613405,-3.031241558506398e-06,0.01743594143735378,0.008444395495737889,-0.00046912466136066547,0.0017430696594286157,-0.00014771200246008892,0.00017775276231608156,0.6214400950265033,0.05177330967461142,0.021453650671434624,-7.736567330106445e-05,0.004610937514696312,-7.966013707185826e-05,-0.0004248917507722644,0.007546212052351613,3.8933245696530776e-05,-3.432459486837208e-05,0.00016290947424253688,-0.015027005469333318,-0.0004131656564113073,-5.0382395105422195e-05,0.004053591315176415,-0.00020881660576163585,-0.00017284359563542184,0.001350059712759085,-0.000217492649702963,0.0006445277726454968,-0.000362642964466078,0.34533627909929926,0.0003848517379541824,0.053561319068841644,-0.009842440827495526,0.00520009988555249,-0.00015801192638773302,0.0008254538891181076,0.005662002410932587,-0.006095555192147305,-0.005620002085431354,0.015713652573585972,-0.0027510500628708566,0.00011327145687087259,-0.00029887676189356213,0.0017938564317305297,0.004337862959662438
73,0.4266609926962128,0.0011175034707707906,-0.0002267221573750691,-0.0005309503808237186,-0.0008482609085719503,8.334120630643094e-05,0.00019401097055329886,0.8267748187089017,-0.001264037132900013,0.007470944035262668,0.0055059827310074486,0.025009266516048363,0.012439538973374468,0.18872965864635938,0.0004592394667712052,0.0061586003918383606,-0.0006124430979907725,-9.550948667087257e-06,0.00013735881455715498,-0.0011231140336932788,-0.00023945709754680244,-0.015669494627974047,0.0008050610469314823,-0.0008987096600209243,-0.0473615325584002,0.0017057960160663734,0.0027763710314423016,-0.011922177585051867,0.00026722294630758536,-0.007548217841905576,-0.05994716534339751,0.023872619804802774,0.0010201481801920369,0.0006943390008695028,0.0017755495213771788,0.009879749019698424,-0.12049357845079606,0.0010878453365605334,-0.005696235218029299,-0.0006434299671374925,-1.6250259390809818e-05,-0.0029219914006268785,0.0053850661417105886,-0.003613886203995465,0.005780758309168327,0.0009900647135426704,0.007388568837965587,0.0014649386396367939,-0.005104633031175067,0.13999553487469946,0.17618219790747658,0.003778591442045144,-0.0018752740922453326,0.00029972389936039345,0.0007748382236862097,6.94891860680315e-05,-0.00022448830041945159,0.008792188009468911,0.00047605504575691277,0.008589859497415517,-0.023828449943643727,-0.000997840077905321,-0.0004729556519697531,-0.012060406929229514,-0.009556258007154627,0.02085710526331133,-0.002712587059257471,0.002837255719429492,-0.031307710550601366,0.0010083011845771813,-0.005553511143516435,-0.0013587992824828053,-0.011243186219171924,-0.0007255034948936562,0.014226282439715174,0.0023473580449959175,-7.881538967735927e-05,0.0017473989833938896,-0.00016423277445132278,0.00015963201955877804,-0.01086171565132195,-0.0009358819707736363,-0.00024056376802451124,7.128736458919538e-05,-0.003883487465591514,-0.004289507442783586,0.00468053946025281,-0.006596497807415354,0.0027325061277574877,0.0004933297124536324,-0.0007526421454128948,0.009899758401797297,-0.002559431578123719,-0.007504328800084887,-0.11164412236171345,-0.000590159844108251,0.09591400196533136,-0.02675106306750013,0.0015817683682365288,-0.0015284503944269154
74,0.3584121898063713,0.0018961526279603728,0.0003455335894095848,-0.0002722061280763838,-0.0006041157793093919,-0.3010986021807838,-6.315871291810021e-05,-0.24363717252887906,0.0004187774036583519,0.08513310931546653,0.013993397300238408,0.0073059226906430005,0.13438926893553862,0.08942001561278454,0.0013168174632020822,-0.007231990326368273,0.0001984143214637281,3.9524755927507205e-06,9.078109413470856e-05,0.0017938535884358849,0.0001805973827613272,0.03587145142098574,-0.0012552978652292553,-0.000248692575697651,-0.03164420692341753,0.04475147292829467,-0.0024863851929886297,-0.09377923249921093,4.364382336771895e-05,-0.0038329415619692106,-0.01848809300182655,0.011105494132509486,-0.0004148858378454738,-0.00017718452833714746,-0.0035811440574738803,0.018345875994929588,-0.08260171940559986,-0.0003585617767828536,0.007503581142176547,-0.0018558876906888348,3.0835888734717654e-05,-0.18853167018626804,-0.0050058501211032915,0.0016763468698170717,0.0037180796908201606,-0.00010003711658289316,0.008486792160654864,-0.0007252067036801722,0.002063352712860388,-0.03058396014222411,0.06663093525321512,-0.0020337915309777844,0.000414194291019087,-0.00010615073479161574,0.0009266161594350189,-0.003446067623957671,-7.423769158217911e-05,0.010947481387342112,0.01860491242364884,-0.006596706585648991,-0.004007788648566747,-0.0002591221663254817,-4.4130328329549176e-05,-0.5067606898466971,-0.011498652378607189,0.010679246860008202,0.0004210478331027976,0.013491901170639227,0.03673061359350741,-0.0007642399637753428,0.00770078203654808,-0.0004983259475599446,0.003239938274802869,0.00035437732407827757,0.008113010496363066,0.0014279109955490053,-8.366805431364588e-05,0.006153903146337682,-0.0007235070267297694,0.00035957071594822754,-0.004200052976420015,0.0004176600645898563,0.00028074224605111053,-0.0005872707029479118,0.6018851958852856,0.009372306384073839,0.04962533407330694,-0.001939505260730123,0.016207777000292717,0.00012629927690258557,0.0007865482712666703,0.013636122081835695,0.013839956901306818,-0.00238413892068046,-0.006683740044213939,0.00868716824092743,0.033733352519073334,0.003464682706602169,0.0020760375886357298,3.365258765736234e-05
75,0.7162952956725435,0.0018587772262801117,1.130887022643065e-05,-0.0007048312812671991,0.0004102136600797057,0.1821473566188609,-0.0004401757821043198,-0.4467398705203852,0.0009679771215105465,-0.029839303245013854,0.003775615817654829,0.0037609730490757304,-0.08652303414185042,0.11136168832772095,-0.0016253020548706119,0.0016632561114270535,0.00025806878203582517,-0.00024931204133731965,0.00050288811479076,0.00024293618719212207,-0.00028631386878606724,0.006207362471172473,0.00015967187552545426,0.000412959932364218,-0.034183924629004214,-0.029195451715890074,-0.0008642730093117842,0.009799540677552072,-0.003186546526911707,-0.0025802141178972067,-0.02580572886172207,0.036911411960983645,0.0018008561181113221,0.002707956635805509,-0.0003597012016034332,0.01009632147033912,-0.15926490543499905,2.6504625406417737e-05,0.00018215373475263894,0.0006170902935169215,0.0001664850557533959,0.038851537572428485,0.0018555011615437635,0.0013286652586047593,0.005222591306570129,0.0016035866488488578,0.01594254386527175,-0.0004523919321842828,0.001760670553528177,-0.0530084446150165,0.10181750816171642,0.0025884805096592902,0.001053460273382531,0.000375092631599766,-0.00024786932480132945,0.012365883694606996,-0.00018710200688125053,-0.006510683469838196,-0.005610182295467502,-0.00044989279555138727,-0.011618793242266988,-0.0008088019725367712,5.657092146058723e-05,0.28968499890330884,-0.0002565355012446313,-0.013187825574014104,0.0017377678576711592,0.001335295646159057,-0.1375954938254078,0.0003856136065694335,-0.003652539336567838,-0.000649823082594243,0.005597932521149201,0.00031566769724171787,0.018686051660290998,0.0033510215403018857,4.496393855205061e-05,-0.011567585046243438,-0.0008085032770452638,0.000481477245208084,-0.006022733840656824,-0.0026771599729747443,0.0005956874729801474,0.0018807004613235819,-0.28182731706346176,-0.020306052904980953,-0.02596183512387802,0.004895312378759838,-0.0014399700754176258,0.0006754178391883675,-0.00018588933014586015,0.00035445083738661846,-0.005491092086422521,0.004883626139126355,-0.025201504830108575,-0.0032603684990802698,0.05828307067665947,0.007837733018571331,-0.0005652581091947495,0.002313225821586249
76,-0.22869040903500576,-0.0015560171322637761,0.0027193638515950174,-0.00038668043266578637,0.0005653402667572138,-0.034183876012260896,0.0002679831651477005,-0.10111970163283006,0.00027398995684647584,-0.0034467418931611662,0.0017030266103688421,-0.005634621162198875,-0.004958721419923037,0.94772014092585,0.0003357764857503196,0.002527650957833628,-7.104124265529255e-06,7.698527891900411e-05,0.0012871305098606299,0.0009604255606166789,0.00032628357220937376,-0.005897808635589299,-0.0013876409740480704,0.00022678673301586294,-0.04982124678081615,-0.0017438579805363927,-0.0035420720406118423,-0.0013697473629415585,0.0019855871469597955,-0.04902095156642902,-0.04816269112866711,0.022858640469059256,0.0018607696063396434,-0.00034171906628225343,0.011992004201275592,-0.004879201751893464,0.04847199970533307,0.0011978808970634358,-0.0015447879157902264,0.00023798193537964002,8.193034688322443e-05,0.02121556969482887,0.0025270433497391683,-0.0003870074320530825,-0.0021748972553822243,0.0010998633954980557,-0.0047988714229636655,0.001020182041964808,-0.002324829918761883,-0.015056237864058415,0.03402168031404315,0.019573617447100636,0.0006880063701791284,0.001498771831700746,0.00018805265785185044,0.0017189831914480752,-0.00021661792352642428,-0.0023398599253925782,-0.001295454155961346,-0.0013353603638350565,-0.12654096264487685,-0.0006487723019257541,-0.0002501989859142184,0.027862896386456795,-0.0007999810035477631,0.0262675225411292,0.00022860298467195644,-0.0012269114308352536,-0.010011881265667573,0.00025232541543862216,0.0013643633972544068,-0.003360169727411967,0.0003403707077661508,0.00023487981536218783,-0.008867866866479474,0.002415759096351819,1.602363516176042e-05,-0.001153553335857633,-0.004569610466655605,0.0008346711791574757,-0.05626539183817028,0.00018845482210925503,1.732009170458959e-05,0.0010415569933272181,-0.03274695470928737,-0.0031307050830460485,0.002023418986574821,-0.0005130788989695643,-0.004460144743593141,0.00033483104571120637,-0.00011217362111243939,0.04074860105182961,0.0012010353738045633,-0.0004026111063548505,0.03003370474079665,-0.004035171589658774,-0.02979628977731784,0.0034068713638902397,0.00012464659714588044,-0.0016383564802143202
77,0.0993978168520478,0.0013263899681347398,0.0002808635801811723,-0.0006387906828764214,-0.0013550947220249336,-0.017271576722462722,0.0002814033907450178,-0.030428312181779025,-0.00023672260085700388,-0.0044270829701843605,-0.07712217847682232,0.003184730467111591,-0.017843084912969227,0.026376180515644727,-0.0013272829699546608,0.0017724436437751134,2.4940871313028877e-05,0.0003138161596020092,-0.0008511685737432693,-2.1376066021009874e-05,3.043589803001026e-05,0.010137703052167525,-0.0012516430340937207,0.0005888921238072359,-0.007836642472063025,-0.008942753020544363,0.001073442328910591,0.002068845755254896,-0.0033643496052604624,-0.0023926116913390388,-0.0027929456835319778,0.016477713098551564,0.0012077129476310822,-0.016981916409451195,-0.006067541762297101,0.0014412331426302116,-0.02735751568770138,-0.0005692322066358016,-0.06733780990779482,0.001508295583868085,-0.00027881813209782585,0.043306547626027515,0.008296281248595673,-0.0003363954512574309,0.002281069533892826,-0.007990653399255176,0.005882901481757075,0.00022675001010590608,0.0006394149291726719,-0.0023645608297443547,0.019353058843827764,0.0008234962946248757,0.0006736029105940938,-0.00017882801105091172,-0.00011712950570123815,-0.08280924100730623,-0.00021901570991259044,0.000419227474868286,0.0022699963404252915,0.00021014317165661995,4.965308147021445e-05,-0.00014149647516301794,0.000676807390396824,0.06063474238902737,0.004840816870186333,-0.02560427958858606,0.0005729873058772832,-0.0007802907860213486,0.9690746774846385,0.001754836283692632,-0.0008095724581181283,-0.0005195037545864473,0.0005256676670916793,0.00040533324031389803,0.0041601637695781665,0.00027775044545675937,0.00012906386399404342,0.022425468166602718,-0.0003141622264826449,-0.0005997952753947072,-0.0011572236647432268,-0.002124915541654481,-0.0006001373685584196,-0.010676730031582631,-0.08122195990483878,0.1236540907562355,0.0061585742350037265,0.002437614422836243,-0.0031861258864834987,-0.0040177148321637254,0.00030537258820741544,0.003395727559434251,-0.004877145336795199,-0.0004392459235622716,-0.01583280349481701,0.003343119638090606,0.008720818801547792,0.000308681726133608,0.0003490166669195289,-0.00044370168918816955
78,-0.039422007103775615,0.001862870665514136,-0.0017421164878305088,-0.00012354619318465272,-0.000499073657463902,0.8308147479098069,0.0004043308064100061,0.019358429285838294,-0.0002266647093076839,-0.03562509988853984,-0.01540274702528143,-0.0024252023608478408,0.00025496892397459253,0.04526394338558341,-0.003265483500508471,0.008860839230429188,-1.7203861541121787e-05,0.0001866571842308335,2.5341168716486867e-05,-0.0024652148228421072,0.0002446485639022722,-0.03552236917595195,-0.0009226571622832215,0.00016890209025743896,-0.006213054224279119,0.016751758505012145,-0.0048495644386538726,-0.05643356098282512,0.00040128028029357,-0.00029567751852235856,-0.005791990323207041,-0.019706194113568595,-0.0023747297306520414,-3.441817236552423e-05,-0.005184398727009958,-0.0008228658120939814,0.017878387334933497,-0.0002889698366057014,-0.00323216094658958,0.00320202824808709,-7.847965532709056e-05,-0.43357753263839627,-0.0036098290728809714,0.000880044605172936,-0.0013509236987555295,-0.008568877082775749,0.00442448968486521,-0.00010918079523307162,-0.0018113403262629904,0.021108434736276032,-0.0071652454661925435,-0.000982648875643045,0.00031064898169087807,1.5379975829177273e-05,-0.0015847843159225855,-0.009843334581918098,2.549031614624414e-05,0.004116335202756208,-0.001378246280357956,-0.006704335127748153,-0.003517258728089067,-0.00046952016330643886,0.00012790696762986914,-0.06372908465667061,-0.0016015789712910782,-0.14932680423720013,-0.0004379229183746336,-0.0034025652958947113,0.05906519250473103,0.0006803015848221867,-0.025463094812654123,-0.0005512525391086201,0.0011837446331749366,-0.0006187425710938305,0.0007184632440450089,0.001502763447950306,0.00016399342141806827,-0.019801834626412204,0.0001094147659211342,0.0009054575752501792,-0.0014353099994632215,-0.0017436119042746612,1.7903176120347142e-05,-0.0007299259834904551,0.26091413081896914,0.007843244310983991,-0.0975430077168073,0.009839171983647142,-0.005073171983439196,-0.0009999826833284786,0.000782929991517637,0.006342561382381746,0.010818875344879738,0.003918329459132671,0.01712316269332904,0.008873229184402982,-0.023363487599709354,-0.002625823701609322,0.0019183212649822035,0.0008166292337124098
79,-0.020371619916108363,-2.40985388736889e-05,-0.00024244329451562126,1.4610032916069146e-06,0.00023576018642391863,-0.014588301512458324,-1.3457175000720217e-05,-0.15830879327125727,-0.0004943497613119508,0.0012495358822913042,0.0006335405403539873,0.0036789160064586088,0.00037066390015290124,-0.0060029793811883425,-0.00013009001252172695,-0.002093212739958515,-0.000104182414221771,0.00040258371348969374,-5.316230057733889e-05,-0.0007289753672071802,-0.0004037631623583296,0.0009066676027753113,3.4712704091738095e-05,-7.976691174357842e-05,0.0044616868456786585,-0.0010499371028728597,0.0006078694520523084,0.0003528237082070897,0.0007428954949323507,-0.00031656408019396613,0.0009042334244541515,-0.008003048065964023,0.0006194591163403171,-0.00027169812112546395,-0.0014867366155237138,0.0012530465722499044,0.004715579912102645,0.0007784003052432762,-0.00900322691388888,0.0011344320031082033,-0.0001873699689736788,0.006708348315328694,0.011946652263969062,-0.002651268981355645,0.0021031922731374756,-0.0009014561545876852,0.0009530726325394879,-0.0006688472277207296,-0.005270162277134057,0.9774327445310312,-0.011352616174042512,-0.0008425816172550498,0.0013118662696846401,0.00022486263006739338,-0.00046227890979430586,0.001969689880273869,-8.858230936443969e-05,0.0010161716284222888,0.016184722471207995,0.00020904156204065976,-0.00041561782269085995,0.0002373011951776957,0.00103749723283212,0.0015589419267967235,8.470515842283043e-05,0.009668590170434876,-0.002315219828787696,-0.0003778037718459252,-0.0015355531287755582,-0.001631639845128483,0.00024530919360086926,2.964558099373231e-05,-0.0017872084874681368,-0.0004818325356995643,0.0003098461263894882,-0.0001691916632276325,3.8625420100063274e-05,0.005302233704581858,3.588116955555165e-05,0.00032107177780250733,0.0009256285342204038,-0.001500973242621292,-0.0002527308623439502,0.00034319467928218867,-0.003928718475932128,-0.0007367438710675475,0.0034268994835762855,-0.0016564022061815761,0.0005802713926531039,0.00010133163013300868,0.0004143275952124695,0.0114857201563894,-0.0003908988063448846,-0.006875616022891841,-0.020463725066650968,-0.0004381902611972806,0.003797988676983062,-0.13140198838584727,0.0004126869560984875,-0.0005304834044880698
80,-0.005207539022738327,-7.19518762866125e-05,8.999933581611201e-05,-0.0016338988855616999,0.0003234408398713282,0.01114875669811135,-0.00011308483394415706,0.004502150716074377,7.742676171797777e-05,0.03607557647050412,-0.0012605643143598182,-0.0048829474375398745,0.0010666919190081311,-0.02220252522199859,-2.519198164628979e-05,0.016424017054054944,-0.0001356073106951474,-0.002295101886592964,-0.002351370373289277,0.0001830261314682578,-1.7027959916725288e-05,-0.005619992525451084,-0.010821086873971573,-0.00012051159004027034,0.002057013387959635,-0.0005682550542979192,0.0009974180268588074,0.005501121985368696,-0.0018120002371982752,0.0035637310301571356,-0.002743118622267048,0.04741987636122142,0.0006249924765857906,-0.0010230714072743045,-0.006668811161983862,0.002143532986681025,-0.0017208385020422157,-0.002469158942892358,-0.00014306573438143468,-0.00043197272116384476,1.4641880829177958e-05,0.002866155177166098,-0.001984855803658538,0.0002995912813112554,-0.00013034955504251204,0.0011470844772721455,0.04942745218681769,4.757846387576332e-05,0.00027461058027857975,-0.0180604633680184,-0.00870713779156488,-0.049525366614424325,4.037364528923092e-05,-0.00010889636709969855,-0.000462094287550608,0.0006833853633911548,0.0006255339137062872,-0.0004225492105425493,0.9457175367741647,0.00019804375016967113,-0.07038057099069035,0.0007024460922824974,0.0002646306894416948,0.005928558969009856,-0.003325078173291156,-0.001634206708473881,-3.907860772174381e-05,0.002468254668812309,-0.004788116098677679,-0.002597205450964354,-0.0012250211350613423,-0.0073573393115349064,5.9994717862799e-05,-0.00027725352275385917,0.001642462587704235,-0.0007267226045724641,-3.2649762659250035e-05,-0.0012564327703748542,0.0002837683409779414,-0.00037272788632829006,-0.004861783727830662,0.001051382797532405,-0.0014868354326459778,-0.0008635642957203181,-0.02250666172660689,-0.0012956527332041719,-0.002623702755639134,0.0005066576695067776,0.009970369136717571,-0.00036670982908641904,-0.00012687758320504964,0.29958335730660657,0.0020116988516484372,0.0010444124606246536,0.0024856921347466707,0.0019281431237605973,-0.0007519548232298185,0.002286133705898637,-0.00024845551487713167,3.048898644058542e-05
81,-0.05502498214025361,0.0007626499733860911,-9.508801607285844e-07,-0.0009343050179908205,0.00045641062789922304,0.043091901173366,-4.641944348723198e-05,-0.00790805772033807,-6.177798811888083e-05,0.8581272227956279,0.002807256916096278,-0.021180283645953316,0.022577915956323323,-0.01971870078368639,0.00030604932537238796,0.029164216486310575,0.00016773677557768707,0.00017692498959109544,0.00014103179030418452,-1.3094927915346943e-06,2.0197890924875117e-05,0.006598241122799384,0.0003995036986346066,0.00014590809261061377,0.0014021120449165293,-0.0007153642606322662,-0.005467690631005727,0.010198733302270155,-0.010003206845063006,-0.0008752908594957184,-0.03920721189642533,0.42431328332254126,-0.0005469065843837339,0.00013155053954627856,-0.005193782517559602,0.06477935718970082,-0.019550177527305812,-0.011218850445493034,0.00033066234663982515,-0.0009412074113935749,2.172886165191512e-06,-0.08877583276257907,0.006131366356529871,-0.0023322157761800355,-0.0020643515895210907,0.002495222950822897,0.021757271025767973,0.0003128178035246513,0.0002533701613573955,0.0016885258257233818,0.03330116015901878,0.0016338457754046113,9.156330543444446e-05,-4.0683833591792506e-05,-0.0003300235467569024,0.00013542235003789933,-0.00011274691587673594,-0.0013163032856005155,-0.059868277006325146,-0.002100963465787392,0.008245822288853281,-0.0005144690876333902,-0.00027992579090108105,-0.01602752050014172,0.003432561461137489,-0.003966413459929541,0.00012269511839646183,0.06425613749011255,-0.00332922438077589,0.0004891220995965791,-0.0026071329669616113,-0.0007396050459445979,0.00017660103189586288,-0.00019280229017401562,0.005628398669658377,-0.009484910728586982,-0.00015559699663477214,-0.007940602692222855,0.0006356265185364571,-0.0022550046129325985,0.0019050214995937741,-0.0008866849703207114,-9.120529515391218e-05,-0.0001440118581801167,-0.13590486412508992,-0.0025529952009615445,-0.0015436138794987502,-0.0019019166811531432,0.17719399107686132,0.00017084836196065885,-0.0003056318396219282,-0.004559411432009949,0.010679729248698172,0.001299498292147188,-0.003503517381062256,0.012454588095796706,0.043313240875806666,-0.0012227716669042515,-7.88659167892114e-05,-0.00048637480240341577
82,-0.059345569225500126,0.0012377758098944397,0.0010642333057118147,-0.003549941010393281,0.000301448394102552,-0.012003981945215184,0.00031819786292364843,-0.010666017657603818,-0.00044102597134699356,-0.41404132582469017,-0.003157069063117619,-0.037010646788094716,-0.008666548165479336,-0.04057234493679872,0.0003864982074026774,0.06169853668133891,0.0001304960510073519,1.1839579935266943e-05,7.606494101434764e-05,0.0010747240108655715,-0.00012147027273709185,-0.013690982277048232,-0.0008849033758195771,0.0001965092626482201,0.0007846497348845821,0.0009945248796707938,0.007717144748045739,-0.012696948493646224,-0.022685179202800845,0.00015574798895460514,-0.07926482519640986,0.8779733739469924,0.0004643426792122346,-0.0002174683257940395,-0.005840634727011093,-0.034294148062739005,-0.04217291558532317,-0.02328554203790892,0.0005656001612457928,-0.0012742571156920774,-0.00011967525147060787,0.021426934437721055,0.0427654100437624,-0.0029583441202665124,-0.0006124516427533366,0.000778479928347705,0.08284701193568138,-4.192660497443542e-05,0.0017037075969581032,0.00511230194428528,0.07033334165334534,-0.0010786102808879154,-0.00011103636122338292,0.00010760418147863493,0.0005046596806304454,0.00048579544094015377,3.2684330084442256e-05,-0.0021409613403520276,-0.036265304340786356,0.0006111062137763132,0.007240787154603282,-0.0006486395905057479,7.557842832503492e-05,0.008853524990465138,-0.004027590346231791,-0.005491456300811281,2.704959645953185e-05,-0.033749033165498765,-0.010623823844393459,0.0007216915608572287,-0.00013149401927298014,-0.003092231244140961,0.00038778472619796847,-0.0004313446113901817,0.0068277866146916055,-0.021832132488842165,-2.8148880823822275e-07,0.05446153727208233,0.001164192180017093,-0.006909037344325381,0.0025059676521024185,-0.0021438592461194214,0.0006288209880686499,-0.0005720214811124578,0.07880586011899951,-0.0023238126710610606,-0.004672588122406693,-0.008579925161291607,-0.09365935472577323,-0.0010142072558439936,-6.342064841926513e-05,0.0160033237686356,0.0010144373498096552,0.004073185533561153,-0.019096399389195776,0.006630824357898484,-0.008379753766814838,-0.0006394228800876735,0.0004841381099599182,0.0005032253044371278
83,-0.0034361509422769186,-0.0005351571644315661,2.005764866714905e-05,-0.04065194664745055,8.420201226032147e-05,-0.006359489514517492,5.338657822857515e-07,0.008201779580221651,0.00024269113174478756,0.013392991847470132,0.005072212897317667,0.004053936202602303,-0.0006847748550904191,-0.001908820863491228,-0.00024112946282157498,0.007620474528708026,-0.00011553164722969984,-6.381461528686187e-05,0.0010935460237444477,5.639227332833972e-06,-0.00020494590235968827,0.0012111960525118487,-0.002268780028055335,-8.757435005145656e-05,0.0017198826481450557,-2.153278010489485e-06,0.00016338095381651709,0.0012004533019057972,0.002280778997917864,0.0008403753376737548,0.00888640948917852,-0.08613639094324252,0.0009541376891204792,0.00023173785770352852,-0.0007240075980784431,0.00039879009423736964,0.0013054623246569752,0.00097907785719849,0.00016394177540723755,7.434644207060742e-05,0.00010358318422885177,0.0035075025843709488,-0.023259353703163035,0.0002493182983869025,3.071635712570018e-05,-0.00024211710387888198,0.9551972090218853,0.0031162659532623857,-0.00048735679068595637,-0.0011729262556688896,-0.04706548299845922,-0.05781883361822914,8.157848168704497e-06,5.1933277866038005e-05,0.00010277753900688998,0.0010949959286461013,-2.351508499444703e-05,-1.5548397564511227e-05,-0.12408862756125437,-0.0007603814205212726,-0.00286495817886551,-7.086474860731103e-05,-0.00014518565111898088,6.189703641104914e-06,-1.7589072545870343e-05,0.0034554849936458865,-0.0003101619735590319,0.0012166467617374898,-0.0021178012748386474,0.0008458501627131488,-0.0005649065337418806,-0.03736859726553841,-0.00031083290353641044,-3.952224930103875e-05,-0.005961150099259819,0.0024924878235760162,-5.385114266627522e-05,-0.022144388437749074,-0.00014967070293406964,0.0009498510512011143,-0.0008641990080344407,-0.0002186875165674806,0.00024569729332438753,0.0005392401902474741,-0.004648436949933034,-0.00037668459298904563,0.0012766115054499922,0.003987843472169943,0.0031443985503196645,-0.00022611691638569704,-0.0004012960810354407,0.23205942551794778,0.0024286510961879417,0.0006201569908249416,0.005930728210623895,-0.00018565875343329788,-0.02444173578784658,0.0005812476991069308,-0.00042279021777816284,-9.295334128337071e-05
84,0.0028807284479637355,-0.010058765361037869,5.288827943595079e-05,-0.0010204176520026175,0.0002777695808612018,0.003368290720774856,0.0006687410318439646,-0.004413381494459647,-0.00016681147817893763,0.029952032817703804,-0.1216681068477216,0.002858852299105152,0.0031649406560326724,0.002303494297207495,0.0003179458585239395,0.038594585068194555,-0.0003949191932490553,-0.00023021305239227297,-0.0001679473571694831,-0.0012484275555476355,-0.00029593075157888227,-0.020298609046812927,-0.00162195617760137,8.144371585553332e-05,0.0017841076314302744,0.0018346968709284663,0.008815417542301668,-0.0039560411040367996,-0.009638568965400211,-0.0047614770000224,0.004092290153137931,-0.06822617222218229,0.0013259924121553708,-0.0015427424069885988,-0.0006993687962459585,0.003754211196177217,0.004234035608336382,0.0020300898711965894,-0.01539168959258431,-0.0010123790582746276,-0.00030391593518259985,-0.000809399807313199,0.7040900313218739,0.00033224197151089326,-0.0004944175823120324,0.001982346965326909,0.022101739616510317,0.0002911718791252893,6.0474045456790707e-05,-0.012716085298060738,0.0025589027570919257,-0.0037026351830196785,0.00012888420004662088,0.00010918484183659871,-0.00012465247733153828,-0.0009337489101337232,-7.685261049105406e-06,-0.0013489551556341848,-0.0042026696190176445,0.0009926144281858919,-0.00040623733265810966,-0.00018386711940585054,2.0195169050815642e-05,-0.005145903335742019,0.006557023565755519,-0.09293210061274111,-0.0012655375991057977,0.0035717764917603066,-0.0355205334243199,-0.0005514007100889153,-0.00018294536946347664,-0.0012955606078733626,-0.0020915248803717174,-5.091394963241402e-06,0.006804660449420418,0.0014654047207492207,4.331938449697245e-05,0.6737634230277929,0.00024372423781947317,9.412517661705651e-05,0.0012006169202381737,0.0007924375931095597,-0.0004927681541744989,-0.006597075927173344,-0.005431840537814533,0.012355147655509798,0.0009511439707903663,-0.1262601010243145,0.00581263024315992,0.00039517618123979743,-0.0005199301741164158,0.018711277734499043,-0.004766914109137827,0.0005941508129982214,0.0010677165623874446,0.00673498569880176,0.0006916784936058535,0.0016299834456541817,0.0009381397869558071,-0.0003090045735765594
85,-0.22152440956033728,-3.475232329991362e-05,0.0009004141722322584,-0.00245860993307781,-0.0004994605178965383,0.013308113320549764,-0.0003553734157402122,-0.10340048358016835,0.00045326377346172064,-0.020414766528156714,0.003961988980705516,-0.0016156144879542894,-0.001827367320284018,-0.07778591345213562,-0.0003709707035265547,-0.024080854106170363,-0.00020942614230584633,0.0010935609775911126,-0.00050186986050673,-0.0004209401736389555,-0.00018278921741868293,-0.0017923566973660696,0.002027994112687016,-3.3856721697332615e-05,-0.00916658099119777,9.898326902924731e-05,0.0014807004557176877,-0.0033688311593201917,0.009263965052286355,0.004200195136719315,-0.06211205168162746,-0.10378212430709188,0.0006607480490030231,0.00038926754566803463,0.0009361705411668414,-0.0011861173623139154,-0.019383483426544945,0.0026599900399296994,-0.004289464573726619,-0.00023183499752006502,0.0003000090291428656,-0.0027373752327054263,0.001279145925725614,0.00144964134879857,-0.004268969444499587,3.9007429597375984e-05,0.06624309940724386,0.00012109415498848079,-0.0006360834781558794,-0.015053326080158122,0.8654575822112414,0.0028277127539581316,0.00015356067359239764,-0.00012782262551233603,-0.0005951960306478654,-0.00027848985404187567,0.0001918245553459417,0.0014102252263595038,0.03192734687920385,-0.0013830477201373093,0.008115022345465711,0.0004690550922188952,-0.0009684022390701666,0.009699270217791513,0.010367144687178788,0.004420846977812896,-0.0013862750688781334,-0.0030595812557946966,0.0008202481792030855,-0.00019646284601029448,0.0021419122524756655,-0.000847032488401822,-0.0045131431566458515,-2.423754262599609e-05,-0.0036483935021066893,0.0037725019636329973,-0.00036991639626650884,-0.010814647111435493,0.00043691814272431816,0.0006989520421264855,0.0043018971589825275,0.0002985374374894368,-0.0004421985579352388,0.00043873515188234957,-0.0033247632162572453,-0.00036224358797278433,-0.0012295973870004098,0.0010829596117840692,-0.009513599759641646,4.762845174211081e-05,0.001194326697898632,-0.07249333260728608,-0.004404712435853655,-0.00011116713158760265,-0.027942515594572517,-0.002500946232527307,0.39540442221294037,-0.006511205153678666,0.00040194255079588,0.0008280511529156591
86,-0.015305985188901213,0.0018833568611379171,-0.00011348090355821003,0.011771288722211752,3.782540327066514e-05,0.0005319521868185073,-0.00020357534804733152,-0.01067430537354223,0.00020144569681212338,-0.008983192366448994,0.0030716612288851364,-0.002357851206645214,0.00020524713731460628,-0.04454918449074668,2.181681412737318e-05,0.005581009898620199,-2.505342710441838e-05,-0.008813940074006703,-0.0003075853857232924,-7.297303130943816e-05,-0.0001407694629371476,-0.0014829771571142694,0.0022283581343149304,-0.00021339775859182536,-0.0006605269638541265,-0.00030093797162325666,0.0042442566994843655,0.0017408004835860022,0.00017216331462266855,0.002879658746911634,0.00019609193899261697,-0.015082613379719802,0.0014887226354837074,-0.0007515187575727008,-0.023889830539291723,-0.001362758342708474,-0.002258396541332827,-0.00026300027428662054,-0.0002670267031372233,3.4237120975886756e-05,1.982520149922118e-05,0.0024695251430599174,-0.02170326769811253,0.0005278394229394244,-8.516825351913282e-05,-4.3132333760565124e-05,-0.2591492152308772,-0.003223714013937924,0.00036116355284873366,-0.00791117164117773,0.05885123937179126,-0.06474370815615227,-5.3036164367989067e-05,6.480489532792889e-05,-0.0001464919833732394,-0.0002883205303465496,9.729710412778136e-05,-0.00023228952560462346,-0.28021766826558736,0.0003156643782187403,-0.010072329339262276,0.00034324819681593935,0.00029100368860550917,0.0019025038722778266,-0.0014034737204230235,-0.0015090762029439041,-0.0008235984383577956,-0.0003444194891402922,-0.0009448980549654966,0.0010762623900739197,0.0002769466936737668,-0.009658648602689801,-0.00047522456199246776,0.00021591622545139022,0.006557550355035531,0.00035217275969069576,-8.170061148085085e-05,0.0026238248919424416,0.00017370791983839853,0.000720448684650407,0.004322829578992075,-0.0006396308439087584,0.00041859896827201146,0.0008107329767381927,-0.004701501671365791,0.001496388144863069,-0.0003056695297591833,0.0029321705606848948,-0.0028519521458058423,0.0003699495367279396,-0.00027469006817032644,0.9141702043033743,-0.00082309598180256,-6.13986299631767e-05,-7.954361878844719e-07,0.0029303648168888807,0.08094747196111993,-0.0012636349788034524,-0.00013382898286952655,-0.00022330977219858208
87,-0.020231066490155686,-0.0016231422342321347,-0.00022536975751351156,-0.000522034366507499,6.939967151533763e-05,0.0158708233452739,-2.858006661990431e-05,-0.008236127865411953,-0.00015552212108408542,-0.023753105280956817,-0.005331427418207531,-0.013893985476880748,-0.0051977186546591884,0.03490552549475291,0.000777024509438434,-0.001852019292496088,0.00013123312859940686,0.00016038908143501177,0.00022072725122329893,0.00011939212416789934,-0.000387445085463684,0.009007627131243609,-0.002393971266236277,-0.000615516518976103,0.005144068792078994,-0.000599615562142597,0.004771733764169381,0.004126190684040347,-0.0037917351004723397,-0.004992799953842253,-0.0006751302137018769,0.014920918789949075,-0.0003535044242947063,-0.0007058195668728945,-0.0023607031852440974,0.0005873783994479534,0.008823532579619667,0.001976476026025676,-0.007597675129977547,-0.0004355902924441952,0.00037023965344945217,0.0005522883947431424,-0.38195658776514235,-0.00031622421072983054,0.002612032633905417,-0.00022173853249844358,0.01674477014502973,0.00015762557063025225,0.0001136132137616189,-0.0072849776235189645,-0.34421873956179894,-0.0019291655273974367,1.2775003198659679e-05,-0.00018804645004858768,-7.852159017410947e-05,-0.0035514491558948425,-8.45782728027284e-06,0.001333090148883428,0.011209863142580217,0.001296618556772297,-0.0005464402207830606,-0.0003958075551202568,0.00034001364962696345,0.0010495286270698816,-0.025826832921706327,-0.030190322158454796,-0.00010699308624899416,-0.0035831581664958704,-0.0062337806558197305,0.0003329904644648181,0.000963453253052958,4.8117748947542385e-05,-0.0016046157928632846,-0.0002413530112387128,0.010222741407771373,-0.001233491148804936,-0.0007277770947804153,0.4058680338424831,0.00019560240053456777,0.0004594608192670874,0.00023592121881772093,0.00018178911268348447,0.0001299951052596321,-0.0006182099066307815,0.008341174771298218,-0.004879822451548229,-0.002089146888015817,0.04299154794449386,-0.006811713275786923,0.0005538002581710664,-0.0008579489718755851,-0.045451546016634974,0.0026266030739433978,0.0007315822581727435,-0.017551710579285278,-0.0028286480373985717,0.7488256333793066,-0.014518848058072705,-0.00046518559663754114,-0.0010106504732415198
88,-0.015545718917468879,0.0028705524578620557,0.00023099763629487284,-5.250163296260241e-06,0.0005050306773245819,0.0012625085378809402,0.0002015834525825877,-0.006042100065817103,-2.015332849953852e-05,-0.03132401967088667,0.0031332072994934602,-0.0021152816146324076,0.0008026230385337393,0.018078298955523032,0.0003256676647788014,0.03361431543103111,-0.0001829815446325704,-9.571790739469534e-05,9.601033975920585e-05,-1.939029662371668e-05,0.00013107336324589582,-0.010030183105460609,0.00044879120772180116,-0.00023678198974829388,0.0018529048701598676,0.0009736880879771669,0.0018271944370045865,-0.007384149097617566,-0.0011817159128270963,0.00104182674758997,0.0065124385403293305,0.01435396029945828,7.503990033196767e-05,0.0017241992969013508,-0.003080015124356344,-0.0008897082804067771,0.004604669469362818,9.496701488864029e-05,0.020428386916129717,-0.000689890686682813,3.3549756655858534e-05,0.0016763382117803184,0.5658798378510566,-0.0010959624146765963,0.0010308164576944695,0.0002404194032720581,0.005760436673383589,-0.00041620573962665387,0.0004305744182812477,-0.011118047025789946,-0.24161763808317832,-0.0019614409589132705,-0.0003450363369655457,-5.634198377991659e-05,-0.0004144661128461097,0.002824445154269647,0.00022210562358904,0.002812995165963917,0.0024079246854446083,0.00023827804589739068,-0.0012415059497223025,-0.0003203508948309324,0.0009495975754183136,-0.01047097574625139,0.04825541407787235,0.04057113651412568,0.0011230413361332835,0.0005524495387743533,0.012811913567728095,-0.0002709413479067026,-0.0006010115800353454,0.00034160501783087554,0.00031880020156869473,-0.00014287612433459655,0.01731085004166351,-0.00040084969722783016,-0.0006677185969849182,-0.5957624353968518,-0.0002941901707396578,-2.7969484930671223e-05,-0.000581078399210165,-0.0008431393574356407,0.00035921172702476365,0.001452021781525547,0.008844678178868599,0.008596711401068439,-0.0025725027392254286,-0.06331695048423566,-0.007695024803737731,-0.0020155010458316716,0.0001466347330971473,-0.011324510732673144,-0.00023502119347107182,-0.0015767676875456525,-0.0158377329097633,-0.001649539168085471,0.5034096189873328,-0.008849194891963563,0.0002542521355084438,-0.0005020589247621693
89,-0.004654933455111694,0.00018928349663693313,0.0009616988588260936,0.0005705716413217593,0.0009137302278322762,-0.02740670936571562,0.0002874911076425589,-0.007526769544337132,9.472504424090124e-05,-0.0072673239235140075,0.011088512661622425,-0.022150639951837352,0.003121719496462113,-0.0022978659435217326,0.00024298398715904787,0.9646687642073761,9.821345264237778e-05,0.0001133967321345214,-6.829005077679459e-05,0.0004138088201695242,-0.00011192514950342236,-0.03390695937694138,0.0003633685444608438,2.0578896821471515e-05,0.00010142375813006199,-0.0017836501685959652,0.04843130083611418,-0.06079352280553607,-0.020126400283807785,0.0014259352902846884,-0.008182241616313951,-0.07154628603316598,0.0006916412904481029,8.384254206552505e-05,-0.0015834701125620639,0.005333946392411304,-0.006598064605055881,-0.011217738928029936,-0.008467390089278572,-0.0006991010182982177,5.22036938155751e-05,-0.02004237292695317,-0.05976744533539429,0.0010117901412976665,-0.004834040410414742,-0.0012654676062642492,-0.011451428929653652,-0.0003114671031991534,-0.0035089785564205896,0.0012644778231476958,0.01875671318059219,0.0037039744704298137,0.00011573075054116533,-0.00035687050558787757,-2.7486065086346212e-05,0.0004239693843335348,1.4863620305671787e-05,0.0006664372172696651,-0.007456336943077501,0.004929834909972168,-0.0006900728607865713,-1.0467853788276305e-05,-0.00019020405464781343,-0.011919207568710784,0.18187764504131274,-0.029203433981957325,4.856625364161454e-05,0.005818849805653781,-0.0014772955145634595,0.00026296255136716573,-0.0049107631479546575,0.0005665100255496606,0.0005414005342943146,-0.00039423761982515515,0.07279450833900503,-0.0016926776933571808,1.7595671685081277e-05,-0.005435305186417908,0.0006221170917579816,0.0010121448135233524,-0.001399234248179615,-0.004561888867948368,2.540453512801452e-05,-0.00026603153385415523,-0.025492155536188884,-0.006881303563006989,-0.00022821726610316138,0.004703739081467332,-0.00013406808216404574,0.00016038983395937848,0.00018411280455067625,-0.015116360196943995,0.06095217027775282,0.0012021722339850107,-0.012788448484227395,0.07612687062158362,-0.01144670763591113,8.156115390241248e-05,0.0004243181996165177,-0.0017350515690660179
90,0.009929641988148339,-0.000827049294505576,0.00010712867977596963,1.3052850306364758e-05,0.0005063231044443207,-0.00510030873680908,-0.0001437966891232427,0.004964298653734087,0.0002669345727833797,-0.02467345914039533,0.008151388792487016,0.00706400730245651,-0.014083802653675589,0.0026494008364332557,0.0002562195587959984,-0.1960231261283664,5.361197994410661e-05,1.5280182636801844e-05,2.3351830509884457e-05,-2.7751124965265904e-05,9.842141703672591e-06,-0.06447883807228663,-0.0003668509358758288,-3.429882981653004e-05,0.0021192421893476577,0.006035557398793162,-0.028972853248216936,-0.14010555911753872,0.003833997728057273,-0.00022999035513552799,0.0014000368870119087,0.017101960551763717,0.0003124122801506854,-0.0008729305180926019,0.0016434054482234372,-0.0038731279598827086,0.000439923211008119,0.0006597403174467761,-0.00476461171904304,-0.001769194066115129,-1.3527692909614392e-05,-0.032163096766027806,-0.03244673048368595,-2.5769675903919344e-05,0.0013580753216005312,0.00017785584639605888,0.001479971631494553,-7.280563189972483e-05,0.000192237276908723,0.0008985827940099717,-0.008369196448842237,-0.0014604286462426325,1.1332842433701973e-05,0.00010172219084499351,-0.000538632008126122,-0.00010894935240092875,1.1705541101515032e-05,0.0006546309670667648,0.0035224351770185673,-0.001424490739999732,-0.004979402190299279,0.0003889978241449696,5.2465647815337635e-05,-0.09702182346721958,0.9534428372008147,-0.015188656175128368,0.0002457936528678173,0.00810991021143422,-0.005877198644716651,0.00023924738577148176,-0.0015215127870473822,-9.900856080671729e-05,-0.00022046442486044465,6.722257863890982e-05,-0.03464821489524576,0.00011742660055152898,-0.00011080209224511041,0.03533068327760961,-8.135379042259472e-05,0.0003524625258265607,0.00019529904329442828,0.0033335437350319945,-0.00023021137588542188,0.0007731785844230805,-0.0957495758963953,0.0024719956832639977,0.0057576145362448075,0.007063735916449003,0.014099866804112156,0.0008444712111803376,8.385491415132534e-05,0.004905189530384984,0.048400732946573925,-0.0012634611899356729,0.002665173915447185,0.012163623911742442,-0.005199920210114568,6.266676741938787e-05,-0.00023109773940782597,-9.783290573203533e-05
91,0.00018710352592006126,0.000293988125208945,0.0007268970746547232,-0.00016779234381708444,5.016833565165752e-05,-0.014209989572330991,-0.0002448632309039432,-0.0021598122640386005,0.00010780073872033741,0.004303952715422725,0.001300535267445474,-0.007649120036185094,-0.0007320646002050698,0.003747627254065237,0.0016823599553469433,-0.05446743814548693,4.6499331172148003e-05,0.00010558665779582255,2.9625767705686486e-05,-4.1637813724395775e-06,0.00022206258560201683,-0.0074182150248661176,-0.0004092130228950492,-0.0001246463922234516,-0.0001915441438198372,-0.03355514580264993,0.9942242474113436,-0.00020785901494346575,0.0005799649350147853,-0.0005401412552685199,-0.002302463105989804,-0.0012225315473155533,-0.0030642789847144863,-1.5639816319165493e-05,-0.0005066618659905406,-0.0015533841122691017,0.0016990861932079885,-0.009416144668094723,0.0020106297430345717,-0.007419377125518778,-8.342344773544334e-05,-0.026824791847573238,-0.003979132063033681,-0.000601895821910502,8.836488086260211e-05,0.0005331874164426862,0.0007023704476798857,3.82800485452927e-05,0.0002551532420047918,-0.0008459819277584252,-0.0014311107484050005,0.002163187159622735,-7.134951934702205e-05,5.602278044821579e-05,-0.0003668291061937109,-5.2351944676026275e-05,-2.9951061089654018e-05,-0.0024693113064673702,0.0007715033408680805,0.04556375373137246,0.0006993201154661075,0.00041991553515560633,0.00021181969946074998,0.0034205441089084046,0.017882085189579115,-0.012034951260447145,-0.00020196330064712925,0.004267830564090701,0.0005285734914889225,5.7222080675206535e-05,-0.002523313538707356,0.00013446754020575945,-0.00017197563496442652,0.00025958535394713864,-0.014579028899108691,-0.001158260248052604,9.19697048227322e-05,-0.007268017471746618,0.00015517211184659072,-0.00843206406997505,0.0004907966409152744,-0.006488276555222357,-3.8830223631856095e-05,0.0006179377696934672,-0.0021984954037169574,-0.0064126643587939965,-0.05131329006427419,0.0005414865543015845,0.009585706290996004,-0.0016286265525581006,-0.0011399733714986234,-0.0029208667390134262,-0.005075142093326353,-0.018646879078337276,0.0005207315206472562,-0.0011130663875391056,-0.004979436647227982,-0.00024659156024284257,-0.0015447523245413505,-0.0010408084778446552
92,-0.009073870711331212,9.907071597254485e-05,-0.00032874034619875814,9.468559688734744e-05,3.490687445825008e-05,-0.001116140782387507,0.00012859864124101922,-0.0009118442574194488,-0.0001227367061116466,-0.20813639898527908,-0.004775288617334041,-0.001912727873507221,-0.004286246660103063,0.002118907928712263,-9.927203319947536e-05,0.0017944017136363732,-5.460852394705007e-05,-5.308031508011136e-06,0.00012262674587324536,-0.00019913903120870324,-5.35139852079463e-05,-0.001899192689514032,-0.00023620897576954135,-2.2757460347112846e-05,0.0006992927208282328,-0.012785521315782571,-0.008808644798330956,-0.026148691070822343,0.00044205752012233326,-7.53470142555333e-05,-0.002337750642247779,0.006447562261086332,-0.00021911978081955315,-0.0022553929483105292,0.0011469855856233394,0.07483464000229151,-0.0006966061400162718,-2.1178936892699007e-05,-0.0016515594242199137,-0.00014158073761123336,-3.4793696057369705e-05,0.006424066265583841,-0.004214812934405701,-0.00035580871285058194,-0.00012729275849320681,-0.0021048685162506813,0.00043776211647042484,-0.00010160972187827017,-0.00022687871248696072,-0.0004858691636995716,0.0030864694082187102,-2.4408779765909354e-05,0.0001492691053160515,0.00021243213359502244,-0.0003094466461367393,0.0003751197043113416,-0.00013419060834824435,0.0006298361518269738,-0.0022787113732982045,0.04659571135667943,-0.0006799694166863086,-2.221147381850641e-05,-1.2494458888498428e-05,-0.0018257272870351253,-0.02245066720275684,0.0010628742170883585,0.000311140757198249,0.09646494519462168,-0.029984652533684823,0.00027477185136261326,0.0004694794434210032,-6.697795237007578e-05,-0.0006104383234925934,-4.933421183711539e-06,0.0022688750449200573,-0.0002622590456705376,-1.049329878395188e-05,-0.0019818793536211694,-1.9743335086379668e-05,0.00045274104515070565,-0.00036854564272484607,0.00043094434753584987,0.00020029234108409621,-0.0008970381156789605,0.0002257555291977646,0.24845057323272962,0.0006128226970469786,0.0013904545159358702,0.933776740841279,0.00033878719502341594,-0.00036789228988055086,-0.0006437040196748719,-0.04349384822477573,0.0005554036059853083,-0.0026869936445787883,0.03744839250099109,0.0029318626487153665,-9.061551895873823e-05,3.959782089509381e-05,-0.0007010893744651275
93,0.002058044814510109,-0.0001958763382721015,0.0002291897203403337,7.419262521199095e-05,0.0003195584169690324,0.0010742577976939945,0.00012716255520900735,-2.556135237331489e-05,-0.00015049213621370384,0.05488039458293344,-0.009405330515208794,-0.0005623269594064329,-0.0003055014562025563,0.001030551973016847,-0.0006073807456036789,0.004018143189848097,-0.00019258776330514232,5.7705630253114255e-06,6.376565153492163e-05,-0.00017155436536992526,-0.00012413316610960113,-0.005549725904608504,-0.0008260973528853761,-9.457509303869432e-05,-0.00171841766611885,0.0028728203713132166,0.009040918200137757,0.0072818091685160555,0.0014516556289557439,2.728521865356416e-05,0.003205562838376813,0.0009975437167299558,-0.00025882565060446615,-0.005930109447399544,0.0007522582700838144,-0.020570969422960418,-0.00017839219075421742,-0.00041625351108713973,-0.0026853330294754553,0.00037269693223652604,-7.177400204780998e-05,0.0001899493536662827,-0.017905321236949174,-8.098523085802226e-05,-5.134061568439971e-06,-0.00677278044697224,0.00015411507222944424,9.295749346314259e-05,0.0006813368906444161,0.000855227879096462,0.00030780770171770673,-0.0005713237647490878,-9.392140935937762e-05,-0.0001767195050145151,7.014875344624541e-06,-0.0003126033371430103,-8.732099490990543e-06,0.0009048617471670142,0.001323939164173228,-0.010752307071618603,-0.001641559566995993,0.0002524890446452613,0.00012524852333336764,0.005195435275149769,0.002388245589533611,8.382958911484145e-05,0.00028718387745398685,-0.02518529154804262,-0.1244991542080066,0.00020109726337375392,-0.00018084969717230281,-7.977170826071111e-06,9.977375995594913e-05,1.0505461991610829e-05,-0.0017547619185315604,-0.000133248452949139,1.292190464903661e-05,-0.00684120976709,-5.6748127660324714e-05,-2.1350314006532423e-06,0.0003429536414746241,-5.6240707279721705e-06,0.00021050771573345728,-0.002712547508101055,-0.0027473490260973917,0.9595373911874246,-0.0011118560030330907,0.0038455493791546566,-0.24152138585556768,-1.5147813572590938e-05,-0.0002073638240212279,-0.0018623899454316734,0.018971657341000547,-0.00101352548862878,-0.0002831122651506283,0.008397524478373504,-0.0010310206544904815,-0.0005830903396750864,0.0002949434147482702,-0.00015110760029249685
94,-0.006785351306951643,-0.0006792805846916848,0.000409991224004572,-0.00011475359231092296,-0.0005500898846385535,-0.014308122162825022,7.17716677349281e-05,0.0016667488681182327,3.428286391572721e-05,-0.022182954084174707,0.00074079579015187,-0.00014952914224067998,0.0014292566978484147,-0.0009075088258896358,-0.0002410726525010065,-0.09616026932567769,-5.949498035179995e-05,0.00023597417901806417,-7.339467925670672e-05,-0.0007316586519972657,7.04613072345199e-05,-0.02536266422488985,-0.0001610798686685383,-6.35049725082066e-05,-0.0012440839298791112,-0.009477288427747636,-0.0004578540528173403,-0.04960210977310474,0.001968897011830565,-0.00126562633219637,-0.007112774843846776,-0.006928221558243209,0.00034768659355420735,0.0005233297697343829,-0.000175488554963861,0.026171886577777165,-0.0012855169752910116,-0.0006277888403715785,0.00412838730417543,0.00029859044156726154,-2.3988263313438722e-05,-0.003628739003767869,0.0057558491113257415,-0.0015256518929292124,0.00055410826914256,-0.0007118121920976836,-0.0002815922840880564,-0.0001321668686871027,-0.0030320587360207862,0.00016489747936564245,0.0008373899003165609,0.00023913794161050024,-0.00016959395019873827,-5.152476209650293e-06,0.0002170653130685457,-0.0006897372494167791,-3.1155872025007483e-06,0.0016543554551121382,-0.0005801899358335809,0.03916728190275013,-0.0008040450238567692,7.504902047407447e-06,-0.00016746109104203225,0.0130088560203305,-0.07443694681659564,-0.0053116351489372726,2.6186049439775715e-05,0.050788402341327005,0.0022044585572006245,0.00014036019030769708,-0.0017638390354145154,0.0001293712381671443,-0.0006104236690725271,-0.00021980228359025334,0.12931067635772192,0.0014660091054241181,-5.517180763825718e-05,-0.002801782973618008,-4.775348256837002e-05,0.0003435082075487761,-0.00081639026265735,0.0007573268227539962,0.0002095447680346813,-0.00010295140302309016,-0.027625904236725125,-0.015112678190043574,-0.002773536579709036,-0.004922322449449196,0.0030958216021492995,0.00017433911362520248,0.00025561382431593324,-0.002069694306280508,0.8194214329153439,-0.0026237820070824725,0.00035351576424532544,0.5355777170105236,3.0247885620763963e-05,4.571425139843557e-06,0.00011269909516098192,-0.0015564732225759829
95,-0.0018864736699308715,-2.928745481363404e-06,-0.00038795293890233305,-3.470736343791445e-05,-0.0006268649931771711,0.004207177941216484,-2.589280818504104e-05,-0.008606407416775494,-0.00014687422062318461,0.012256317842063961,0.0005577338424621794,0.00020198209730844761,-0.000301115059795987,0.00028160386515880924,-0.0008008023534529143,-0.0003566331125454611,0.00012712587541663552,-1.3584205143746036e-05,-4.0217252169792485e-05,0.000180907375558966,8.327559243082733e-05,0.002974302881118678,0.00039397133664972216,-0.00019471823899247943,-0.0009844342653738108,-0.12443458933135058,-0.04934925744163134,0.006092476768023101,-0.0010526111486963395,-8.905791208011697e-05,-0.0019258113356826298,-5.576163934900352e-06,0.0010160679409468468,-8.477923298669471e-05,1.9751488907486742e-05,-0.003500351569817088,0.0013053751826219142,-5.427041750437171e-05,0.0001011965869520212,0.00046362014035882914,8.278667287816416e-05,-0.010078437712103818,-0.00019010474122806219,0.00013258268956154782,2.9170442944068814e-05,-0.00019792172457601235,0.0009896048747433538,-6.5209427928721855e-06,-0.000418214740936675,-0.001535323895509442,0.00019608172183695205,-0.0006091173951012401,0.0001642226257870705,0.0001414045085378823,-0.0005145516296423934,-9.671148253995965e-05,-7.015345404411263e-05,0.0003366374849458791,7.994277907367984e-05,0.9883005398710436,0.0007238899049308829,7.606690951873253e-06,-2.3139336274395628e-05,-0.0176054315500495,0.0036357154881726536,0.0006015082159531531,-0.0006369470775921243,-0.007963722295063187,0.0002510988153590498,0.00034161181015573733,3.2572772993067585e-05,4.1657763325460306e-05,0.00015086345342878388,5.694723578047545e-05,0.003229354664859619,-0.00015631317917593618,-4.6013346822785465e-05,-0.0006028324028052303,-4.225341071677517e-05,0.0012039702953261298,8.61669984078521e-05,0.0008801983004365948,-0.0001225643465354912,-6.205645721217871e-05,0.0032934292541846673,-0.0004465201871494707,0.001639539186082848,6.689207251897774e-05,-0.049286751507680984,0.0002574152684791291,-0.00023191184204260481,7.22416224695363e-05,-0.04549481678936894,0.000544011019821318,0.0009028071503912141,-0.002205461503709618,-0.0013573387043824062,0.00022531254339777564,-0.0004359865167320328,-2.3853454957862077e-06
96,-0.028162458035610755,-0.0016069940104850439,3.536748500792414e-05,-0.0001867621821668719,-0.00023470872518674413,-0.0022427503618206585,3.126551129283006e-05,-0.0012174782041464993,4.9691498903881026e-05,0.00045084104777906586,0.0004599606272383261,-0.000854488396158759,-0.001200631999803553,0.002878806841449061,-3.815969332326974e-06,-0.0713636219085419,1.252513671112787e-07,-3.830481874450044e-05,0.00019383563714359543,-0.0003325970370948242,6.376117139719056e-05,0.0015540695762514128,-0.0004398300507233795,1.2266375772965188e-05,0.0016995553018642612,0.0016333753574299123,0.009667055351811662,-0.018176183969270874,0.0005854157594463588,-0.00023954274075790524,0.002735692678465072,-0.005042842530795762,0.00032289228648764087,0.0001612664118311024,0.00022823977613651864,0.029296890875891102,-0.009522678285620811,0.0008319398484391144,0.00025254843410596733,-0.0006738421743951017,-3.0376100247462602e-05,-7.843075140298366e-05,-0.009229972960724753,-7.446191208065629e-05,-0.0005824541702081493,0.0013240687374274304,0.006842139917846197,1.1724670533371298e-05,-0.0010923191926586755,-0.0010514739388420916,0.0011171442180044205,-0.0007187602861709582,0.0002112780751721017,-0.00022908827643705262,0.00023790791962973595,0.0002784766874577198,2.5317772540649902e-06,-0.0002722855322127428,0.0010228412985413202,-0.010010412046217894,-0.00010788534611055021,0.00014839724017944728,-9.254361625288948e-05,0.0038622712973692616,0.027577586522305877,-0.0006245560815130624,-0.00033824241994870764,0.00591032259735097,-0.002317692244964153,0.00033178445915387975,0.0006329850674605822,-0.0003079808118610194,0.00012562197402820122,-3.208090077776865e-05,0.9837661850762975,0.00015037108945734068,4.499388261841944e-05,0.0023226444213336208,7.985473060447695e-05,-0.0010786418068194498,-0.0002538392351985573,0.00041965743601844426,9.40678567424762e-05,-0.0002396141007545479,0.004426020658296501,0.0025068590535374954,-0.0009387756440956381,0.003164817273826664,-0.011649215635629165,-0.0002641650063442771,0.0002880409721413395,-0.0035237878086065064,-0.15145932839579898,-0.00011005741149559345,0.004889045020041817,-0.01765167993666742,-0.018917570841650175,-0.00012750376236882882,0.0004382919536722995,-0.00044810449109081857
97,0.0013766572410334962,0.0008477524758126326,-0.0004146890299839359,1.0959022358198248e-05,-0.00029799117388629604,-0.005959543681479353,0.00021235023297572209,-0.00014207499669706414,8.59377645769507e-05,0.00847147843987982,5.264625431241482e-05,0.00112787944811177,0.0023494185813042676,0.0033783789061242863,5.934493046517997e-05,-0.028490387111977745,-2.3920901916356027e-05,0.00010509932353175704,0.00013803198082779533,8.661878701919797e-05,-3.81857962258262e-05,0.0012009245347247158,6.827238905221717e-05,-5.9465199248653466e-05,-0.004346438207847463,0.004362369794478407,-0.0034292272592490866,0.018931237617388897,0.0003652791718134347,-0.0007711613068379529,-0.002811564175997884,-0.0038839679364914993,-0.00011897611921617667,-7.963666442378542e-05,-0.0006705603236735673,-0.02147539830059448,-7.890304673707597e-05,-0.0015890685704206872,0.0028178239274711313,-8.348426593233864e-05,-4.598915769890577e-05,-0.011265808142470513,-0.004331134690434633,-0.0014754496026162104,0.002072250439209487,0.0008398987414267061,0.0012817897686489372,0.00011316619376485455,-9.0835655259676e-05,0.00026040005135638517,-0.004058819449332169,-4.878913366991698e-05,-0.00014363395697176116,0.00015442224851616726,0.00014185165476978843,-9.856592041037574e-05,6.090104289839808e-05,0.0004285003222208977,0.0008932560677138211,-0.02514220715300014,-0.001968275882410886,-0.0003981445037440389,-9.835633113296563e-05,-0.0006595142890489954,0.010902764301547406,-0.0031500261403706797,-0.00020448543660140788,-0.01378062475495883,-0.0037371488429177135,-0.00030423878153392603,-0.0026734805707520955,-6.7566628714067255e-06,-0.0006809244550325327,-0.00038601587328367104,-0.06943944615451184,0.00023729903978235607,-0.00011822585431364046,-0.004838709941966207,0.00012726860482774538,0.0005381055531679911,-0.0004002387707690595,-0.00020274488293393054,0.0002058373663030099,-0.00011179289888555821,-0.004137390584549101,-0.011247066758805052,-0.0007795836399467015,0.004545709676876464,-0.04827054775763871,8.111415053988081e-05,0.0004144751374284821,-0.002058730347568362,-0.5355170840292383,0.0004287235295657432,0.0014820942970302734,0.8383678337980127,0.004176246417345248,6.701003153834219e-05,-0.0006464635152425884,-0.0007048819762233843
98,-0.01827139214256099,4.1846064200934396e-05,-0.0004314663744469961,5.717627128939279e-05,-8.009934829539267e-05,-0.00023444209716023956,2.467670022339441e-05,0.0006467866508897968,9.301676044605467e-05,-0.06650569456457328,0.00012022065816424954,-7.399200172475418e-05,0.0008588692831520695,-0.0005312097299859653,0.00012976707518519426,-0.0019533628306566686,-3.0061241112933068e-05,5.942722353805344e-06,-8.137170993373415e-05,-2.8639678341033092e-05,-1.1921607027468029e-06,0.0006592118345242828,0.00039892480942657713,6.005711100473543e-05,0.0007030369096713562,0.0005430526607849151,0.0011231576634416211,0.005378086747588046,0.0003369386582349476,-0.0001110716511723564,0.0004352224930328306,0.0022378946288664787,-0.00018254972779151862,0.00028653848365828207,-0.0006644319393105903,0.9676896858265527,0.0010086561865444432,2.250940138545654e-06,0.00022926642421523683,-0.00019526777534469887,1.5708522491962584e-05,-0.00030884546915592383,-0.0012903988340704825,-3.92219647451543e-06,-0.0002900367330790077,0.000110755741524027,4.788546167084316e-05,-7.311688418869516e-05,0.00016312703111036672,-0.001299540651755856,-0.0034354290429133016,7.995556659285948e-05,-4.536383558758142e-05,7.249796156120342e-05,-3.164034258262838e-05,-5.6147669048968126e-05,-3.704613888742738e-05,0.0012976650786824448,0.0004350374024658628,-0.0012680377380382205,0.0006112282738460068,4.878705974092207e-05,3.2169470841621195e-05,0.0037317372422608942,0.0030958690330505287,-0.0001340345328115027,-0.00010398834791990248,0.20644212209733054,-0.0007148948346443304,0.00010307352179947209,-0.0010009019255527284,-5.074571121047077e-05,0.0002256352576689262,-7.111260735431779e-05,-0.037790265682577984,1.1753803353456438e-06,-2.0876950920468637e-05,-0.0006176721835232731,7.079492825995404e-06,3.9031358794988646e-05,-0.00039220855235057826,4.724285523870155e-05,-0.00010156664981629884,5.996222163545586e-05,-0.004747878549545056,0.0014338071836295903,-0.00041977760741262245,0.00041725158541251186,-0.11537062868671438,-2.5690470438204105e-05,4.709970161519139e-05,0.0011691850083215514,-0.036170272889473824,-5.84975592736502e-05,0.00043385076332598527,-0.004262633026317915,-0.004570177204380792,0.0001802491873009529,-2.4322897370795092e-05,-0.00020308213834454442
99,-0.0019853430427799403,-0.00045369088154937134,7.43296141969608e-05,-0.00010680046116164684,-0.0002459102054974986,0.0012983546850124754,-7.910892678236747e-05,0.0008527147777202815,-3.604087935998694e-05,-0.03809478998982955,0.000638609902281144,0.00045617562885829147,0.0025905758810088365,-0.0007919119103980583,-3.3820764066203046e-06,0.0010133841804719351,-6.882914502834292e-06,-2.1858767463580567e-05,-3.77028485778391e-05,4.6416224821313636e-05,-4.9518347016574895e-05,-0.001290350437009819,0.00010411373848276124,8.522624488770461e-05,0.0008062790405285857,0.0002695780716117876,-0.0037369251307214383,-0.0003692337631942275,-0.00022355666047572248,-4.043707072653481e-06,0.0032569101336566526,0.0016627178406151623,-0.00025421587935748734,0.0003472083926203172,7.950391443512297e-05,-0.22215197647367446,-0.00029578362419692764,-7.255169981243079e-05,0.0009354039113063446,-0.00038737209156487025,1.3627488005548728e-05,-0.004218598999250996,-0.002641617995381277,0.00023447327045281869,0.0003207201279213259,-0.0003585658282344188,7.884655588391077e-05,0.00015111045966203823,1.8011566126482567e-06,0.000918917455175266,0.0006006980407512793,8.206003099638537e-05,-2.8991768565172788e-05,8.159420669424933e-05,-0.00035716782909371754,-0.00036760592668942205,5.6858225145239166e-05,-0.0001638719781728583,0.00044323309776292917,0.0009060472163901693,-0.0003059515044497806,-5.4254830111153535e-05,4.9331549581038345e-05,0.000485213801824912,-0.00750661991219015,-0.0014155015574868477,-0.00013162916089771423,0.9687469590771127,0.0005514315449346585,6.538302640427755e-05,-0.00046377432773351895,8.834442409992864e-05,1.1281678842941633e-05,1.5605009561025715e-05,-0.006521953187084706,-2.3105766724488414e-05,3.8328403715793234e-05,0.0015315791052055014,-5.344971590591193e-06,2.6500721020200624e-05,-0.0003787053287175148,0.0002046614069559046,-4.240644066655884e-05,-9.416756695756871e-05,-0.0051458547300753475,0.000664833317245341,-0.00038525824732814915,0.00046285318829522126,-0.09219321625729074,-0.00028719403133288936,0.0001403605843897644,-0.000603277382372834,-0.039918590627817246,0.0006412842208853993,2.4515969660613215e-06,-0.020636589961227084,0.0007124760284953763,-8.84093426643754e-05,0.00025651768768402447,0.00033605181929508487
