,1,2,3,4,5,6,7,8,9,10,11,12,13,14,15,16,17,18,19,20,21,22,23,24,25,26,27,28,29,30,31,32,33,34,35,36,37,38,39,40,41,42,43,44,45,46,47,48,49,50,51,52,53,54,55,56,57,58,59,60,61,62,63,64,65,66,67,68,69,70,71,72,73,74,75,76,77,78,79,80,81,82,83,84,85,86,87,88,89,90,91,92,93,94,95,96,97,98,99,100
1,0.0,13.130281089973455,14.180683610752272,13.76719954332629,13.645342527980919,10.736246561745604,14.090297950632754,10.319298092857043,13.983840065931428,11.00061357681401,11.720490980823259,11.636863894333759,11.46782716259013,10.271606063933438,13.97054530539018,9.904858057789763,14.243337239604749,13.21903039755402,14.131218253721952,13.985078184862592,14.328954814764375,10.710830630366187,12.594057671393315,14.093343137117591,11.650349112833961,12.991359043245831,11.059522848646662,10.668520052822204,12.332855122108548,13.663498039942922,9.957482003911595,9.5226370487671,13.26858542836531,13.625499134129845,11.265762987280729,11.912409174725209,10.967244726891101,13.195076765971898,11.105701646632316,13.675866924180385,13.670069937644632,10.851852197392697,11.792618164513064,13.706640868000209,13.440528083091612,12.110674919545374,12.501252679193573,13.419540833204758,14.02107204286022,11.188216953607728,8.23682087533648,11.18183786320862,14.0352449355757,13.811781691328783,13.988918743168938,12.995136757842653,14.523859594270986,11.56989262839902,11.017611069095697,12.013442112935998,11.585248222427776,14.369350205141986,14.313029639170054,10.925579811802693,11.144819672834988,11.231363072123207,13.949475994531985,12.753461640537159,11.232269337252493,13.762483546230813,12.867519831875976,13.707019457025195,14.07225645042813,13.673308975426112,10.880487687503996,13.33983898979678,14.082425404282457,11.361633731516353,14.44018295374543,13.491205759806864,11.922508047338576,13.072537431755622,14.189496662779534,13.604959560561813,10.490591555680885,10.960777299141037,11.904897971635236,11.510328505155764,11.53440533194804,13.03864991114896,13.413224601437967,10.751656743453049,11.042710217409354,12.287877282431815,10.275524672743307,10.400397782942587,10.825618974865051,12.346489092996004,13.656413605210437,13.183840367586647
2,13.130281089973455,0.0,11.014759614852691,12.44110874807716,11.791680626585428,13.003277592215028,13.629182328469051,11.911008860584513,13.137273915990875,14.088445655150837,12.113182593002973,10.075506615214154,13.420950348113621,12.199709028259322,10.711475034472777,13.012012393949174,13.56811833276068,12.03501140228978,12.85666150493994,10.891697573990248,13.465858338631705,12.90730319126659,10.672062971689083,13.056051835237819,11.119445785641524,13.981160351958156,12.715306863155313,13.601572065800976,8.95580432019163,8.913851423459725,11.762987386389584,12.138860386189386,10.831100877599024,11.522754433398205,11.270864216126716,13.407177277048335,11.657513557518993,10.441918037122921,11.978383048509434,12.239769084254833,13.614417426546213,13.184315893731313,12.672267032911744,11.384926460560209,9.571498289526128,11.398128299531237,12.774092419699938,12.074744723485804,11.66591598244687,12.205491071422337,12.971747128603411,12.377870162657354,13.326450768748625,12.885027989047147,11.285054823733743,11.557239799816612,12.911427885064517,12.616221843301043,12.921367980418458,13.054799617628575,12.523934143530992,12.196661873317991,12.574303051605858,13.835169335533708,13.6236239687809,12.298977937502384,12.491232574661938,13.589038501890572,12.259068490859942,11.787703453292805,10.174888197506553,12.3252963188004,12.181206607953184,13.018415501225583,13.05395479469209,10.738734807757494,13.739386221209575,12.324799692279047,12.932026095664646,10.825738139761684,11.870007421266124,9.256599936431972,12.416428816780234,10.624724597227816,14.032493475185465,12.49777465968115,12.614767754948742,10.978755757449965,13.838421981122467,11.035671249843373,11.644061028508528,12.945209605464607,13.642735711249982,11.923971197617185,11.83879938671277,12.700590182498543,12.817747305458143,12.37987818291899,10.939447861047675,10.449783029291881
3,14.180683610752272,11.014759614852691,0.0,11.554195600332559,9.622532690188631,13.528055132293783,12.303735216073102,13.362883353331759,12.93106874510892,13.920926197597788,13.427166417412213,13.13585884383679,14.174117634763485,13.574495616842793,11.442743713791861,14.12461732990153,13.554826708768271,12.133578830053121,12.118186575256455,9.59347055507382,13.074246238675586,13.533388856085082,10.851282182427132,12.291552011209129,13.250036809942545,13.26365076655223,13.766378183769886,14.328951162903234,12.503157436421224,10.785439376141813,13.758426339571901,13.509248547555401,11.376995393191317,11.587086019064767,12.778316805058795,13.768407425657648,13.164611905235583,11.171913493210429,13.187165785850443,11.734213921206926,13.616326196732384,13.71520966456279,13.270138478641831,11.427689083781019,11.31749067403623,12.194965741460333,13.483040987789707,12.058471899078128,9.009094144942061,12.597082106397796,13.917883754210216,13.62367725294602,12.372487309870113,12.047876175882704,9.81692182309095,12.813498403104369,11.93682526083652,12.683747331956145,13.542999897463787,13.086065754391267,13.54532429609646,10.03256602365693,10.620505069329433,14.373505853029037,13.886291884979228,13.718290063356337,11.675683101207445,13.809872006904873,13.258443048272927,10.554928118599246,12.217919302885422,12.645675298277427,11.047757837015324,12.915744081322092,13.851817811684597,11.276352821554527,13.798237138357443,13.55340304303296,11.94565238903303,10.564149092800143,12.80334605843181,11.046167763157756,12.001167752270979,10.699147979806252,14.016164405386002,12.854489306165116,13.581726058528414,12.720850311926535,13.896575808174065,11.336590335131847,11.438383435964573,13.795284057693738,14.261761477079444,13.072564801277217,13.385955240972654,13.65366523894914,13.284345185450027,12.145405239122718,9.893202563999475,9.868239967403715
4,13.76719954332629,12.44110874807716,11.554195600332559,0.0,12.110881869479348,13.113552491721823,13.569913892315952,11.858657707317768,12.52138808649427,13.275496823551608,12.765720677300683,13.682515644123768,12.965748346966633,13.094249493977273,12.61839422117535,13.59972095986039,12.366585390037665,10.829176016182638,12.55429572282196,12.532224386752834,11.788500954663563,12.815475820824018,11.989367167755097,12.115193786376036,13.312825098640259,13.168419373673675,13.181709108979652,13.457696935124089,13.00965306666082,13.026851943512696,13.242900595134701,12.867349207095891,12.986818321861282,12.234804625224532,12.977502370319298,13.313999932276998,12.966767172600568,12.718810914392959,13.01835222861909,12.417177165780652,12.7859330220937,13.308788009107307,12.67092874318927,11.740479504227192,12.734769763381053,12.68126674816276,13.335830547813826,10.080388585652422,12.162616768210471,12.315987247218974,13.36462246061647,13.278465768579297,12.142594660958105,12.055778858830479,11.916499107171118,12.788257553181985,12.37543444432255,12.90002964529691,13.052631065427173,12.873879063293472,12.84090891782383,13.039515603608844,11.813272315551524,13.357955702529715,13.359171353839974,13.105390687140028,12.674184038913285,13.359745439837992,12.307939035130245,11.544588795480186,13.018255225557049,9.619466539105611,12.497519826447144,12.76270874542099,13.28083446510912,13.383267724322604,12.039737037816815,12.60236152750401,11.768063058286153,12.719624059089945,11.908713717186476,12.76941301710177,12.900937911456442,12.404503195193023,13.02168302917726,12.561975032505396,13.211918871721581,12.858048191871683,13.404366594571297,12.951432876980627,12.19949934160826,13.1952117384147,13.132621762139054,13.10691643576302,12.866786806160944,12.842970398862729,13.343840487156404,12.131113019217432,13.15045750315252,12.903254191338759
5,13.645342527980919,11.791680626585428,9.622532690188631,12.110881869479348,0.0,12.808595968684159,12.76772899230626,13.110314767705185,12.336893418424058,13.958059957631518,12.615836341051054,12.600790455528767,13.442381263919906,13.676996605070913,10.166816688814649,13.208896226562787,13.137024838170637,12.423552858942289,11.37971173269693,10.417900982222028,12.34499174233144,12.732623356153374,11.671340892389873,12.577689317806678,12.980032326628457,13.473132523918585,13.353344659014486,13.65213721970393,11.990722417432242,10.993760094154684,13.025950742583987,13.298960070558664,11.488643625705969,11.954856886459996,13.053518107511536,13.93552760292397,12.433972176797402,11.55778927238192,12.560609373622071,11.708929321721813,13.288486427101383,13.337672539057127,12.609839958974673,11.547466194370442,11.291412347164648,12.432056484088752,13.292313465335344,11.90796831537944,11.354658855032536,12.832434668734859,13.61283765578399,13.13110137295804,11.896789820042034,11.551092952534887,9.791581584165453,13.22479438581698,12.643407836997143,13.143591187057984,13.204783848449356,12.941571296761634,13.129446616573048,11.539201313448931,11.134659648618227,13.776538484860383,13.816454067643253,12.660575668377032,12.05129752806608,13.144103269094721,12.968892177283049,10.648182927500436,11.932850251357134,12.983952216616537,11.68817090111299,12.13514386247604,13.396735345836703,10.907836087277202,13.544089301545707,13.282558219556115,11.66522555133052,11.344332647163457,13.116063212494762,11.017074334481242,11.126731189507632,10.259883889034437,13.846824845400095,12.581844120802739,12.982259855878954,12.649213264392014,13.754159012557869,11.880825823954124,9.510878874178557,13.054475003305186,13.711749399226846,12.519296258528646,13.019122851209342,13.169256681423816,13.767935736192584,12.535644529660503,9.934513984089412,10.512792705340887
6,10.736246561745604,13.003277592215028,13.528055132293783,13.113552491721823,12.808595968684159,0.0,14.043382077721766,11.750616127836386,13.928443417315206,11.681530451882468,9.327860235669577,10.740611515140772,9.028176427265736,11.887587348331344,13.758569138446113,11.135690709553023,13.822264373657868,13.20319297496632,13.65425467450232,13.82918875951791,14.48479848857788,7.773266782406803,12.537461994622886,14.279393122725365,11.424233946133803,12.760443956806244,10.441464303571632,10.359210062428499,11.567033907502257,12.671984319050097,11.593570915570504,11.18672333692829,12.664007245279972,12.990944358593914,11.638408034408247,13.332181903360954,10.912804450715965,11.574156806922973,9.630744010125163,12.423453225255628,14.014247143899455,8.021287461465311,10.759359810321303,13.5990007509981,12.41191901883146,10.839683099966772,12.569929631635429,13.125353894827557,13.201316356601792,11.623319634657252,11.355181975361127,11.946261488920811,13.588608023490332,13.608667886010128,13.936549014064116,11.110330883343282,14.27754390680838,10.822386692698684,12.529033427959172,12.510542549021732,11.39607347613419,13.65389165386892,13.267908819872456,11.179552621185541,10.87172768375905,8.577466711783856,13.487504144153394,12.733700528718275,10.272438983109504,13.04046220069914,11.662853115482186,13.481560988072287,13.29244648198739,13.980374835412405,11.582761606860554,12.489851226825047,14.418612909634497,10.686890011610217,13.702395627241533,13.234720404629027,11.920146321392837,13.224394462494253,13.40383408245581,12.934883725102111,10.490733351565012,11.505555098587907,9.394946125119457,11.316628962084978,12.400882443983962,12.97858004788646,13.284753138611594,12.745149017262689,11.699697165379416,11.559582917912323,10.533382076356478,11.272750466920444,12.154047014810583,12.733840416672278,13.692660798870117,13.238355374993843
7,14.090297950632754,13.629182328469051,12.303735216073102,13.569913892315952,12.76772899230626,14.043382077721766,0.0,13.707341397470033,11.665230825100434,13.87231023825689,13.886351840972885,13.842505269323174,14.186310751732671,13.699911404014399,11.926482789750125,13.929754380719293,11.28003958953177,12.18362524932508,11.639404522057205,12.80329140689337,10.152861223699505,14.087697868566401,13.280210201915413,10.0355537168218,14.104531264085125,13.673512314300957,13.792148592657128,14.120821660430757,13.883017098670633,13.088768573668847,14.277621855645046,13.79893142412379,13.607858428945455,13.288762746302812,13.975928338554656,13.406074839492375,13.769820864084648,13.49283337758619,13.679431493756157,13.118365738847986,11.942232048901456,13.93952028321967,13.806781914153452,12.288137171137288,13.279410106803546,14.16307345875655,13.400728569388495,12.211272820493031,13.200838865623883,13.0234802106241,13.666945030104532,13.781690647276344,11.298323950256353,10.995448429560172,12.266143753749757,13.639749972238414,11.218397006262999,13.668657689294617,13.69044956943292,13.979990128449792,13.599097595163736,11.820836192545851,11.760560623232006,14.188526085434122,14.105477405789836,13.7849354707597,11.584621193271376,13.689555486065574,13.74644371920966,13.104251912608815,13.762013333986467,11.914105063124499,12.271870158725312,11.603895509611508,13.875735714423335,12.954349294580624,12.035548355812297,14.066518197521118,11.865466909130777,12.98798097859356,13.856302084846101,13.820904739276372,11.20300220660049,12.559455206738015,13.90919317172717,13.370390588130025,14.241178074060716,14.013811357777787,13.960971030996472,13.511940621620871,12.701160279559016,14.034058004312994,14.063487857250182,13.519395746194887,14.256044337726319,13.485232294280609,13.387008937692835,12.689925417796601,13.311473680888506,13.08172829862473
8,10.319298092857043,11.911008860584513,13.362883353331759,11.858657707317768,13.110314767705185,11.750616127836386,13.707341397470033,0.0,13.663496025304665,10.269842508778693,11.192982026301337,11.393803900929907,11.503659216245875,10.463225700933181,12.545233583461421,11.614615991248048,12.804401069360974,11.960870014735708,13.649844335212178,13.1226752410853,13.448786930516246,11.322295318667324,12.06213387976859,13.295958668249302,11.352207485453041,13.075296004384699,11.63707831342145,11.353076873720301,12.009057923297453,12.394654065283385,11.276269685872245,10.09824866461852,12.957377811394792,12.659593785376828,12.036837140908325,11.643014485614906,11.285179881997049,12.029124451362971,11.61495570341396,12.657942131977636,13.540060054552544,11.279377303925495,10.526316103272142,12.717308769156402,11.9449994041372,11.53190034909323,11.987266831120237,12.688794904227642,13.003337719210702,9.678546311133685,10.279374501524632,11.92236537579458,13.857649136800983,13.665181850058117,12.950706441165899,12.80993589723715,13.623436398229968,11.888396540518517,11.180834162469322,11.956165136764447,11.33337456302619,13.461411602273484,13.599900400543868,11.454536961076416,11.373123358949448,11.059305959836976,13.540437544170072,12.205747079576357,10.751623113060756,12.942042547053331,12.330369841355722,12.365013640821003,13.22619150159026,13.195763719819206,11.639866076476538,12.408973010617837,14.072746874867464,10.907974205969696,13.464375386324463,12.689266654690632,12.012369132036088,12.224126685983114,13.23933324770169,13.146146985839545,10.506857559064487,12.104798023157553,12.162617173123596,11.445803095719135,11.452547908397571,12.334243023116162,12.659713086051822,11.6366091794517,11.548213864148376,12.350252592842818,10.453695757230543,11.24597542709028,9.79713200374131,11.759307096189831,12.967135393607315,13.061274005192484
9,13.983840065931428,13.137273915990875,12.93106874510892,12.52138808649427,12.336893418424058,13.928443417315206,11.665230825100434,13.663496025304665,0.0,13.98083392225264,13.33122946974909,13.809748385726236,13.854202745470412,13.474676010302563,11.830674021429036,14.063198571709238,11.514042708699229,13.018125430823398,11.826096783337123,12.0601625267788,11.255083124714528,14.135481778493547,13.022192065022443,10.38171312716258,14.211029474038291,13.568232569968796,13.04291131180888,13.823099423624592,13.930342563326972,13.636197844187492,13.822116592926418,13.617235205129633,12.97532053660496,13.380313501842684,13.507141587796648,13.42417116773201,13.643667090006048,13.713992901091757,13.643359162232736,12.616939505340959,12.873847277425575,13.956360044796464,13.715644286256351,11.569372207833617,13.107190225203375,13.597532242860696,13.159660223473102,11.956771409530043,12.960690943892471,14.123557969149791,14.185453445942935,13.960615747412843,10.335736000137967,11.244618367897985,11.922954320256476,13.422832394337176,11.486610823826457,13.805653332494984,13.40738940420783,13.696878590927188,13.677380676331033,11.335571643357161,11.87870181819993,14.113866835834411,13.713578608148298,14.109216227920214,9.666763113262993,14.078569111795765,13.566802858832304,12.092594331194134,13.433087112247827,12.406555229525932,10.702146590625278,9.911717793742714,13.654071242981475,13.130112004816606,11.99685937493665,13.595590817213548,11.361524580937498,13.307915336261036,13.304701247567532,13.418762347437877,12.225428071049631,12.097699148204514,14.018602189070647,13.381866912190079,13.279955116772596,13.534473569103639,14.302750979722406,12.704108791304906,12.563785076427104,13.387676408741724,13.861005487742268,13.067217016457482,13.956083870679153,13.388935862192902,14.042115352718545,12.552015786124,12.56188220417819,12.964553578665956
10,11.00061357681401,14.088445655150837,13.920926197597788,13.275496823551608,13.958059957631518,11.681530451882468,13.87231023825689,10.269842508778693,13.98083392225264,0.0,12.3926768785776,12.830740512996426,12.073480072976652,11.619793596515368,13.427863301280539,11.207328654558514,13.626305218627685,13.655599319276686,13.921081648543954,14.392608561613107,13.73467353719388,11.76807104468577,12.657245396580501,13.94587923277871,11.996473663577634,11.62677643858966,11.383388838615035,11.557767475251655,13.631867420370037,13.339351686176457,12.182503069310862,11.254775112880754,13.53809171664028,13.68635137967652,11.892430762376609,10.778675100196113,12.760245021973832,14.052756437691997,11.809399799952908,13.734141912584008,13.954514934114517,11.870151737514439,11.56662428765877,13.331795005546555,13.414870645319748,13.07358317952628,12.333583404727674,13.290412778777792,13.924008452538143,11.760194788248834,11.442630799618815,11.481917970891796,13.848569575853027,13.887695594421263,13.51143759214345,12.777849600361835,14.036605972896142,11.930913944886674,11.056188462227334,11.175210920655612,11.395070484525522,14.253660944418654,13.742512232801305,10.889304058079553,9.616306391422919,12.437988680279416,14.127779871742959,10.559000421081608,11.680831624361904,13.186048627303359,13.52233291472712,13.559643785677268,13.314602811370694,13.62295643844736,10.898510919376964,13.782497962399773,13.966474458748488,11.54719560523128,14.049747165278013,14.119044436713116,12.432698430605198,13.490359728491022,13.441397899284842,13.698716951538051,9.773395583155239,11.780143912299048,12.131066740044513,12.999190077646745,8.55013560235066,13.599843853054068,13.685427684138917,12.141878685082226,9.678598896387193,13.136038314227985,12.440125875235852,10.961172453135351,11.232275015539047,12.549900447295167,13.770351236657747,13.464549016451885
11,11.720490980823259,12.113182593002973,13.427166417412213,12.765720677300683,12.615836341051054,9.327860235669577,13.886351840972885,11.192982026301337,13.33122946974909,12.3926768785776,0.0,11.292287357999182,9.935527694541166,11.782517533213946,12.707386499065032,12.108729220550284,13.46734558697449,13.003151201126656,13.792204709708047,13.343649854700354,14.17421701295858,9.545962530133057,11.509731179661252,14.241052569142395,10.87658150040855,12.541722809495925,11.862647127187053,11.480910398532293,11.278262025567207,12.223284823185718,11.169780543441313,11.157998539257331,12.150656768078187,11.927306918668311,11.341049421973064,13.227458331844856,11.152715527190567,11.598525588228771,8.168538078359717,12.324249503168335,13.854211244274076,9.465516430275079,9.931999350810829,12.796241935169173,11.86188644405443,9.582883840130862,13.09986615967554,12.293167780233139,12.850947936636679,11.526419275156327,11.322168888270985,11.473565217538807,13.51873079828379,13.460373165336923,13.468940289374208,9.510089490113975,14.239975120689232,12.173008658030161,12.065821930246118,12.710866877870169,11.170676504489156,13.521481159567013,13.711780347636376,11.155615223297229,11.666957901624649,9.011583304295767,13.774637343096611,13.470021930052622,10.670228724970901,12.78762609495092,11.189847107049184,13.025031505128727,13.36198882421765,13.829665983324928,12.632714733017599,12.422620946770381,14.255806762250163,10.119965867351954,13.342364875539616,12.85370248031736,11.574814452540679,12.46224203850612,13.605638038698245,12.146353621479598,11.474446521607087,12.146054418468285,10.8674981935282,9.815395861068598,12.964917922580184,12.886235046726547,12.556673939473267,12.32061286121321,12.068899574630318,11.098733325812836,11.136324575667782,11.865937238094824,11.858576711756267,12.245683762546204,13.125658298927338,12.99230993974796
12,11.636863894333759,10.075506615214154,13.13585884383679,13.682515644123768,12.600790455528767,10.740611515140772,13.842505269323174,11.393803900929907,13.809748385726236,12.830740512996426,11.292287357999182,0.0,12.078086108848186,11.172549286442315,13.027384886554056,11.304766539799298,13.874672617806507,12.211639121709824,13.46030106646786,13.18641784576119,14.208093019008379,11.07147277606059,11.647392488963192,13.949101202029105,9.51683768911304,12.825583390958746,11.986892147159027,12.321301615617406,8.340795266258649,10.316378168056106,9.449647384086964,9.474417348058966,10.82720890801011,12.8205399820446,10.82433866088936,12.859774696741018,9.012967049598448,9.937887754070465,10.369742153062319,11.586852259120876,13.963823247186037,11.059133844250074,11.354323490274728,12.524080850334526,9.826971221140113,10.716696164891582,12.423868052252331,13.12972279677927,12.59023898258574,12.49063341197057,12.034594659043202,11.516124095776895,13.740235579743716,13.575066146453937,13.067593206822385,11.377474509250321,13.950306090478334,11.697080272028622,12.33563974738749,12.417000614041205,11.594090289386637,13.288842621023099,13.658076629713063,13.148231939809103,12.296060886174544,10.006022458413987,12.88735836393591,13.183785373361612,11.427435755728737,12.640269662760096,11.004240821445386,13.205712813920554,12.837060764442393,13.354199131913687,12.310155021932346,11.273622774832369,14.078783194735168,10.584505736653929,13.968361241364583,12.079993585325887,11.20156463299626,11.241858669733165,13.599845046220747,12.04411056405727,12.361488954768785,12.017060048968673,11.308360031772898,11.24341338685594,12.95004366736958,12.896287025127899,12.78563607877793,12.57816216216039,12.902034731716256,9.601203309940683,9.098294938384749,12.259509993265654,12.544770079185094,12.556259428954561,11.961510160324135,12.345271324429053
13,11.46782716259013,13.420950348113621,14.174117634763485,12.965748346966633,13.442381263919906,9.028176427265736,14.186310751732671,11.503659216245875,13.854202745470412,12.073480072976652,9.935527694541166,12.078086108848186,0.0,11.938254766684041,13.961357988399499,11.886756787909249,13.780791873488253,13.326135795725458,14.022600983048674,13.879636868898004,14.163265459493967,8.602530743733581,12.460242512199683,14.043550261575362,11.14366068823939,12.436615549438628,11.108658389409712,8.556563091959225,12.067271383235402,12.921055859949833,11.487064502012824,11.489885418162142,12.614015348930451,12.593500664713666,11.27039872186236,13.282534551874404,11.723325146749739,12.245662086824627,10.285928139160514,13.043252623176413,13.95089444298765,9.657469403219782,11.056841672100632,12.655870405108544,12.307621113315113,10.510864571796521,12.847581300496742,12.825069695117145,13.034411277293014,11.422914692589321,11.486999010407732,11.740054106508234,13.844718131451858,13.716001977743241,14.151555845708463,11.80403688341164,14.131650895341863,11.653806783498855,12.336062744308267,12.842615674828686,11.662784165212148,13.494378421941692,13.779678590248944,9.58549128208505,11.396069742512994,10.550629723495495,13.97280754605551,13.06162037374658,11.40813294418353,13.290535950112117,11.936768122365521,12.843222637903171,13.234809717650924,13.957664495496958,12.495563392881754,13.22738793000194,14.396471253637309,10.820863366702183,13.332888116059816,13.787420555127829,12.201530077296189,12.800656095412444,13.681797484338007,12.868203640163632,10.14554848395092,12.347069726883724,9.610259086112325,10.82955629210487,12.895318058433492,13.183445187520531,13.520770665166646,12.985812763852133,11.474131869593016,11.745454463981389,10.69360221292962,11.814703204366774,11.565393197004864,12.360369229771667,13.479194104861152,13.290678656333817
14,10.271606063933438,12.199709028259322,13.574495616842793,13.094249493977273,13.676996605070913,11.887587348331344,13.699911404014399,10.463225700933181,13.474676010302563,11.619793596515368,11.782517533213946,11.172549286442315,11.938254766684041,0.0,13.29449387312995,10.628661177179065,13.249269240209697,12.632664439266103,13.672174293232933,13.552487898493936,13.994833904962872,11.086051807450053,12.066014170597638,13.618069354007647,11.148734012635146,13.40047511584079,10.935932060738715,10.900792110959157,11.593726063155566,12.923520075901248,10.4947573530988,10.190727582408632,12.63069958992938,13.332862634853596,11.017077269648157,12.281697158695856,11.69889932383688,12.392052920530883,11.480082122532371,13.107777968925657,13.28407228264602,11.211633164470133,10.749262026641771,13.781661256327359,12.557903361961342,12.116840699166623,11.445171577851616,12.984413192133696,13.228815236352998,11.210318002828567,8.627762992635907,10.662576348821077,13.007558571235867,12.939945481067658,13.3470794624129,12.706875576915442,13.576338002002608,12.203618298902862,10.708972191439138,11.822910434261999,10.512364361945648,13.898482746081145,13.21356821221711,12.68845684942554,11.729175896792077,11.485978545196927,13.162038673460298,12.043332582650553,11.287261366743556,13.32775400696212,12.77566493221096,13.020450269508574,13.107723473812092,13.200970776342144,11.27467695153523,13.038856705358864,13.779882337064707,10.524177482116368,14.171612103504057,13.268368291104553,11.711331616515173,12.608338778332342,13.74647785934572,13.11736905321179,10.809117272048205,12.08707001958707,11.72356357197869,11.57176771557071,12.438559642481309,12.501734773475894,13.388828855258916,10.777318634917144,11.96961699242585,11.936737460840876,11.119865080079789,11.092070264796456,9.572802058856782,11.873978656209726,12.962343104640459,13.119000837400877
15,13.97054530539018,10.711475034472777,11.442743713791861,12.61839422117535,10.166816688814649,13.758569138446113,11.926482789750125,12.545233583461421,11.830674021429036,13.427863301280539,12.707386499065032,13.027384886554056,13.961357988399499,13.29449387312995,0.0,13.79716504042639,13.4211924745301,12.44434765751121,11.736379829135467,11.211690164678297,12.440895547339537,13.56957732879944,12.057278101408603,12.384067197514613,12.754569284347342,13.661875285027785,13.849834262742815,14.126515961600823,12.058551263001998,11.4630125602534,13.19592513180781,13.40898999834954,11.431056803888787,12.884057954886195,12.763590118035157,13.585995257944344,13.01139980096857,12.200612926641242,13.445074282863327,11.347527828750499,13.570154246679937,13.905965581970506,13.044289007008386,11.719847610762391,11.404341816343706,13.535890459052647,12.941321821243882,11.520502696345115,11.432753893351999,12.415722421705604,13.37956013001571,13.198612319639542,12.175711500571424,11.996375125811696,9.282492280828473,12.432837547638837,13.01121404768189,13.937982223697208,13.138631303019777,13.447854721361443,13.029193418039132,10.355247879461292,10.896625193622217,14.108956620317983,13.718332137357034,13.375697017754403,11.54092157902294,13.310081562257416,13.470818262908283,11.511895206235163,12.022019742180797,11.986305637066366,12.102395696628788,12.67419001645414,13.71780792420462,10.454805848961035,13.17957321427208,13.10709004002302,12.530133376443612,10.418204603044172,13.62461446566872,10.938332673981982,11.534747910475083,11.530803563976573,14.066807488967857,13.374199980114925,13.74834721850127,12.847324266651531,13.593709261471147,11.84539069454345,10.381305901186167,13.727219389157298,13.243695456654553,12.65232811529227,13.263363828305057,12.986590278053882,13.34282621732888,12.592035889009628,10.52122553158038,11.453996918931026
16,9.904858057789763,13.012012393949174,14.12461732990153,13.59972095986039,13.208896226562787,11.135690709553023,13.929754380719293,11.614615991248048,14.063198571709238,11.207328654558514,12.108729220550284,11.304766539799298,11.886756787909249,10.628661177179065,13.79716504042639,0.0,13.81618759259656,12.666763558532445,13.488359838100694,13.96218650640662,14.065229407342219,11.27331395959435,12.722959504748989,13.995990160598158,12.281470661239458,12.62541093903375,9.884364434242034,9.967490860621275,12.188960176744416,13.241599720726215,11.102881200996636,9.45576441311487,12.457105126148505,13.092280759376566,12.147127021607647,12.00243980962042,11.410858282234539,13.565317357659746,11.808311946491479,13.338058492245606,13.640279862453157,11.100631368551124,10.860434561641064,13.38796734374285,13.579323366046124,12.047221110089984,11.79474200696846,13.426050774708857,13.226501990498166,10.709492271897368,9.815291463114729,11.639566467731655,13.630169119762426,13.126422321139417,13.480045131628506,13.087046112283456,14.056290444774488,11.484066858389195,11.907923522126666,11.593113330118532,11.38834600992578,13.97023226333643,14.086330888794441,11.712155294413627,10.796904502978236,11.703941332818781,13.8807322999133,11.532640258710504,11.805451439773144,13.490039669720838,12.474285744948586,13.328116885459197,13.47531112363953,13.779365136493462,10.26885561644132,13.231904408339696,14.173853765134478,10.274691517451638,13.86040474538224,12.797112406403178,12.4772325852804,13.694380207635808,13.432721609252505,13.313201141948172,10.669712983778687,11.744817630293007,11.499723952108326,11.836833587181237,11.389531639810212,13.311374942304884,13.106957057634371,11.612242257835085,11.02268229064759,11.75480141429475,11.294822763691556,10.487552256767854,11.128254367310136,12.894576680404986,13.230096813700518,12.921197330467718
17,14.243337239604749,13.56811833276068,13.554826708768271,12.366585390037665,13.137024838170637,13.822264373657868,11.28003958953177,12.804401069360974,11.514042708699229,13.626305218627685,13.46734558697449,13.874672617806507,13.780791873488253,13.249269240209697,13.4211924745301,13.81618759259656,0.0,13.085673745602179,12.521978895297382,12.820603518625012,11.12717350318787,13.700678537623524,12.47947241631829,10.934944952904322,14.028062487183025,13.526946052077959,13.234352507467735,13.573476708577864,13.883251798122869,13.80178542096363,13.922999889226313,13.772325919742107,14.025782179545187,12.819609634092929,13.655444626460255,12.998574444495311,13.824225672680994,13.596487782088218,13.643848550224293,13.936947546703356,11.119840079157976,13.89459524543285,13.652941656075214,12.852383595563175,13.992229184012244,13.39794924235391,13.201596356677712,12.616499508758203,13.650933955723058,13.456213493108946,13.767960598550557,13.164709701781915,11.093238724158907,11.656428410764496,12.490184319056695,13.632879276499294,11.812774178302007,13.364586269239755,13.849514919643006,13.356880888806689,13.838374315432004,13.003391145054964,12.77339507259416,13.75168158517751,13.606318382269183,13.766537677885589,12.406688961435679,13.542142577853582,13.050993508272622,12.874641281407312,13.769854480237642,12.275385904377133,11.903904218826222,9.955937294467745,13.572001631332808,13.765489026271784,11.666118493337933,13.300881594378842,12.307787023960369,13.777422706583774,12.896142533252613,13.647019879516009,13.138622196091841,13.45394482324838,13.528848182213542,13.396819779723081,13.883983590052445,13.810172550412409,13.624451950562696,13.21425031849865,12.392472995934604,13.33302085109596,13.366694106285806,13.496887713172043,13.915712210344752,13.304219344219854,13.574932593204641,13.56213498474954,13.705261471611262,13.443629302936353
18,13.21903039755402,12.03501140228978,12.133578830053121,10.829176016182638,12.423552858942289,13.20319297496632,12.18362524932508,11.960870014735708,13.018125430823398,13.655599319276686,13.003151201126656,12.211639121709824,13.326135795725458,12.632664439266103,12.44434765751121,12.666763558532445,13.085673745602179,0.0,10.890821276802725,12.556730967564189,12.549747300959638,12.856995211853025,11.710035274319484,12.946126173328045,13.058601180511667,13.494808665877846,12.758462093394682,13.285151657692216,12.234072228095927,12.599318472200379,12.985008329336026,12.343784253392764,12.458384777948162,12.752108059368041,12.24770379748073,12.791120919160765,13.089776543931984,12.27806783058699,12.835378139973312,12.534472710063516,12.732327120572025,12.872401350974906,12.76463663422239,11.721149199439589,12.592867980919687,12.509456036764826,12.440606477679403,10.681813329199288,12.831259248025148,11.546456211891604,13.16509223995981,12.45418669160234,12.648617880353214,12.636477445165122,12.367963867448506,13.196554906229363,12.662043427291792,12.325727474679331,13.096926772747093,12.675260885896929,12.216740666263723,12.366884223682092,12.284514294625085,13.556347718202648,13.647310026230587,13.213429745205218,12.726995599395726,13.400710785822307,13.038183541722493,12.665279302827527,12.999227218634502,9.161289401727945,12.51278620050426,13.35199689821698,13.084164811879194,12.455156676840682,12.785774082820797,12.771024030305318,12.12720172647802,12.779581929310197,12.160389212165983,12.808053494122625,11.745755935564203,12.722183133521652,13.72768663319478,13.068400518575444,12.290585358640731,12.634362110293845,13.56850095888396,12.8654640375983,12.288179899373809,13.114482897341931,13.755128911073706,12.777875620946995,12.480822680889686,12.695832501305317,12.836970152844401,11.744942447444917,12.447482017060953,12.619481915894024
19,14.131218253721952,12.85666150493994,12.118186575256455,12.55429572282196,11.37971173269693,13.65425467450232,11.639404522057205,13.649844335212178,11.826096783337123,13.921081648543954,13.792204709708047,13.46030106646786,14.022600983048674,13.672174293232933,11.736379829135467,13.488359838100694,12.521978895297382,10.890821276802725,0.0,11.907952390254135,11.249501840227813,13.600877838423,12.641961904282788,11.702491046067964,14.180716576051575,13.650080358025466,13.445150751209491,13.706590339732479,13.326748200952522,12.821106391302383,13.732248941155268,14.084826984078768,12.82273013492241,11.82579649807835,13.625616073099701,13.74242077801161,13.886075840846543,12.661035514191408,13.81077118644841,13.263718558207144,12.029509965504957,13.836189932928402,13.986440878414388,12.047667374880886,13.515942976590809,13.309292587491651,13.050366548066648,11.316778987724648,12.027845462035721,12.97216039711315,14.330765426596857,13.957064392362739,11.127029029678436,11.727089978476906,11.277656892264668,13.100287675238876,9.97434199201369,13.363658665108279,14.334661227478637,13.70280900703398,13.464471557573694,11.35414584856887,11.799111271961541,14.210115646362523,14.060298635353261,14.164228311127307,11.254609287549403,13.667479305116782,14.018188448599481,11.747722373757776,13.339620738928964,11.25424170122312,11.49322979600939,11.482396178482858,13.405328676375953,12.099808659983394,12.924177974354645,13.939089234687408,11.961305820624377,12.702428796363057,13.47789250693621,13.117440993460464,10.815551534419921,11.933192557268885,14.163166752359913,13.459342012947218,13.238884158040381,13.735475997875115,13.273101520089911,11.745383424327525,12.34307804727258,13.589462721243992,14.235905284995729,13.318451127105119,13.652221469984338,13.226375541649814,14.056040640075643,13.09688097695791,12.049707384514834,12.072830789036084
20,13.985078184862592,10.891697573990248,9.59347055507382,12.532224386752834,10.417900982222028,13.82918875951791,12.80329140689337,13.1226752410853,12.0601625267788,14.392608561613107,13.343649854700354,13.18641784576119,13.879636868898004,13.552487898493936,11.211690164678297,13.96218650640662,12.820603518625012,12.556730967564189,11.907952390254135,0.0,12.553351620954455,13.798148124298509,11.729974853853195,12.729677661046956,12.88213597321705,13.213895450741798,13.462583820211313,14.27106498514563,12.326244394413173,11.018347117451404,13.416166777874844,13.860835254120156,11.591753148453456,10.662852132092363,12.421755937977355,14.049032137767396,12.83560940485711,11.952605149767772,13.957403641968488,11.90734412983026,13.609537978711169,13.782933397364905,13.700180410694655,11.089527755705044,11.309876286314399,12.08953494026029,13.490362586387988,12.278319406899708,10.975487085503453,13.076523889810106,14.286554013718021,13.62694500712488,11.83897257020432,12.147335871400896,9.819815984625636,13.061401961553253,12.258926693559362,13.089686321954309,13.754605911198198,12.964720542515607,13.17194751489945,11.198115710114726,11.291554388551543,14.298398338810351,14.010534985384542,13.705209971924209,10.726912102410425,13.744454478528397,13.500140787995475,10.824666290943625,11.887299091770178,12.406965180380485,10.975173928865296,11.959198725431166,13.375998874446301,10.791193266710728,12.871155724302486,13.812212217003824,11.518173925820841,10.601700026745982,12.837680409638953,11.040571417271122,11.627197413052714,9.682081657447695,14.204129560314435,13.656940686761562,13.75602879374842,13.041686089494055,14.299294863963702,10.453635256453435,11.040890717194822,13.515338656921694,14.344654374828504,13.401833324374756,13.581559506123611,13.536398619532775,13.752691675185652,12.585197327670448,10.014325768415565,11.169634995515793
21,14.328954814764375,13.465858338631705,13.074246238675586,11.788500954663563,12.34499174233144,14.48479848857788,10.152861223699505,13.448786930516246,11.255083124714528,13.73467353719388,14.17421701295858,14.208093019008379,14.163265459493967,13.994833904962872,12.440895547339537,14.065229407342219,11.12717350318787,12.549747300959638,11.249501840227813,12.553351620954455,0.0,14.445452288451534,13.888984515026596,9.424654561554012,14.072876463041666,13.387290661159437,13.857458216366231,14.529087869138712,14.168552485853805,13.316038717517245,14.279260640160103,14.318907109585165,13.986802107899384,13.079955344025626,14.093893731618909,13.371489926957587,14.21708474145926,13.19425205787356,13.868795446995692,13.050893345222057,11.66849505563859,14.048513327624887,14.220618762940404,11.706014271451632,13.361379186810543,14.109866249289558,13.632779979947342,12.03122179280168,13.513687525638403,12.772878860389662,14.193578410178956,13.876258354223861,9.861953408290818,11.891024458927278,12.621436797077822,13.658526390568408,10.638462885117406,13.785145238287031,13.86526564682641,13.379176317240926,13.663864524567257,12.556528292265748,12.118397988693639,14.677459735077942,14.232936747786557,14.209525596359171,11.139493001110855,13.512312959679853,14.443402883745161,11.752112497910524,13.893806673337771,12.315313726337026,12.157216293489881,10.495753755161218,13.924101477038251,12.806003959462661,11.325111324241663,14.403182092326082,11.641114687561402,13.231709419538884,13.560567490491428,13.708762393851416,11.852110523145676,12.657393732612471,14.156893146272449,13.170675173069792,14.098558017005137,14.02294809588914,13.744444740783871,13.629842926621077,12.395817850922892,13.234356461908385,14.108007230075389,13.776184712787227,14.131287430476156,13.84763973925588,13.686119212984966,12.564749503845817,13.352583181550541,13.363161048238073
