,0,1,2,3,4,5,6,7,8,9,10,11,12,13,14,15,16,17,18,19,20,21,22,23,24,25,26,27,28,29,30,31,32,33,34,35,36,37,38,39,40,41,42,43,44,45,46,47,48,49,50,51,52,53,54,55,56,57,58,59,60,61,62,63,64,65,66,67,68,69,70,71,72,73,74,75,76,77,78,79,80,81,82,83,84,85,86,87,88,89,90,91,92,93,94,95,96,97,98,99
0,0.0,0.8676408343851563,0.7708915278205816,0.7741361665209895,0.7723535577531466,0.8270571462466656,0.777917390408686,0.9410678453097119,0.867284603900533,0.8554453817676445,0.7938578641311135,0.7879329037961524,0.7527853670448932,0.8862403235236179,0.7737576758271083,0.8766860432524975,0.8087496158626432,0.8894163780358462,0.7931096973166657,0.8082525659793374,0.904980889709013,0.8097743736798282,0.8822025937130753,0.7802966711862426,0.8487487869712182,0.9616218130236649,0.9525019206410725,0.7870462378864258,0.8199448014016272,0.8383809576187095,0.9623050553894958,0.959098365921438,0.8938159253615854,0.8244167806366985,0.7877071804690243,0.9239753229403835,1.029224233339972,0.7989219449281355,0.8124554814333846,0.8362250458185281,0.8300835911301535,0.8400500704600641,0.8161878545176867,0.9060039057013402,0.7729054980944825,0.8624086916051014,0.9093597777664773,0.8353207116448709,0.7816182386414875,0.9243319152791766,0.9459391800334505,0.9037416868195459,0.8336675593751937,0.793536538444028,0.7715780244241792,0.7909790718410837,0.7949016413279822,0.8011927128331588,0.933458627626222,0.9423718046909564,0.8202357417458941,0.7998501958279673,0.7862186080159481,0.8048254622876947,0.8802689886870746,0.8215023415741463,0.8655308104401319,0.9024357329567473,0.9223533089939311,0.8964745180288718,0.875132650991153,0.8166906293779375,0.8417797151790325,0.8126770296102745,1.001734186050935,0.7618447770346327,0.8228568925795032,0.8128758725006712,0.7767029385410238,0.7757439435344834,0.7909420832285788,0.8615749120181105,0.9066790854626516,0.8649256196724457,0.8452796382044222,0.9765254247060456,0.7837400644367073,0.8898176327361269,0.8346370591247705,0.7943424022979299,0.7986278550264586,0.8557101158824586,0.8829765415234694,0.8044460549584019,0.9945430221653333,0.9504957420123957,0.8954520023640646,0.9572843450356906,0.8105506617582712,0.7974347065973905
1,0.8676408343851563,0.0,0.8457761533933257,0.8386974997440967,0.8355852891454115,0.8542314122507082,0.8407508185771795,0.8995722928274759,0.886199395716084,0.856324008621708,0.8404826975190672,0.8297994120483064,0.8446018212882124,0.8930567782332448,0.8394286720473276,0.8918777769419487,0.8556500735964756,0.9032900162157479,0.8513879148811311,0.8643431688375464,0.9119020107785282,0.845610684393069,0.9110262817050885,0.8422190390149318,0.8894774654820026,0.9703621074227797,0.9592362570533798,0.8510719840950005,1.0510802166269135,0.9754818902261586,0.9497221238727495,0.9169242944109064,0.9928914920221362,0.8721316477696719,0.8597275493748,0.911737427304895,0.8501018504904518,0.970591048487236,0.8484772850731522,0.8681019768630066,0.8708808419354653,0.8395246532227965,0.8649171509216852,0.9200024308850618,0.9282385276035912,0.8877755839536933,0.8930630785478885,0.8710333387145561,0.8532895345574171,0.9116339600328164,0.8626539623440828,0.9019552188434804,0.8694843620891878,0.8487505510614508,0.8339636365769657,0.8450779723114586,0.8555176250574058,0.8483194833335074,0.917598256909568,0.9488572171805543,0.8798927092501083,0.8596345283315842,0.862238454019996,0.8434972198794831,0.9007146644096617,0.8411219960743346,0.8940170943246883,0.9246453941534236,0.9243410000469361,0.9192233384591254,0.9103687393688121,0.8612995800163206,0.8725677411997634,0.8599430716102284,0.9522919502975788,0.828022238649713,0.8613615069119992,0.8571931993143665,0.8331727588862547,0.8165956437232408,0.866520806726279,1.1108490185287145,0.9171311712554902,0.8952397371557849,0.8418559790915912,0.9782480943686804,0.8457812304843175,0.9578439920599426,0.8735408434627109,0.8537363368904931,0.8555702328707874,0.8799488143230328,0.902642036680009,0.8565258815624136,0.8749798467689424,0.9548013504898015,0.8833713469478127,0.9643528045123254,0.8516983290766719,0.845877127594283
2,0.7708915278205816,0.8457761533933257,0.0,0.6131971087396526,0.9942669001744899,0.7068153425426789,0.6290624522769257,0.829501893195649,0.8383283010879337,0.7464299424338516,0.5855146925957332,0.6848719725230711,0.5630193682702324,0.8284665010379217,0.7997364074558262,0.8444964377479409,0.7322565226115421,0.8849859704964679,0.7097250106536382,0.8637827956834564,0.9167071015350968,0.6508620649194519,0.8625149100055084,0.6787007379574125,0.7361316933046188,0.9569868638333322,0.9485767541764752,0.6571738404374459,0.8092842600617942,0.8077747435451268,0.8891443661289896,0.8908314748846202,0.8870207531307338,0.7870616571096497,0.6220037711746227,0.8798654598921496,0.7362241004441217,0.7346987025158451,0.6819152224096677,0.8053556237877116,0.8100402301079273,0.5867690774155699,0.7669456179162176,0.8915847163040426,0.6786453655384128,0.8284287820191091,0.834092768909927,0.8161129546453607,1.056394714110594,0.8556927669364516,0.7646822998239476,0.8584451910162889,0.75445214386122,0.758251693071695,0.9925891244448687,0.6737456112527168,0.717724877959762,0.6738784825010778,0.8859425869092372,0.934761564012338,0.7451687530078088,0.7314823218991081,0.6441680977694014,0.580641875475433,0.8564143884005786,0.6738942735800694,0.8590522613936158,0.8988888513534216,0.9032746233781059,0.8982681111240032,0.8694607793524256,0.7792481242751136,0.8172288591559121,0.7615225984656722,0.9414176340522783,0.7301526193865,0.7877962175230981,0.752577043903903,0.598643755523722,0.6584244741348996,0.6937951936281685,0.8698053884653344,0.9520113265319695,0.8363282766359037,0.585774740900831,0.9753979657845828,0.6379364190281791,0.8803574810946379,0.8060842284628879,0.7143000084953207,0.760435350580439,0.8063301702356679,0.8573295581777853,0.7077261054537689,0.7921851267028975,0.9408286473145798,0.8127016386056392,0.9619289489505375,0.9698728433421543,0.9705920206340233
3,0.7741361665209895,0.8386974997440967,0.6131971087396526,0.0,0.6177263700803752,0.7167394076974034,0.6503577813412665,0.8277479317585235,0.8558868350744284,0.7486093016152348,0.6212865215984217,0.6943044585547337,0.6078740352291677,0.8287184251541653,0.6243864776007637,0.8447658262341697,0.7455250412565914,1.155532075518185,0.7275273655450815,0.7443001138895113,0.9023382547016644,0.6661998805073047,0.8659990189979199,0.657653680221833,0.7454015099789746,0.9568594999785337,0.9490218285439916,0.6662580679873779,0.8149313246595449,0.8045916728402945,0.8918364973095877,0.8904072050774368,0.8831832469208922,0.7885467464546065,0.6415854865637335,0.8798863894333208,0.739345757370358,0.7366416887142799,0.695331304212509,0.8078610346259095,0.8066330738905432,0.623081237112308,0.7679658582101858,0.8965424045546163,0.682807601049324,0.8296436563861425,0.8811705920987366,1.2890725935274183,0.6666571996529608,0.8565892756374985,0.7665538146995348,0.864160968625728,0.7910138157271083,0.7205907398844184,0.608556120814085,0.6853060653007568,0.711557753498565,0.6884528138158211,0.88490743689725,0.934661680582731,0.750024770821938,0.7320091636904256,0.6952208945153278,0.6204789391430938,0.8569829638805457,0.6854762681253814,0.841960268601235,0.8989268559096318,0.9034120268058523,0.8813763421911192,0.8545273606217447,1.3484986054573416,0.7931036872319915,0.7598414682682582,0.941194004276253,0.606298806485348,0.7940671259089808,0.7542108383248997,0.641186894701228,0.6274326505062845,0.6968504162260575,0.8315480448188486,0.9018694249412044,0.8473894564047717,0.6238347802248222,0.9754150155439683,0.6561468098986248,0.8722907745335514,0.8063630888213822,0.7170132119601447,0.724028270686966,0.7933015298202685,0.8580624513802234,0.7155219515338355,0.7891248922658922,0.9411098272733712,0.8140812430812087,0.9569816492432421,0.7511694919216609,0.7157071950523641
4,0.7723535577531466,0.8355852891454115,0.9942669001744899,0.6177263700803752,0.0,0.7111386357577314,0.6356359442519643,0.828032290757188,0.8394916090933354,0.7467656521136676,0.6018570009895142,0.6878181939555005,0.5858384215126949,0.8288405534261492,0.8605588120476705,0.8440327820795314,0.7384978778695791,0.8843369306228552,0.7232852523328148,0.9891754430679397,0.9052709630982863,0.6559838962638451,0.8638491836580755,0.6659594095147661,0.7424394811152902,0.9567629792712534,0.9486585332888003,0.6628224983757871,0.8137836145469146,0.7996383882383388,0.890883887210821,0.89153413492581,0.896906788520782,0.7890245877206724,0.6290976322467066,0.8797959050913468,0.7387088854198282,0.7341166668795683,0.6872654097216949,0.8015618259748905,0.8074504655890973,0.6050674262487632,0.7674385497152453,0.8959401036107029,0.6950481096533747,0.8310886740328164,0.8347256658635007,0.8157005153131086,0.8046737096549527,0.8558211318100104,0.7651584897387905,0.8581505963952905,0.7767325597767026,0.6614932299583004,0.9487226198822029,0.6806591369254715,0.7207487064487202,0.6778625771085466,0.8857639136614031,0.9350406252822505,0.7466100830856828,0.8124761894933145,0.7772329632534789,0.5993741205692761,0.856453863822288,0.6799235525030548,0.8643551732342591,0.899128556962618,0.903252299396538,0.8828640830762795,0.8624321193969009,0.7783191300442552,0.8057125990793714,0.7539379033899504,0.9415188304021931,0.7440196169480571,0.790433842369271,0.7539183145328946,0.7305391712909102,0.7429529420579714,0.6961240114777943,0.84014056917714,0.8992898625563794,0.8250475977128814,0.6046177282225259,0.9754693778445077,0.6496660345906323,0.8720031343076806,0.8063297099071799,0.7291987795180507,0.9489540603254026,0.8062896824139694,0.8579966895480529,0.7158224586446621,0.7891818007177065,0.9412987241208157,0.8138788139000597,0.9565243133202515,0.8416406512548441,0.783383443853079
5,0.8270571462466656,0.8542314122507082,0.7068153425426789,0.7167394076974034,0.7111386357577314,0.0,0.7274670019569961,0.8555019389095753,0.8536964389633234,0.8079614148681176,0.7431746675933704,0.7531887575284694,0.7392774716183639,0.8515254379868044,0.7172643078456774,0.8726832502804959,0.7814775205111726,0.8872352935792902,0.7598828106750526,0.77344300154898,0.9038627631192679,0.9000542222958614,0.8717456814532347,0.7313778576672302,0.7816051437940318,0.9606196051957977,0.9715106696073568,0.7752773236529906,0.8282137068293773,0.8237441994574163,0.8972070255219451,0.9052180818041329,0.8894643305217488,0.8079989015474067,0.7222325470019714,0.8872974041653564,0.7800098624837567,0.7719535819154477,0.8112801478071124,0.8166934285247068,0.8176355384236869,1.089670171956001,0.8234990080484201,0.9015544374308444,0.7396023334070239,0.8659120376103115,0.8592633969246983,0.8240540792302842,0.7353513044808055,0.8808110269702102,0.7990541154148696,0.8735189347414934,0.8071724701168185,0.7579324480910999,0.7077557985983397,0.745747685615017,0.7611989674659442,0.7918694961564873,0.9088921599098362,0.9364794006707128,0.787235477038071,0.7725053579296202,0.7465248309797026,0.7608647318884989,0.8788501354798253,1.0217226694480905,0.8511098864167813,0.9054909656911477,0.9408674226929002,0.8925395458674356,0.8003080589202016,0.7960254789732986,0.8173517046779736,0.7844490966614452,0.9447830417319818,0.7047899745236127,0.8073829293411176,0.8376825311123899,0.7229821944311436,0.7109811960298635,0.7530636410716093,0.8397571556960378,0.9005255458214556,0.8483176694145868,0.8331897955228852,0.9763303020893942,0.8260410321101382,0.8610865566095595,0.8284461714317514,0.757098701212027,0.7653137565349107,0.8392395542884148,0.8712971571794991,0.7656857859688366,0.8378691338749362,0.9488020870864081,0.8374556953686484,0.9586642417322497,0.7735932848383976,0.7573766575713313
6,0.777917390408686,0.8407508185771795,0.6290624522769257,0.6503577813412665,0.6356359442519643,0.7274670019569961,0.0,0.8295755084590944,0.844588960750649,0.7548849854457751,0.6471692329216291,0.7036200154767795,0.6383627502478375,0.8335326009007337,0.6480694220697698,0.8470071525244329,0.8456647977892092,0.88525336164049,0.7594352453675223,0.7572023431263958,0.9433134531083286,0.685134085383668,0.8658246980900389,1.0893099498740175,0.7485814755740754,0.9569311512090196,0.9495365093514809,0.6839913183636754,0.819420720792355,0.7983862391762833,0.8907192969774667,0.8920900072260906,0.8867234893192387,0.7942537145836277,0.6620415496364412,0.8806795751469844,0.7477706647071919,0.741944006944854,0.7052952633290506,0.8093859731653971,0.9278406561186588,0.6496710291660985,0.7715094916697242,0.8916310261041013,0.6942477532448359,0.8389717516639846,0.8376844249882478,0.8150040414809245,0.6750592644633572,0.8577050896323566,0.7740687744727419,0.8603102355103872,0.8614700408516763,0.9122895287092004,0.6212226192290777,0.6978419577912331,0.7843326897909421,0.7007143059739752,0.8867602249349206,0.9346798199610131,0.754539022651787,0.7604857883483289,0.8034855705980838,0.6492806957194858,0.8582384937105109,0.6976155330608098,0.8420730441110654,0.8996333221535792,0.9020714317610311,0.8919785305191392,0.8601632630714108,0.7781688359963113,0.7941996289418133,0.764920913486846,0.9416539902710275,0.6361045168257348,0.947065897179737,0.7598240335432367,1.0493303290744804,0.6441970840544281,0.7039331368307522,0.8330084452855369,0.9974432955842388,0.8975818849028193,0.6509628732737168,0.9752234689787963,0.675053849991441,0.8707703193441343,0.809490250940695,0.7445573884968409,0.7262221698882286,0.8105194044307531,0.8602474137081539,0.7258014120600709,0.7927112630824348,0.9411550076748424,0.8188584952802473,0.9566196871091609,0.7511176427450319,0.7200558477599285
7,0.9410678453097119,0.8995722928274759,0.829501893195649,0.8277479317585235,0.828032290757188,0.8555019389095753,0.8295755084590944,0.0,0.9083525151927405,0.8586767995376318,0.8315176473489698,0.8316127196355112,0.8293888224240259,0.9065283726519132,0.8271031753365551,0.8963025452470508,0.8466901524927609,0.9075737188775898,0.8378539394052575,0.8479043980532864,0.9151542613397845,0.8472636922468354,0.8981969689051309,0.8316754587302042,0.8624681894058691,0.9670544383892434,0.9579991308605786,0.8324529843704624,0.8788646820021773,0.8771985321210719,0.911905219076205,0.9423504542841455,0.9150434189926508,0.8612699384968294,0.8348031676124894,0.9125230579537512,0.842833348448944,0.8500030945641319,0.8461606986747796,0.8693743031055983,0.8630231486001322,0.8326698467096398,0.8556388954016045,0.9296463130213405,0.8360944167668317,0.8845207243953555,0.9008710072369996,0.8691634544504011,0.8402446711313105,1.1857873550133842,0.8783199107434468,0.9040206675515027,0.8622912813597026,0.8397015885366014,0.8270186255694312,0.838840817905902,0.8385729207930714,0.8407159880570171,0.9281505307668876,0.9759414502694995,0.8534256353828271,0.8419046433870717,0.8333872573649784,0.834934002409034,0.9016102319837056,0.8460230486214516,0.8981642193897766,0.9246916113816633,0.9325700194664239,0.9230692727989102,0.8981073200488854,0.8565843932396344,0.9239177147285148,0.8519039739045301,0.9531256970115297,0.8270793509167791,0.8595096177324535,0.8523685296825294,0.828574000497918,0.8329540764303565,0.8399822961876106,0.8885780275955958,0.918547670736948,0.8912681218550548,0.8369242373162643,0.9793553665546179,0.8324499591614878,0.9083496833289658,0.8758847804918123,0.8422793797008565,0.8470556476987524,0.8829816879401027,0.9071217999676447,0.8439756844769987,0.9031538968081075,0.9521264378847258,0.894071866403104,0.9690859909865573,0.8520612198968112,0.8473928776370915
8,0.867284603900533,0.886199395716084,0.8383283010879337,0.8558868350744284,0.8394916090933354,0.8536964389633234,0.844588960750649,0.9083525151927405,0.0,0.8570609308745569,0.8439986103013376,0.8510542912769932,0.8441330488566592,0.8861127069077506,0.859924710942062,0.8950002742363352,0.8879315806065284,0.9074615028604893,0.8472563535434398,0.8498220282064951,0.9456136540765884,0.8459748778226873,0.9099669913908177,0.8598576264944839,0.8640421811125711,0.9655159554125637,0.9606804750427946,0.8477675751466207,0.8794815991250362,0.8696477075494192,0.9154077054970656,0.9201414248060888,0.9113909016025004,0.8607337341509917,0.8446175978121773,0.912984422771487,0.8547828371157957,0.8507446293860457,0.8501280497562841,0.8658992310128281,0.8795407372554178,0.8438422385711697,0.8628976499293022,0.9623656507243614,0.8422926885298634,0.8896835672856973,0.8933858186736349,0.8794058964057809,0.8426865848083994,0.9157366568322375,0.8651642082796545,0.8986688970278983,0.9178308938124391,0.879642126557542,0.8339678957479532,0.8448982733390134,0.8600678714785218,0.852059941653336,0.9179456728122236,0.9503286984071008,0.860411305127598,0.8948559019427481,0.9220002043934792,0.8449028219236961,0.9014742791694786,0.8477415538887311,0.9895498437308936,0.924305704174195,0.9253265338806178,0.9189519335051317,0.8928144323556805,0.866358723764844,0.9779794476940075,1.1373810512016416,0.9534769204280422,0.8350628318853144,0.8491719281024334,0.8609778785083599,0.8486244710917435,0.8327651764245643,0.8503875221563347,0.8834952569943676,0.9456616221826412,0.8917534507684401,0.8452337195522449,0.9785805644534707,0.8441688872601841,0.9011061262071746,0.8706947096589269,0.8438884874207235,0.8462378949494779,0.8792976892379617,0.9055907368910727,0.8525555842036908,0.867649397039773,0.9548904380353679,0.8825703519869477,0.9642380320502293,0.8496218821508107,0.8548910798396677
9,0.8554453817676445,0.856324008621708,0.7464299424338516,0.7486093016152348,0.7467656521136676,0.8079614148681176,0.7548849854457751,0.8586767995376318,0.8570609308745569,0.0,0.7483974626771567,0.7762431755167745,0.7074737633933771,0.869489589954185,0.749201600391575,0.8831832600395753,0.793819868989906,0.8874349235765645,0.7749431433653795,0.7918307472927819,0.9033635625710071,0.765649832084402,0.8783967017897598,0.7561556698120157,0.7932495905284815,0.9603662720601801,0.9538478969183252,0.7347951724994196,0.8392660001687644,0.8321709661653547,0.9019379827480988,0.9280560807875275,0.8937727970514703,0.8128428397909556,0.7529592503985619,1.01946220971623,0.7806896097198368,0.7883140024353092,0.7809034563132685,0.8276371905449672,0.8213025589719556,0.7947556773862674,0.8138641527184248,0.9055424555508997,0.7634917416446511,0.8539247900825219,0.8632833060692202,0.826853701938762,0.7578810285800118,0.8847467332541831,0.8376911684765308,0.874255983669986,0.8163097159698054,0.77240782849491,0.7465646418051588,0.7659173167332975,0.7756378185089159,0.7723975047350535,0.9014339635711234,0.9510834563420867,0.7982167926056272,0.7929305648834054,0.7703927151720219,0.7781799579680897,0.8977107920679193,0.7863748195524708,0.8563456070647839,0.9871548993543657,0.9228255074199124,0.894568378979384,0.8688650278852302,0.8018277373349791,0.8224258663459609,0.7954865948307109,0.9517327348878231,0.747014673993092,0.8096856790945293,0.8125075278516322,0.7513529232103112,0.7494689775239622,0.7728233094225021,0.8544686174874889,0.9052772652257436,0.858979653805266,0.9790026083040105,0.977438360555207,0.7696652423245957,0.8814865607686344,1.285816661286472,0.7780878542377575,0.7814788572267363,0.8421837080858667,0.8957744101812753,0.7817344196138266,0.8232886065689371,0.9611037210410748,0.8591306086466248,0.9585790902059155,0.7912016990095159,0.7804942924480844
10,0.7938578641311135,0.8404826975190672,0.5855146925957332,0.6212865215984217,0.6018570009895142,0.7431746675933704,0.6471692329216291,0.8315176473489698,0.8439986103013376,0.7483974626771567,0.0,0.7124360443738003,0.6737274193982856,0.8306469886278189,0.6151932124673427,0.8347351299899995,0.7455254737781368,0.8847933406207178,0.7179331842864548,0.7368218509016764,0.9026745665022716,0.8549440886107322,0.8626374833334833,0.6562089252071794,0.746638401751824,0.9580879300152205,0.9480647219476676,0.7134435961725675,0.8122536633511187,0.804330076773829,0.9032733117936237,0.8899671863211304,0.8860185903960843,0.7883260808205089,0.6401320741768333,0.8801307838961554,0.7431034738081339,0.7357097455252994,1.1225455034405531,0.806387463209319,0.8083485622372759,0.7934288073498154,0.8592595870902605,0.8930212345976638,0.6843962026785146,0.9291537152545143,0.8370746837618984,0.8150035839110007,0.6607182608569722,0.8590410683500651,0.7648161564401995,0.869479769634799,0.781677474277068,0.7207861443202794,0.5821911474931801,0.7907039248082568,0.7208869634646574,0.7834907090193491,0.8884360845951379,0.934767393174086,0.758203511468282,0.7317763736222667,0.6853795392726231,0.7084787550428705,0.8564639947666196,0.907493263850257,0.8375878597029571,0.8988176804158697,1.067152132278921,0.8832559212763571,0.776707578452263,0.7770248130852098,0.7913299891747538,0.758656657812975,0.9422288311035343,0.5833719892312852,0.7932506351756936,0.8336074926728743,0.6429584471708478,0.6044200200583526,0.6997611659276085,0.830924920329063,0.8956685708733385,0.8184981868086981,0.756019140098172,0.984326843961993,0.8315475455952647,0.7640941067988565,0.807123160078679,0.6934379242243577,0.7172323284785501,0.8090132355618338,0.8550148986907106,0.7398479648801305,0.8022394075032753,0.9413222659589128,0.8144647634341226,0.95721887477694,0.7426089689184738,0.7093981181982082
11,0.7879329037961524,0.8297994120483064,0.6848719725230711,0.6943044585547337,0.6878181939555005,0.7531887575284694,0.7036200154767795,0.8316127196355112,0.8510542912769932,0.7762431755167745,0.7124360443738003,0.0,0.6943278747076939,0.839129281731158,0.7034131621245171,0.8742582914419039,0.7688357201250661,0.8865274055501066,0.7441975164258953,0.7925818459146099,0.9043758082108855,0.7263777352808403,0.8674698590254828,0.7123772723246599,0.805728092982846,0.9585754962781324,0.9571591068073932,0.7350015865821637,0.8230544421077385,0.8175213888006179,0.9152220912971686,0.9348445882212094,0.8602165643707801,0.8025235420368324,0.7271578396995968,0.8835193398609842,0.9134296474438326,0.7691024468354845,0.7450867623746544,0.8249187647150689,0.8133312978400147,0.7051644057336774,0.7858267525542124,0.8980845512458475,0.7227581534761902,0.8556068736491714,0.8461048456971207,0.8201883245391322,0.7165787384386976,0.8638457917363173,0.7873418507000535,0.9244292977901312,0.8000955622077247,0.7463466522162653,0.6807791727855775,0.7633044671230562,0.7482210723543024,0.8994209720707167,0.8947017145934947,0.9373750259174927,0.7856889084206996,0.7560691887950509,0.7268626568971165,0.7111448927933357,0.8657985080690165,0.7373867608386938,0.8461840989764937,0.901958592109383,0.9092425841001585,0.8868176659202143,0.8732640585399711,0.7887800367163161,0.8110137867559292,0.7750653094638694,0.9402519207455755,0.7048679812498249,0.8021242508854399,0.7764161614035725,0.7011619454562387,0.7021338700815133,0.7613965029684148,0.8476763865266074,0.8994230391854449,0.8495075202483506,0.705992255055314,0.9758417180127885,0.8288564378468132,0.8757275592692839,0.8187449028608355,0.7459722501390068,0.7468691635599769,0.8219417991005857,0.8636827481564419,1.0492837201038772,1.0722321325700155,0.9424094177824383,0.8328575071041242,0.9525986987536011,0.7714702835573477,0.7463337447217198
12,0.7527853670448932,0.8446018212882124,0.5630193682702324,0.6078740352291677,0.5858384215126949,0.7392774716183639,0.6383627502478375,0.8293888224240259,0.8441330488566592,0.7074737633933771,0.6737274193982856,0.6943278747076939,0.0,0.8305130443510438,0.6015590424641991,0.8368225521599556,0.7433439972239783,0.8846877836114707,0.7143188907826603,0.7394648925116246,0.9033186593081702,0.9043462445676628,0.8679769646238673,0.6484847040921189,0.7871940711107833,0.9866394152631413,0.9506154309055781,1.1240664531764704,0.8279647088801019,0.8011490478732171,0.8910670100887327,0.8893162651587702,0.8897362915911174,0.7939069359905728,0.6348617403288513,0.8812127968711164,0.7424949626247245,0.74201821492163,0.752151625345548,0.8013679255804962,0.8073231671671645,0.7376481240894659,0.7689599342492175,0.8945328964116549,0.6899426069127764,0.8367716006069141,0.8351146683292666,0.8149211306354923,0.6540663053370551,0.8582834161300407,0.7647734864878145,0.8607741081268696,0.7816702732161726,0.7176060122637098,0.557384864458182,0.813996537694863,0.7178791943238704,0.7209610412202964,0.886550172315771,0.9226181367318878,0.7496222671750687,0.7236948982106534,0.6768390357784538,0.9133600121924902,0.911641152113151,0.7444662070987753,0.838823240625961,0.899312867209761,0.9116776078228985,0.8832636944083264,0.9619216634089327,0.7764395589353195,0.7913623547381535,0.7573693039664414,0.9436723231932612,0.5689099608509244,0.7954163957948436,0.7555110743702684,0.6327398664077171,0.5855122056856411,0.7021942753673991,0.8322989920512849,0.8980329986147276,0.8367712221289466,0.7884353781667562,0.9752688166266493,0.7149492901004065,0.8240972969936159,0.8053169393892257,0.7055339166517496,0.7132759190598168,0.8066790512295644,0.8476233362119654,0.7396665925636805,0.788183995174269,0.9383165524139766,0.8135412324997906,0.9568489434046101,0.7348414936870078,0.6904743221808733
13,0.8862403235236179,0.8930567782332448,0.8284665010379217,0.8287184251541653,0.8288405534261492,0.8515254379868044,0.8335326009007337,0.9065283726519132,0.8861127069077506,0.869489589954185,0.8306469886278189,0.839129281731158,0.8305130443510438,0.0,0.8300431589468994,0.9270593452877176,0.8524525961510153,0.9035269141902391,0.840625894058958,0.8493878879303444,0.9158817580008531,0.8356720237466178,0.9100129604425975,0.8347631284398424,0.8813503561153015,0.9663602605726174,0.9612908962177519,0.8395456378157755,0.8767268966875925,0.8821798785351151,0.9305989540265162,0.9643602121224024,0.9103914245881946,0.8604736582981612,0.8272039508574723,0.911754365523995,0.8442282338483577,0.8486656085333959,0.8393231233054322,0.8678703964647604,0.86326194171707,0.8400109495130724,0.8684439764384166,0.9239337864143097,0.8367203513966426,0.8866119071490539,0.9416945758583782,0.868181284452294,0.8371400052649115,0.9196318884319756,1.048998834080562,0.9024199427983368,0.8623476613113517,0.8399216714163403,0.8287347585275321,0.8389959613513389,0.8427697196150945,0.8454641094732316,0.9342690338420018,0.9538741959660406,0.90820412913322,0.8484063623102166,0.838949682751645,0.8292225775294875,0.916369395821239,0.8380116288869411,0.8852379286462758,0.9242048558196284,0.9294040412700676,0.9146977202583869,0.8938924220929729,0.8541732844112259,0.8639303952329878,0.8494808288968076,0.9563556173731609,0.8247629459341526,0.8582265660333736,0.8733718612708677,0.832787405423539,0.8301010463316219,0.8678319534109042,0.8867995676637564,0.9182303391630438,0.8843983050854543,0.8317074268819621,0.9793483027342709,0.8340066193509769,0.9034094247874649,0.8783185706177806,0.8417620203017333,0.8459160873878133,0.9770852282879673,0.916294310959416,0.8465263500989817,0.8691336629061457,0.9568613271167613,1.0304028547554818,0.9634837762691474,0.8510625221820732,0.8433895366623466
14,0.7737576758271083,0.8394286720473276,0.7997364074558262,0.6243864776007637,0.8605588120476705,0.7172643078456774,0.6480694220697698,0.8271031753365551,0.859924710942062,0.749201600391575,0.6151932124673427,0.7034131621245171,0.6015590424641991,0.8300431589468994,0.0,0.8448955822955808,0.7422150876745256,0.88477556969685,0.7486463191655912,0.8438018954112482,0.9036546165306115,0.6674113897660898,0.8628744055506844,0.6641449070651458,0.744868234666232,0.9575378598878366,0.947951074428564,0.6641700297612353,0.8220937690599102,0.8185814348193489,0.8908436490683416,0.8918001778008592,0.8900273058603069,0.7845203184613582,0.639929871448236,0.8797675940255092,0.7396796557310462,0.773112729061217,0.6933262363359423,0.834364738244064,0.807176605439446,0.6178015739793355,0.7682073278824244,0.8964537070246642,0.7348539427095075,0.8308022281517472,0.8349241832981226,0.8152064286149322,0.7316682096223316,0.8564501276672329,0.768091564973206,0.8583132083638645,0.7811694796808423,0.7178386776118683,0.9083487262019376,0.6883006146976004,0.7346864846785739,0.7041069566732922,0.8858904208873984,0.934864795059976,0.748592728816694,0.8867034541791678,0.8556564493145533,0.6138974493100164,0.8576673688553683,0.6853133974345492,0.8482786839276895,0.8990433620692226,0.9030401533243723,0.8822294786549653,0.8605183520047454,0.7772025623316581,0.8119431296576781,0.75466833226835,0.941559157618538,0.8130884834034341,0.7924986402646835,0.7547892463777718,0.7095025749726124,0.7853878084365804,0.6971645432025895,0.8303585423224443,0.9071597641570928,0.8585518701823859,0.6166231330495698,0.9754231789663753,0.6614046887318866,0.8740261306914308,0.8070587487137211,0.7336560590742521,0.8652886017529571,0.806881277426575,0.8584202693938865,0.7378557772100665,0.7903419258201945,0.9411144433718436,0.8140096078559026,0.9569512575006168,0.795504012922118,0.7529081052381918
15,0.8766860432524975,0.8918777769419487,0.8444964377479409,0.8447658262341697,0.8440327820795314,0.8726832502804959,0.8470071525244329,0.8963025452470508,0.8950002742363352,0.8831832600395753,0.8347351299899995,0.8742582914419039,0.8368225521599556,0.9270593452877176,0.8448955822955808,0.0,0.8610635139185908,0.9074656421124965,0.8541216158045118,0.8619121336378056,0.9161298764715596,0.877663280096014,0.9063085933690598,0.8479545230722659,0.8616061711065054,0.9683595322560516,1.05230231477194,0.8752159884146202,0.8877340867474591,0.8781960177358085,0.9162114134707957,0.9868226175533876,0.9165170746890345,0.8715361858551511,0.8446539289662538,0.9183609935810833,0.8558435560818206,0.8661964600295053,0.8532701664879594,0.8782478808255,0.8740281161943995,0.8590060869518984,0.9580695497586026,0.9268871289156873,0.8535992127420847,0.8922644076853826,0.898614953932978,0.8766539370468123,0.8516572767337165,0.9135362815532149,0.9254177065188044,0.9045467633893662,0.8771227179633814,0.8525754087520915,0.8439193366989264,0.8500734498089122,0.8555371972863296,0.8558447254370666,0.9179897099530292,0.977151943218268,0.8624222462575873,0.8602063554627686,0.8529234630821303,0.833716762802212,0.9808380079098578,0.9097311486277981,0.895081118382376,0.9321130844476464,0.928344244381267,0.9178307945423034,0.8957937373209662,0.8646290699475166,0.8760587160264371,0.8655843877230813,1.0541887668505612,0.8443871865382024,0.8690620695362169,0.9762033945385185,0.8451975851945324,0.8490223455407222,0.8531196310799491,0.8932204895728546,0.9227524533244991,0.8922934266065935,0.8494578877113327,0.9772685127464424,0.8574581677031661,0.9005284822367576,0.9014970525050399,0.8561520397530012,0.8583927931191992,0.8877223748279923,1.0516053332898878,0.859178659149859,0.8813273733380491,0.992015573641366,0.9455564075354314,0.962723850520288,0.8622119411478857,0.8583590883527222
16,0.8087496158626432,0.8556500735964756,0.7322565226115421,0.7455250412565914,0.7384978778695791,0.7814775205111726,0.8456647977892092,0.8466901524927609,0.8879315806065284,0.793819868989906,0.7455254737781368,0.7688357201250661,0.7433439972239783,0.8524525961510153,0.7422150876745256,0.8610635139185908,0.0,0.8870393947289319,0.7835174691638664,0.7848321478195143,1.1429101713900192,0.7608969264689299,0.8717895641900341,1.0413768678823254,0.7900731044205884,0.9593601787298913,0.9518635431090285,0.7572348499706775,0.8414510492781163,0.8318959306463868,0.8975117367828168,0.8998760556992824,0.895042017917584,0.8054636778511098,0.7475121144924888,0.8870203706990619,0.7887699227767566,0.7821596020651843,0.768235173146478,0.8274807545139072,1.0802939779269984,0.7467622066751106,0.8033006055413483,0.900850096857685,0.7591477526333948,0.8508207065610736,0.8552675604331054,0.8228679035282239,0.7488447023639401,0.874457424863384,0.8078336357104018,0.8728677564700195,0.8648389565307703,0.8316525501838081,0.734288125764905,0.7675008430283616,0.7893430705273714,0.7698072200134296,0.8935722477113414,0.9372857712948824,0.7986069901621875,0.779424051622577,0.7548035840952343,0.7463761022327693,0.8691123598763794,0.7661099503939144,0.880881964834375,0.9053982558250095,0.9100305409247513,0.8908724093536272,0.8703631885731389,0.7983143031879639,0.8370410839010194,0.8913646907070976,0.9427048565985684,0.7385328666718112,0.8107171043780137,0.797568769207745,0.9105737027770962,0.7436448767971054,0.7669683454471006,0.8493791403866331,0.8973838772193773,0.8582263606281287,0.7465142381168525,0.9761629199451755,0.7562537117891277,0.8830998020558695,0.828679308383389,0.7681342542891793,0.7816161507464805,0.8360746248636226,0.8735487828930397,0.7786195223540385,0.8197664847742229,0.9442607567408472,0.8443940550803872,0.9577441943812947,0.7884002585202365,0.7772506582914915
17,0.8894163780358462,0.9032900162157479,0.8849859704964679,1.155532075518185,0.8843369306228552,0.8872352935792902,0.88525336164049,0.9075737188775898,0.9074615028604893,0.8874349235765645,0.8847933406207178,0.8865274055501066,0.8846877836114707,0.9035269141902391,0.88477556969685,0.9074656421124965,0.8870393947289319,0.0,0.8857221221503574,0.8857508057321393,0.9103116847088712,0.8853612014840594,0.9114704481909659,0.885128560295248,0.8880049936092516,0.9677166676883646,0.962307427723975,0.8850288381277601,0.8952021727915445,0.9182043269042496,0.9208699194242573,0.9272921386839391,0.9252046304135869,0.8889649484694037,0.8658139510966918,0.9192705821981428,0.8880919763495632,0.8865527019774084,0.8858790449222159,0.8937385008155322,0.8885474704702526,0.8848155019384152,0.8896437808508499,0.939938140856425,0.8850748543285313,0.9024671566669517,0.9273627047350986,1.0280523461752267,0.8883856968681915,0.9201075185855281,0.8916989316068563,0.9152859415294381,0.8931904708202476,0.8861295887562548,0.8857247103574082,0.8857794665938714,0.8858267559662781,0.8872726532781107,0.9244158113533694,0.9526434722398288,0.8820902851119902,0.8882926983356472,0.8859143860304545,0.8847744941871677,0.912072039231357,0.8854174852454115,0.9029564755329403,0.9311987771095162,0.9287829714257864,0.9457585805883616,0.9051807627359986,1.1663559574841615,0.8923218374683859,0.8873678416659319,0.954388686600131,0.8860855454334551,0.8877352417102453,0.8895498948258883,0.8849073290527948,0.8898124412563644,0.8681944064556314,0.9007458365576845,0.9261704730952298,0.9027486396153476,0.8848815161430589,0.9791671071569216,0.885283134346347,0.9135991193361888,0.8922170878077262,0.8880799673972668,0.891078162974793,0.8970801875723052,0.9159854589424548,0.8869788939022746,0.8916437415034558,0.9562211511868803,0.9019346898120838,0.9668375252123288,0.8897855691285708,0.8909481150420783
18,0.7931096973166657,0.8513879148811311,0.7097250106536382,0.7275273655450815,0.7232852523328148,0.7598828106750526,0.7594352453675223,0.8378539394052575,0.8472563535434398,0.7749431433653795,0.7179331842864548,0.7441975164258953,0.7143188907826603,0.840625894058958,0.7486463191655912,0.8541216158045118,0.7835174691638664,0.8857221221503574,0.0,0.7673888239158914,0.9133532770911852,0.7323871537614348,0.9497718012561334,0.7387423127202307,0.7685870521771092,0.9577223906039987,0.9504356189490412,0.7270708203011401,0.8275653430284473,0.8251763158583724,0.8937197332365935,0.8956590177812493,0.8951078011274644,0.796675528502018,0.7134439468398851,0.8839852174646141,0.7706133206511361,0.7645814076685393,0.7439497519232858,0.8162288614519728,0.8213027827787203,0.7176807077178349,0.784295805506114,0.8993168851565867,0.7310424187940374,0.8390317754782664,0.8464075756264491,0.8494847585529908,0.7269187590109888,0.8645973648478766,0.7926687719802201,0.860906171580118,0.8484095715199932,0.7436908068007688,0.715548696055671,0.736313821455275,1.2888223636768157,0.7460501332937606,0.8908349325921624,0.9365855445572437,0.7761602857923544,0.8126982248048191,0.8067615275171985,0.7172339065452737,0.864463547418813,0.7406512002040082,0.8483947588267992,0.9027075154415739,0.9067515064362598,0.9060936959148984,0.8592228903800504,0.7897176655215168,0.841010820142299,0.8573325960474005,0.942343904450095,0.714654754565673,0.7875767340692437,0.7769318840652665,0.7278822495981266,0.7175209323625737,0.7315802876959612,0.842977807722641,0.9365883893879154,0.8488113530350425,0.7187407489183542,0.9757539125329419,0.7274489778669233,0.8774020669609299,0.8174352906953282,0.7464695824565248,0.7609874766230162,0.8210239647849673,0.8661142192582812,0.7579456815396521,0.8061367699505336,0.9425722614690014,0.8301931841479422,0.9575916435809161,0.7668146514701357,0.7511080191175943
19,0.8082525659793374,0.8643431688375464,0.8637827956834564,0.7443001138895113,0.9891754430679397,0.77344300154898,0.7572023431263958,0.8479043980532864,0.8498220282064951,0.7918307472927819,0.7368218509016764,0.7925818459146099,0.7394648925116246,0.8493878879303444,0.8438018954112482,0.8619121336378056,0.7848321478195143,0.8857508057321393,0.7673888239158914,0.0,0.9122942825012622,0.754675942761812,0.8718707702670621,0.7605807271570594,0.7953102177054147,0.9586816614408151,0.951769525179074,0.7548733884380592,0.8525445921138348,0.9100257159436121,0.9022088942092064,0.9031138851925103,0.9013698957818972,0.8001209668824307,0.7467859519649955,0.888179541569642,0.8040913163703355,0.8902607463478814,0.7623838103040689,0.8265334120419241,0.817784964265557,0.7434633031129214,0.7957172955465693,0.9030528365958362,0.8954788666390091,0.8489188100884216,0.8546298248643787,0.8300705418354085,0.8111694512502927,0.8687576734300532,0.8076619284428771,0.8697752430186467,0.8089792855349239,0.791497236552033,0.9343351171745325,0.7562892207795102,0.7698509886504631,0.7653083943832155,0.8941205272683346,0.9388207902281156,0.7916366094267648,0.8076136194330944,0.7929159884896908,0.7411601483803094,0.8708067439856371,0.7570515475548709,0.8557833397196816,0.9068487369984113,0.9094899914680428,0.8912847233332151,0.8936206093338138,0.7984401075874603,0.8559141774808373,0.7909266665876818,0.9441658023994697,1.0214504105936002,0.7993052138873697,0.7876413521479252,0.7892863225632277,0.844166536419129,0.7609124059818274,0.9017833737863895,0.894104669410511,0.9925734859599064,0.7433736587651941,0.9762787834557503,0.7528572797625592,0.8948960352141697,0.8261518850201063,0.7634966625957726,0.827513694392401,0.8320492290373966,0.8726328047131819,0.7839600471519197,0.8216330501048948,0.9441517552664028,0.8377679546197759,0.9588449531343831,0.8293782192499781,0.7986284338378696
20,0.904980889709013,0.9119020107785282,0.9167071015350968,0.9023382547016644,0.9052709630982863,0.9038627631192679,0.9433134531083286,0.9151542613397845,0.9456136540765884,0.9033635625710071,0.9026745665022716,0.9043758082108855,0.9033186593081702,0.9158817580008531,0.9036546165306115,0.9161298764715596,1.1429101713900192,0.9103116847088712,0.9133532770911852,0.9122942825012622,0.0,0.9035968943126345,0.9211725030023264,1.1374254717748014,0.9052713305924451,0.9695284768691035,0.9642976498983896,0.9030944834768055,0.9048675425644059,0.9057486260352604,0.9269240332306492,0.9327187369379261,0.9280218604946122,0.9032766279968774,0.9031489237191218,0.9275138657461155,0.9043565684869339,0.9048290057666191,0.9033630388243963,0.9043778409720292,0.9912894044417115,0.9031721572144626,0.9040656869274987,0.9336868901241278,0.9061887026416408,0.9135968741042525,0.9170473388919137,0.9032402784656827,0.9067542608933409,0.9288269445753459,0.9060032050506701,0.9201522536539676,0.9300986231048596,0.9878949700475922,0.9129051773379814,0.9032172427788111,0.9163882545170382,0.903709823211129,0.9303574959243787,0.9551033338552064,0.9045652613384842,0.9208861427066083,0.9036376395641775,0.9030698883471566,0.919157704016827,0.9020633609273331,0.9140368925624982,0.9380420562890184,0.9342113685673781,0.9324989760738277,0.9174799889192178,0.902815476663937,0.8980542260744827,0.9184203366301343,0.9565278401969121,0.9079395210212781,0.9637405475697408,0.9036627096379255,1.0111986288578543,0.904738929337677,0.903255640452058,0.9107762083641388,0.93943661487587,0.913876456625157,0.903156621028288,0.9797487164023421,0.9032827518495022,0.9209278252013939,0.9064914621872122,0.9030853500432211,0.9050505712700979,0.9107771781155287,0.9233776854415201,0.9037991066720225,0.90674095978332,0.9593936047624393,0.9141382460681214,0.9658823751004798,0.9155396128919474,0.9105562483037174
