,0,1,2,3,4,5,6,7,8,9,10,11,12,13,14,15,16,17,18,19,20,21,22,23,24,25,26,27,28,29,30,31,32,33,34,35,36,37,38,39,40,41,42,43,44,45,46,47,48,49,50,51,52,53,54,55,56,57,58,59,60,61,62,63,64,65,66,67,68,69,70,71,72,73,74,75,76,77,78,79,80,81,82,83,84,85,86,87,88,89,90,91,92,93,94,95,96,97,98,99
0,1.0,0.1089671121994355,0.0434186987722341,-0.023424820596537766,0.012385810971669567,0.03936605108322283,0.022494303302384114,0.14764411794714818,-0.01362990171070979,0.2060538040336021,0.024133591810359484,0.1450253375505901,-0.017524062170526808,0.15388565792606185,-0.019811583851987877,0.10993980206101417,-0.01615617454001294,-0.04153929871101588,-0.0355018195422236,0.0654354997789341,-0.002131755263068393,0.039316396286093236,0.04648437234295816,0.01221235928306636,0.14933442165765404,0.036764275754174756,0.028103934972621897,0.08709927558412413,0.18044281195796352,0.0543652008298473,0.31093493861170657,0.24509947964493414,0.014691698126041553,0.0003761520933238111,0.07838179777573712,0.2795456245961297,0.19156004489337805,0.05367819610243859,0.04289766350372414,0.0005727306737407752,-0.002022922831003639,0.11548141346121149,-0.01259055198449139,-0.028030473080978145,0.12182634425058667,0.010680542801754938,0.14587763153419708,-0.04196918681767166,0.0547583579906812,0.08102710607761113,0.3177798183858793,0.10050062918749784,0.009243274495799743,-0.014646804747814855,0.03452912968064484,-0.0027099275584124027,-0.0002782029044655299,0.022083460871339656,0.05651396116042579,0.047736625514403254,0.07110702989490864,-0.03241982110668981,0.003389450056116724,0.0036615311362786155,0.03632214399891165,0.04259497330204404,-0.03728599122538514,0.1420848212767406,0.012315750093527882,-0.008393701322994263,0.04383294221678061,-0.05376594225079073,-0.02416420093187769,-0.012685780362548048,0.30024895418834846,0.12360847532564703,0.03850695507261163,0.011524674352957202,0.009263680576811885,0.05806754412815019,0.05786008230452675,0.036477910417304395,-0.0176063666972758,0.007209468421589637,0.12733870693466648,-0.005000170050675101,0.03931095466449002,0.01630105771519913,0.17594395129748677,-0.013141516171819197,-0.039203482637826075,0.08368261741999111,0.065821854912764,0.0713770703669694,0.2903329592218483,0.14147944087338027,0.2558718498112437,-0.042143998911675674,0.018072305547053025,0.0035071251232867383
1,0.1089671121994355,1.0,0.07846274189708541,0.02543141856273171,0.09177226813590458,0.00810937659422508,-0.012895282794272708,0.0477740366629256,-0.01173213617658062,0.0279536101758324,0.07211100908070599,0.08052443628201204,0.04855626976839101,0.13634731149882667,0.08404176444580493,-0.03700982892902089,0.020776111281161785,0.015331088664421996,-0.08004693398632794,0.17587729143284697,-0.13931503588069247,0.02282284120667959,0.1645389926198008,-0.03098051219263341,0.14777811787912798,0.009624188008026394,-0.020265279053157833,0.08429275924225417,0.3260606060606059,0.2545066829915317,0.16195422235826276,0.055457606366697304,0.10253035404550565,0.0813025881712751,0.1273863211236949,0.020538040336020143,0.13459851035608608,0.1324171002958881,0.025149814644764148,0.07724109784715849,-0.11923001054314182,0.027435975920824418,0.013482977927422393,0.08207121722273235,0.17056014692378327,0.06279495289596297,0.016254123728871205,-0.010926095976601038,0.11896269088188287,0.019585756555453516,0.0928068564432201,0.057510458116518705,-0.053653708805223986,0.005381083562901739,0.04975342652110324,0.024475053565962687,-0.11471142400435332,-0.012956501037309128,0.04558174335952115,0.004312485120565929,0.10479066761895056,-0.005015814712784411,-0.06074958337584603,0.04614291058735502,0.031617862122912656,0.03540114954256368,0.01400129238513077,-0.009533721048872552,0.024601571268237924,0.10846920382273925,0.14564432200795827,-0.01378226711560042,-0.023854028500493143,0.004640342822161011,0.06292623201714105,0.14370574431180486,0.020370030269020185,0.014599190558786513,-0.058621909328980044,0.08513280957725396,0.10036458864741693,0.24227187701935163,-0.018536883991429443,0.1503118729381356,0.04675917423392174,-0.019114376084073063,0.021352242968404603,0.19263408495731724,0.03217222732374249,0.012980988334523678,-0.013988368533823087,0.02664217936945212,0.00296976498996701,0.020287045539570784,0.09395980002040605,-0.01734925007652283,0.02685984423358161,0.061542019521817516,0.05190830867598548,0.053284358738904226
2,0.0434186987722341,0.07846274189708541,1.0,0.01095670509811926,0.18192905485834787,-0.0003414617556031699,0.02960106111621264,0.01273135394347516,0.028613406795224953,0.014286977519300767,0.020874060470020047,0.10664149916675154,0.05769955446723122,0.0601455633778866,0.048941944699520526,0.004049926878209704,-0.04276706458524639,-0.017396184062850747,0.014619596639798664,0.22539468761690967,0.015202530354045504,0.019182396354113507,0.00414583545896677,0.10688433153079625,0.12405808931061447,0.015438560691085948,-0.0013651668197122745,0.06231268918137606,0.10669387477468284,0.10723599632690534,0.07650171751181853,0.09795122946638096,0.13173417678468177,0.019964629459578963,0.03949596979900008,0.006486412951059422,0.10753732612318469,0.1657497534265211,0.030754684896099074,0.08448117539026631,0.02577968234533893,0.025539570792096063,0.05578342346019113,0.024282556201748087,0.13119001462435806,-0.022356902356902384,0.0010543141856273171,-0.014327109478624624,0.3006516341869879,0.020378872904125447,0.02931945719824508,0.010584634220997858,0.02944801550862156,-0.016310580553004793,0.26283236404448523,-0.04283644526068773,0.012393973404074431,-0.020993776145291302,0.004800870659456515,-0.0022147399925177705,0.054042104547155106,0.11316668367173424,0.12360167329864302,0.04041696425534807,0.013295922184811073,0.007672006257864848,0.06549399721116897,-0.010692786450362198,0.00710811821922934,0.027442097745128072,0.07884161480121077,0.0015018875624936247,0.05239941502567762,0.048891609699690544,0.01363602353501344,0.1358031493385029,0.0027187701935176686,0.019005543652008305,-0.11520253035404561,0.11392306907458423,0.026682311328775982,0.13940890385334845,-0.005241642009318779,0.07873278236914602,0.03721048872564023,0.006606808829031053,0.02259837431554603,0.10533278917117297,0.016650001700506768,-0.007140767948848762,0.07844709723497607,-0.00045165459306873514,0.00025303540455055596,0.03306125225317146,0.02859776213311565,-0.010933578206305482,-0.0011100908070605044,0.07686834676733663,0.22179301431826684,0.2929905111723294
3,-0.023424820596537766,0.02543141856273171,0.01095670509811926,1.0,0.010349284086657834,-0.0039642213379587135,0.02277182600414923,0.007399925177702956,0.08035914702581373,-0.009603101724313843,-0.011344420637349938,-0.018068224330850598,0.005615073291840968,0.006968676665646362,0.0014148216168418193,-0.02531850491446453,-0.003515287555691597,0.00787878787878788,-0.005144373023160902,-0.0038676325545012416,0.06967316260245555,-0.008990239091249191,0.06092371526714962,0.01239873482297726,0.015429718055980687,0.0008645376322144013,-0.007905995986804065,-0.004179845593987006,-0.01462571846410231,-0.04235010032989832,-0.024953236064347187,-0.044661429105873535,-0.015830357446519075,-0.000874060470020065,0.09154372002856856,-0.006491854572662645,-0.007180219705472233,-0.04019929939121858,-0.01204094820256436,0.0015073291840968614,0.0053436724143794846,-0.006899295990205082,-0.017504336292215088,0.05008264462809918,-0.02919361969867018,-0.000670679862599052,0.008050879161990272,-0.036084073053769976,-0.006506138829371158,-0.003390130258817123,-0.02581777369656158,0.042445328707954984,0.02266367377478489,0.00956024895418834,-0.016462945957895474,-0.019747644798149888,0.08716321463796214,-0.010287385640920984,0.017736965615753483,0.00023126891813760462,0.06606944869571127,-0.036121484202292296,0.0040342822161003955,0.013604734210794825,0.007435295718124002,-0.015766418392681048,0.0508573955038602,-0.0022419481005339563,-0.006719042274597835,0.017088052239567397,0.006721082882699052,0.2681644730129577,0.041431826684351976,0.06717545828656937,-0.014147535965717785,-0.012452470836309234,-0.036036458864741695,-0.015891575689555484,0.04540829167091793,-0.024858687888990913,0.09897425432778979,-0.015625616433697243,-0.014155018195422236,-0.0037826072169506505,-0.006102098425330747,-0.006292555181444073,-0.013468693670713862,-0.015200489745944274,-0.0023711866136108565,-0.0427901914770602,0.024575043362922135,0.052964663469713964,-0.007671326055164442,-0.015475291636907796,-0.0014821616841818848,0.001095126347651601,-0.013359181035948697,-0.023287419651056056,-0.02492330714552935,-0.012412338876985358
4,0.012385810971669567,0.09177226813590458,0.18192905485834787,0.010349284086657834,1.0,-0.04283168384178487,-0.009202462333775457,0.016662245349114046,0.04624085977621331,-0.0036071149202462323,-0.004782505186545594,0.08143250688705235,0.016852702105227355,0.004898819848314798,0.16038431452572874,-0.008210726796585377,-0.0027310138421249536,0.03257218651158046,0.023835663027582242,0.24348331802877252,-0.0253205455225657,-8.02639186477566e-05,0.011828724960038086,0.04305342992211676,0.04820800598578377,-0.006168078087270009,-0.044267591742339206,0.0211651872257933,0.09709417406387118,0.11043771043771043,0.04986157875046766,0.05089684726048368,0.15951705608271274,0.06429411964765493,0.03876203108526341,-0.012062034486276922,0.04444648505254558,0.09999659898649799,-0.010339761248852171,0.191836887392443,-0.02730537700234669,0.002730333639424548,0.0042301805938169635,0.056881270618644425,0.09003435023637046,-0.0047838655919464025,-0.010467639356528247,0.04699384416556139,0.1469251436928204,0.019249056218753186,-0.0027963133013638067,-0.002886780260517633,0.003319389177975037,0.06287929803081317,0.307163214637962,0.010313913546236782,-0.00895962996973098,0.0014359079005543652,-0.011453933272115092,0.014984185287215582,0.012636125565418486,0.02265823215318166,0.06661769207223746,0.026872087882188905,0.018372274937931518,-0.02825425976941128,0.08263034384246515,-0.010728837193483677,-0.003056150732918413,0.06091963405094724,0.08697479848995,0.014196510560146924,0.036311940958405585,0.03896813250348609,0.003930211202938477,0.03583307825732072,0.0024160799918375667,-0.02465870829507194,-0.02575927626432678,0.11860626466687078,0.016927524402271875,0.13500051015202535,0.09814440703329597,0.09838723939734047,0.005585824575723568,-0.013255790225487202,0.005493317008468527,0.05560521035268507,-0.0019351766826514322,0.0691786552392613,0.2043913886338128,-0.007010849233071458,0.0035975920824405675,-0.0028840594497160144,0.03395027718260041,-0.015570520014964473,0.00038431452572866743,0.05418562731694047,0.2587749549365712,0.16483420059177636
5,0.03936605108322283,0.00810937659422508,-0.0003414617556031699,-0.0039642213379587135,-0.04283168384178487,1.0,0.002054212155222259,-0.009475903819338162,-0.04192769445294695,0.14740128558310375,0.18068768493010912,0.02650817943747236,0.14974730469679964,-0.017926742169166416,-0.07146753732612324,0.1729197700914873,0.030581913410196268,-0.02824813794510761,0.013991089344624705,-0.01849879264020678,-0.015629697649899677,0.3661347481549502,-0.014144815154916168,0.01684181886202089,0.014006734006733992,0.05605210352685105,0.20994252287181595,0.17218038975614738,0.010866918341665822,-0.010639050437030236,0.0009393599292589216,0.06178349148046116,0.03153487739346325,0.03912729993538075,-0.004027480189096351,0.07153963881236611,0.01454409414005374,0.019005543652008308,0.24195898377716568,0.037981158385198825,0.010777131585212398,0.37484542393633274,0.052581029146685714,-0.04556609869741184,0.02875692956501039,0.13124375063769017,-0.008856239159269464,-0.017578478386559186,0.021134578104275038,-0.035435839880284335,-0.0011658674284936914,0.003941774648845355,0.010233649627589029,0.004031561405298781,-0.010371050573070788,0.15639084447165255,0.02058905553855047,0.21431146481651536,0.005842941196476557,0.032974866510220045,-0.008795020916233038,0.006149032411658678,-0.010954664490018024,0.06589327619630646,0.16107948168554218,0.3016705778321941,-0.040782233105465374,0.050922694963098994,0.07314899840152374,-0.005414413495221581,0.10192905485834788,-0.013314287657722005,-0.011838928000544159,0.012021902526953029,0.059030030949222885,0.03085467469305852,0.02574635241301909,0.1764901540659116,0.04416624153997891,0.0069992857871645775,0.011927354351596779,0.01893820358466823,0.00750535659626569,-0.034933170084685244,0.20813454409413995,0.10061762405196742,0.173132673536714,-0.02616807808727002,0.09131449171853215,0.03004999489847978,0.004519946944189373,-0.016392885079753765,0.14724347855660985,0.11565554535251515,0.08600959085807568,0.12061354283576493,-0.026303438424650542,0.01614801210760808,-0.04299901370608445,0.009292929292929287
6,0.022494303302384114,-0.012895282794272708,0.02960106111621264,0.02277182600414923,-0.009202462333775457,0.002054212155222259,1.0,0.04469543924089381,0.050619324558718516,0.012823181308029783,-0.09738326021154305,0.016067067986259922,-0.007454341393735336,0.03164507023092885,0.009635751453933281,0.06504642383430256,-0.03550249974492404,0.018643675815392988,0.1584702241267899,-0.024645104241063823,0.11853620378872902,-0.0028044757337686637,-0.005730707750909771,0.2704540353025204,0.02132299425228717,-0.006982280719654459,0.030654695099139564,0.003887358432812979,0.015893616297656704,-0.06713260551644389,0.04031629425568823,0.042958201544060194,-0.02586334727748871,-0.08131755263068399,-0.03594939291908986,0.01527599224568921,0.03171921232527293,0.00783117368975955,-0.06851137639016433,0.0068047478148488254,0.003020099989796962,-0.011146481651532163,-0.007365234839982313,0.0003489439853076222,-0.0011719892527973345,-0.16617760092507572,0.03137366935346733,0.008006665986463973,-0.006020474101282182,0.007291772948338606,0.039870761486923104,0.002483420059177638,0.060253035404550556,0.1709587457062205,-0.004145835458966774,-0.01898037615209332,0.18262286161276065,0.003780566608849442,-0.020932557902254883,0.008275346053123819,0.019866000068020286,-0.01658062102506546,0.01699758528041358,0.003634323028262425,0.015759616365676982,-0.030480563207835917,-0.0007128524300241474,0.01144917185321226,-0.07617726082372546,-0.0679372853110227,-0.054117607046899996,0.02347787640716935,-0.06029384756657491,0.06661497126143587,0.031096826854402626,-0.006620412883039148,0.12268884127469987,-0.011909669081386255,0.0570996156854743,-0.0022487501275380095,0.010809101112131424,0.002546678910315276,0.07119001462435806,-0.01260211543039827,0.01453253069414685,-0.05446723123490803,-0.0020494507363194225,-0.008346767336666326,0.008786858483828182,0.06284120667959052,-0.0069305853144237045,0.016837737645818463,0.031086623813896583,0.01925313743495562,0.055491616501717515,0.04087474067272053,0.08508655579362653,-0.004697479848994999,-0.028356970377172382,-0.055771179811583894
7,0.14764411794714818,0.0477740366629256,0.01273135394347516,0.007399925177702956,0.016662245349114046,-0.009475903819338162,0.04469543924089381,1.0,-0.018749787436656132,0.05274631840288404,0.020466619052477632,0.03844097541067238,0.021761044791347814,0.06197326803387415,0.020163248648097116,0.008715437200285687,-0.03349250076522804,-0.011280481583511883,0.009071183212597362,0.027007448219569415,0.017600244872972143,0.03391626704758016,-0.012578308335884091,-0.004875012753800634,0.07878855899057914,-0.0013740094548175346,-0.036492874876713294,0.026605448423630263,0.0014263850627486995,-0.007373397272387178,0.10665850423426182,0.07926129986736058,-0.0041016222834404665,-0.016417372376968352,-0.01147910077203008,0.0577267625752474,0.03314287657722002,-0.017127503996190868,0.024705642281399855,0.009071863415297764,-0.05996735027038064,0.029747984899500066,0.04102778628031159,0.0734782165085194,0.011144441043430953,-0.01120633948916778,0.03794782845287893,-0.008463081998435542,0.042437846478250496,0.1923633642825561,0.09221303948576687,0.007686290514573352,-0.0786980920314253,-0.003001054314185629,0.030516613950957377,-0.018987858381797795,0.023858789919395967,0.012427983539094654,-0.007054382205897359,0.10317110498928675,0.010583273815597049,-0.03801448831751858,-0.01886338128762373,0.02313233343536374,0.0016338468863721395,8.70659456518036e-05,0.04564908342686119,0.006884331530796186,-0.0025881712750399615,0.029309254157739006,0.047963813216338545,-0.012627963133013651,0.008941944699520461,0.007647518960650263,0.041512770805700115,-0.008939223888718843,0.0018066183722749388,0.009803081318232836,-0.02231745060027889,0.028256300377512505,-0.0037111859334081573,0.029823487399244973,0.031571608339285094,0.01195116144611095,0.014692378328741974,-0.014557698194061835,0.001839268101894364,0.0782301125735469,0.034846104139033426,-0.015746012311668892,0.0015767098595381392,0.0001965785804169635,0.0038315818113797916,0.00469611944359419,0.16464442403836357,0.04022242628303231,0.14401727714859028,0.0003271774988946689,0.004373703363602354,0.014758357990681223
8,-0.01362990171070979,-0.01173213617658062,0.028613406795224953,0.08035914702581373,0.04624085977621331,-0.04192769445294695,0.050619324558718516,-0.018749787436656132,1.0,-0.001371288644015918,-0.029747984899500035,-0.012554501241369925,-0.01598816447301298,0.0307635275312043,0.08809577254021692,-0.02247117641057034,-0.037545828656939756,0.06312757201646091,0.010637690031629427,0.05095806550352014,0.16799782335135877,-0.023728871203618693,0.001965105601469239,0.08733258511036276,0.026149712614359073,0.005689895588885484,-0.03357004387307416,-0.02688909294969902,-0.009694248886168077,0.015257626772778279,-0.012836105159337466,-0.029351426725164092,-0.023270414583545913,-0.0010781212801414825,-0.018526680950923396,0.012425942930993427,0.004349216066387782,-0.00018977655341291598,-0.05789477264224736,0.0013685678332142999,0.006034758357990687,-0.02564296160255758,-0.027993061932455904,0.04400707410808426,-0.023051389314015586,-0.059355848042716736,0.024060129918715787,0.08061830425466794,0.005640920994456347,-0.010004421317552645,0.007469986055844647,-0.0177702955480733,0.11567050981192384,0.03682685440261195,0.005036900996496959,-0.03127163894840664,0.04014760398598784,-0.012148420229228315,-0.0033180287725742253,-0.019072883719348375,0.017640376832296044,0.01988912695983403,0.03315375982042648,-0.005862667074788287,-0.006001428425670848,-0.055433119069482756,0.29892732034146163,0.019211645070230907,-0.03163214637962112,-0.0026296636397646514,-0.016540489065741598,0.08565928646736727,0.1798421929735063,0.26982280719654456,-0.0011774308744005697,0.006355133829881304,-0.10044621297146558,-0.06161752202156246,-0.060984933510186044,0.01568139305513042,-0.005204230860796519,0.007914838621909335,0.04972553821038671,0.09458558650477845,-0.0014739992517770295,-0.04036390844471647,-0.019276264326769366,0.03548277386661228,0.00216304458728701,-0.028182158283168383,0.038044417236336434,0.015748052919770106,-0.00645376322143999,-0.02460633268714075,0.0008400503349998308,0.011288644015916758,0.003327551610379895,0.012608237254701907,-0.001388293711526037,-0.0025902118831411755
9,0.2060538040336021,0.0279536101758324,0.014286977519300767,-0.009603101724313843,-0.0036071149202462323,0.14740128558310375,0.012823181308029783,0.05274631840288404,-0.001371288644015918,1.0,0.07714586946910182,0.08424242424242427,0.07701050913172118,0.05689283406455128,-0.005121926334047549,0.13592762643267697,-0.001603917967554332,-0.03284766860524434,-0.0016943849267081542,0.009998979695949395,0.005116484712444308,0.1520504710403702,0.006666666666666665,0.004524708363092205,0.028669183416658178,0.02863313267353672,0.06231404958677696,0.07421623643845868,0.06072305547053024,0.017573036764955946,0.09686290514573345,0.11582967724381857,0.036005169540523116,0.005254565860626468,0.01500595177362855,0.42893174165901465,0.07319933340135366,0.009689487467265235,0.10667891031527404,-0.018078427371356655,0.013195932387851585,0.16742577288031835,0.017734244804951886,-0.026999285787164564,0.02820188416148016,0.03035472570826106,0.05804849845253887,-0.017581199197360817,0.014420977451280481,0.03068938543686019,0.14175832398054625,0.037180559806822444,-0.00027956330986634014,-0.008390300309492229,-0.0031962724892017846,0.03650647893072133,0.021696425534809403,0.015122266435397757,0.021580110873040174,0.06556881950821344,0.02291330816583342,-0.01932863993470055,-0.009567050981192397,0.05054518246437442,0.19641465156616683,0.11441077441077448,-0.028563071795395023,0.4070700268680063,0.0482821480801279,-0.014368601843349326,0.08779852396014017,-0.02929224909022889,-0.0240648913376186,-0.0016705778321939929,0.15111043090841084,0.03264224738972212,0.01861102608577355,0.06107880148284192,-0.0008645376322144006,0.012430024147195864,0.021246131347141456,0.013216338468863734,0.0003523449988096456,-0.006197326803387407,0.2991252593272795,0.03761044791347825,0.12857667584940305,-0.004381185593306808,0.45439989116756774,0.0010461517532224613,-0.022039247695813332,0.05551134238002924,0.15050845151855238,0.04132979627929125,0.1394789647314899,0.25246131347141465,0.12153997891371603,-0.02915756895554879,-0.006118423290140464,0.007295854164541032
10,0.024133591810359484,0.07211100908070599,0.020874060470020047,-0.011344420637349938,-0.004782505186545594,0.18068768493010912,-0.09738326021154305,0.020466619052477632,-0.029747984899500035,0.07714586946910182,1.0,0.02393973404074417,0.1451001598476346,-0.001597796143250688,-0.01988776655443323,0.04089922796993509,-0.009124239023228923,-0.0198530762167126,0.01602897663503724,0.03156684692038229,-0.05666632656531645,0.2356269768390981,0.04632248410026184,-0.11509301771928032,0.021876679250416628,0.0338706934666531,0.08020202020202026,0.1282202496343911,0.04410706390504365,0.05970479202802441,0.002797673706764616,-0.011743699622487497,0.021383532292623214,0.06224875012753804,0.016652042308607982,0.035094378124681164,-6.121824303642463e-05,0.007934564500221071,0.38582865693976764,-0.028008026391864817,0.04721695065129411,0.19537122062374618,0.24188008026391844,0.01026765976260926,0.013974764479815003,0.26279903411216554,-0.021584192089242574,0.0028303234363840435,0.030526816991463476,0.007286331326735368,0.015085535489575905,-0.007205387205387207,-0.04993844165561335,0.0036819372172907498,-0.003472434785566102,0.2097962792912288,0.016641159065401513,0.05103696901676696,0.011205659286467365,0.014824337652620496,-0.005599428629731658,0.017331564806312285,-0.00918477706356494,0.0840138761350882,0.08017753290480571,0.29973336054144134,-0.026545590585994674,0.03711185933408156,0.3668237934904602,0.033735333129272536,0.14861816821412785,-0.013206815631058053,-0.007740026527905319,-0.03232595313403398,0.036009250756725474,0.023439104853246302,-0.07536986021834505,0.25468353569363694,0.01030983233003436,0.012062714688977308,0.02320511512430705,0.016509879944223378,0.014442063734993037,0.015370540421045494,0.105989864979764,0.257581199197361,0.11946604088018237,0.03656701697105738,0.03625344352617083,0.031539638812366086,-0.008907254361799823,-0.016342550079923822,0.10670883923409177,0.011490664217936937,0.023433663231643035,0.07891167567935241,-0.016086793864571645,0.01845525966738087,-0.021644730129578627,0.013254429820086396
11,0.1450253375505901,0.08052443628201204,0.10664149916675154,-0.018068224330850598,0.08143250688705235,0.02650817943747236,0.016067067986259922,0.03844097541067238,-0.012554501241369925,0.08424242424242427,0.02393973404074417,1.0,0.015741250892766054,0.045602149440533306,-0.021802537156072516,0.1260599258579057,0.03002210658776316,-0.03909941162466417,-0.042157602965683764,0.06367173417678462,-0.03641873278236914,0.0374220317654661,0.044496139849675195,-0.01948712716389484,0.1440540080944121,0.03179131381151584,0.02690337720640754,0.07170288746046323,0.2641519572832703,0.051590654014896466,0.18787334625718483,0.2812515729687446,0.1904417916539129,0.014262490222086175,0.07488759650375817,0.05649423528211409,0.22565928646736752,0.19466857123422787,0.03061524334251607,0.017500935278713048,-0.0321688263102405,0.08071421283542494,-0.0026126585722545345,-0.005398088630411863,0.11605074312145028,0.04651566166717677,0.030341801856953378,-0.03124443084039042,0.0937264904941673,0.02526612930653336,0.10111009080706054,0.12917865523926123,0.0057708397102336495,-0.007191102948678702,0.08562119511614458,-0.006473489099751711,-0.006221133897901576,0.08660408801822943,0.012523211917151294,0.04882835084855289,0.029340543481957592,0.004858687888990918,0.036370438390640435,0.014399891167567949,0.023909124919225908,0.0920014964459409,-0.03172261333877497,0.03712070196918683,0.011508349488147464,-0.017819270142502477,0.07996598986497978,-0.037290752644288,0.0024256028296432337,0.0178070264938952,0.060457776417372336,0.07874162500425126,0.04688365132809582,0.02012039587797163,-0.04096588783457471,0.12091623303744524,0.06075978641635208,0.13599632690541794,-0.008735843281297827,0.027342788150868963,0.06818896031017242,0.004067612148420228,0.08446485052545658,0.005347753630581913,0.0582954120327858,-0.01115872530013945,0.026681631126075602,0.05270006461925655,0.015865727986940126,0.13607999183756758,0.24506206849641216,0.02356154133931912,0.1260667278849097,-0.004175764377784582,0.07472706866646253,0.0500595177362854
12,-0.017524062170526808,0.04855626976839101,0.05769955446723122,0.005615073291840968,0.016852702105227355,0.14974730469679964,-0.007454341393735336,0.021761044791347814,-0.01598816447301298,0.07701050913172118,0.1451001598476346,0.015741250892766054,1.0,-5.169540523075867e-05,-0.019809543243886667,0.03238649117436991,0.021206679590517984,-0.02502057613168726,-0.02179777573716969,0.004587967214229843,0.012419821106689792,0.21930687344828778,0.009271162806516348,-0.04296908478726657,0.07730979831989936,0.08056592864673671,0.05319185117164917,0.29156208550147944,0.03908376696255488,0.010492806856443234,-0.016462265755195063,0.0026963235044043135,0.08692174267931839,-0.028843315307961775,0.016485392647008813,0.036270448593680976,0.030381253613576874,0.0629269122198415,0.17316940448253587,0.021496445940890386,0.033001394415535845,0.16648913376186097,0.007371356664285971,0.030979151787232602,0.04267727782879295,0.08154337992721826,-0.019861238649117437,-0.023030303030303033,0.06580553004795436,0.022063734993027925,-0.017596163656769723,0.007253681597115957,-0.037645138251198876,-0.011921232527293131,0.01354827738666122,0.09055742611298166,0.001360405400809441,0.03075264428799782,0.004450566268748088,0.06946161956262961,0.027846818351868852,-0.027434615515423602,-0.026265347073427904,0.26790735639220487,0.0830785974220317,0.07541951501547467,-0.016672448389620113,0.002916028976635036,0.08299901370608444,0.00493487059143625,0.2463544536271808,-0.009348025711662078,0.002338536883991433,-0.012474237322722166,0.07172737475767775,0.01176614631160086,-0.022374587627112884,0.03617181920212225,0.011362105907560451,-0.003605754514845421,0.011834166581641329,0.04923919327959734,0.029295650103730954,-0.014725028058361397,0.15105397408427723,0.04988062442607896,0.0892480359147026,0.06924599530660146,0.05793218379076967,-0.0338489269802401,0.025496718021970562,-0.00974662449409925,0.10293167363874443,0.027950889365030776,0.05577254021698468,0.053929871101588284,-0.01837159473523109,0.025481073359861228,0.018596741829065056,0.11846886372138887
13,0.15388565792606185,0.13634731149882667,0.0601455633778866,0.006968676665646362,0.004898819848314798,-0.017926742169166416,0.03164507023092885,0.06197326803387415,0.0307635275312043,0.05689283406455128,-0.001597796143250688,0.045602149440533306,-5.169540523075867e-05,1.0,0.023210556745910313,0.07346393225181101,0.00400707410808421,-0.004320647552970788,-0.05410876441179476,0.08194878073665957,0.022632384450566288,0.0015631058055300465,0.10118015168520214,0.03369384076454785,0.08297996803047313,0.005734108764411794,-0.021128456279971425,0.05337686630615928,0.14346359215046103,0.045145053225861355,0.14927320341461764,0.1400809441213482,0.0447192463354079,0.03004455327687651,0.12075774580825079,0.0562398394721627,0.07897901574669246,0.04154269972451788,-0.021442029724858026,-0.003842465054586267,0.0261503928170595,0.00050743121450192,-0.0076720062578648435,-0.0005632078359351088,0.06568037275107985,-0.011351902867054389,0.10987790361527729,-0.05154576063666974,-0.008658980376152092,0.02796517362173934,0.23393599292589215,0.09632350440431241,0.01993674114886235,0.026537428153589747,0.0247076828895011,-0.005888514777403668,-0.008914736591504269,-0.03785260007482231,0.14144883175186207,0.01848042716729586,0.18377920620344854,-0.05221848110737001,-0.03572560623065673,-0.010918613746896583,-0.0032459272863313298,-0.020132639526578913,-0.019566030677141782,0.03188994320307452,-0.00798353909465021,0.013970683263612551,0.020840050334999808,-0.07480801278781075,-0.05363806414311463,-0.012385810971669567,0.11516511920552328,0.06020474101282184,0.0248899772132095,-0.015361697785940223,-0.08959493929190904,0.06863585348433833,0.10959153827840692,0.03972179709553451,-0.03455633778866101,0.08205421215522221,0.02859436111961367,-0.022788150868958967,-0.017464884535591616,0.04537360133319727,0.03798183858789918,0.00400163248648097,-0.045649763629561586,0.14112913648267206,0.06803727510798215,-0.006295956194946095,0.07129748665102198,0.06567697173757782,0.18071965445702817,-0.026517702275278027,0.011813760500629199,-0.01830493487059143
14,-0.019811583851987877,0.08404176444580493,0.048941944699520526,0.0014148216168418193,0.16038431452572874,-0.07146753732612324,0.009635751453933281,0.020163248648097116,0.08809577254021692,-0.005121926334047549,-0.01988776655443323,-0.021802537156072516,-0.019809543243886667,0.023210556745910313,1.0,-0.01209128320239432,0.009086147672006259,0.020829847294493768,-0.005583783967622352,0.13926470088086249,-0.03195456245961295,-0.031462775907220346,0.019761929054858362,0.021857633574805302,0.0008570554025099477,0.023217358772914327,-0.09112607557052001,-0.017148590279903408,0.0365350474441384,0.09938101554263169,0.0218311056694895,-0.005813692480359141,0.09798796041220281,0.06198211066897933,0.043003094922286905,-0.0008897051321293739,-0.013697921980750257,0.08866374179505498,-0.037819270142502415,0.13612352481039375,-0.014391728735163097,-0.06824133591810358,0.024205693296602396,0.05327959732000138,0.04869775193007515,0.004961398496752035,-0.0008053599972791892,0.02506887052341597,0.04875352855150838,0.020982892902084826,-0.0047410128218209075,0.006662585450464246,0.03098663401693704,0.051204979083767,0.1695588885487874,0.02070945141652213,-0.041340679522497696,-0.14313641465156604,-0.0025317144509063713,-0.013931911709689482,0.022858891949801053,0.1137230894806652,0.019862599054518235,-0.006825834098561367,-0.0005149134442063738,-0.015692956501037324,0.08905349794238683,0.003316668367173419,0.013519708873244213,0.03622351460735302,0.07561881440669314,0.01073359861238649,0.03466789103152737,0.05099751726014351,-0.004245145053225869,0.08108220249634389,0.013501343400333305,-0.001585552494643406,-0.025422575927626447,0.08772030064959357,0.03676563615957557,0.13399585076352757,0.026514301261775997,0.06660204741012819,-0.007851579770771694,0.008304594769241228,-0.023264972961942677,0.05368227731864094,0.002631024045165458,0.11707648879366053,0.018043737033636025,0.006177600925075676,-0.004602251470938345,-0.023006495935788886,-0.028848076726864638,-0.019237492772846303,-0.00297384620616944,0.061210080604019924,0.13323878515797705,0.06133931911709696
15,0.10993980206101417,-0.03700982892902089,0.004049926878209704,-0.02531850491446453,-0.008210726796585377,0.1729197700914873,0.06504642383430256,0.008715437200285687,-0.02247117641057034,0.13592762643267697,0.04089922796993509,0.1260599258579057,0.03238649117436991,0.07346393225181101,-0.01209128320239432,1.0,0.020358466823113295,-0.028759650375812035,0.00017481209400401293,-0.04660068700472744,-0.026119783695541285,0.14953100023807106,-0.04776043260891743,0.04491242390232292,0.028360371390674405,0.04352549059619769,0.23085059347685594,0.1338468863721389,0.010785294017617254,-0.04495935788865082,0.09024317246539472,0.2696847260483624,0.02233037445158657,-0.003065673570724077,-0.02096860864537632,0.10033397952589874,0.10246709519436792,0.010085365438900805,0.08070196918681773,0.015164439002822836,-0.015909941162466426,0.11795463047988305,0.12045437540387045,-0.08946366017073079,-0.006763255450124141,-0.0032105567459102826,0.038341665816413316,-0.017407067306057226,0.008091011121314152,0.008449477944427443,0.1564765500119035,0.023663571744379802,0.013010237050641093,0.020525116484712433,0.03548957589361632,0.0566785702139238,0.04004557358092713,0.028364452606876867,-0.02127810087406047,0.033249668401183534,-0.010754004693398633,-0.0009563649967690376,-0.013667312859232067,-0.03127095874570626,0.11405026697955986,0.2170982552800734,-0.045243002414719624,0.13388429752066114,0.01158793320409482,-0.05157024793388432,0.02760058497432235,-0.025104921266537423,-0.0389858177736966,0.02563956058905556,0.31963473114988267,-0.024707002686800664,0.05931843689419446,0.17243478556609856,0.06196578580416968,0.0033738053940074128,0.003778526000748225,-0.026540148964391358,-0.011548481447471334,-0.03917083290820668,0.10992687820970659,0.02877597524062172,0.042189572492602787,-0.06888752848348818,0.11222528313437403,-0.0015086895894976715,-0.010945141652212356,0.042693602693602756,0.3219957147229871,0.06034826378260728,0.1642560282964322,0.3130510492126653,0.151004999489848,-0.03211236948610686,-0.024124749175254232,-0.03217494813454412
16,-0.01615617454001294,0.020776111281161785,-0.04276706458524639,-0.003515287555691597,-0.0027310138421249536,0.030581913410196268,-0.03550249974492404,-0.03349250076522804,-0.037545828656939756,-0.001603917967554332,-0.009124239023228923,0.03002210658776316,0.021206679590517984,0.00400707410808421,0.009086147672006259,0.020358466823113295,1.0,-0.009107233955718805,-0.0777832193993811,-0.052576947930483266,0.0482399755127028,0.02299561269258241,0.06475461687582902,0.07562493623099688,0.006270108492330715,0.00954800530558106,0.0249273883617318,0.015571880420365275,0.04735707240757748,0.020085705540251,0.01550930177192805,-0.010528857599564671,0.05100091827364553,-0.008356290174471983,0.04559738802163048,-0.01766622453491142,-0.04664285957215256,0.0005502839846274188,0.012899364010475119,0.00566472808897052,0.04054144134952214,0.015864367581539314,-0.014574023058871543,-0.05563717987960411,0.021935856885351823,0.011049212665374277,-0.025147093833962533,0.010645852464034282,-0.045688535183484695,-0.06903377206407521,-0.0586049042614699,0.03168316158215149,0.16355814032581723,-0.009002482739856479,0.005498078427371352,0.002554841342720133,-0.010979151787232603,0.012136176580621015,0.039074924327449634,-0.0006788422950039114,0.051449171853212204,0.04126653742815366,-0.004899500051015202,0.01517872325953134,0.02125429377954632,0.04134476073870013,-0.07840016324864807,-0.009335101860354392,-0.0188742645308302,-0.028031153283678552,0.020960446212971485,-0.028863721388973928,-0.04990987314219629,0.1261626364656667,-0.018993300003401038,-0.0054899159949664935,0.017811107710097626,0.03276876509199744,0.030392136856783342,-0.027881508689589527,0.054550215964357385,-0.0027901914770601644,-0.041349522157603,-0.02788899091929397,0.011751862054892351,-0.016628915416794187,0.013987008128422265,0.02547291092745639,0.003402373907424415,-0.01630445872870113,0.02353705404210456,-0.0001877359453117025,0.011333537394143472,0.016721422984049262,-0.024060810121416185,0.0021739278304934873,-0.06648301193755744,0.018018569533721066,-0.021760364588647437,0.0031915110702989483
17,-0.04153929871101588,0.015331088664421996,-0.017396184062850747,0.00787878787878788,0.03257218651158046,-0.02824813794510761,0.018643675815392988,-0.011280481583511883,0.06312757201646091,-0.03284766860524434,-0.0198530762167126,-0.03909941162466417,-0.02502057613168726,-0.004320647552970788,0.020829847294493768,-0.028759650375812035,-0.009107233955718805,1.0,0.03422779988436552,-0.002965003571064178,0.038623949937081285,-0.01665136210590755,0.021763765602149456,-0.0026085773560521044,-0.05267829813284361,-0.011022004557358097,-0.03651872257932864,-0.02676053463932252,0.021701867156412594,-0.0006815631058055312,-0.02742169166411592,-0.05660918953848242,0.011832806176240534,0.001417542427643438,-0.048000544162160326,-0.029521477400265297,-0.03739550386015035,-0.0006149032411658686,-0.020825766078291324,0.008716797605686496,-0.01179267421691665,-0.03314355677992044,-0.004783865591946401,0.0594674012855831,-0.002682719450396216,-0.014570622045369514,0.021550862156922774,0.17192531374349587,-0.028137264904941683,-0.010546542869775197,-0.040065979661939255,-0.15744107744107744,0.006027956330986636,0.04790803659490533,0.006826514301261778,-0.010236370438390647,0.06855218855218866,-0.014045505560657083,-0.029150086725844328,-0.02937591402237867,-0.024693398632792584,0.03495085535489576,0.014168622249430335,-0.028703193551678427,-0.0232697343808455,-0.01679420467299255,0.07019215726286422,-0.02551916471108392,-0.015501139339523157,0.07009692888480767,-0.029024249226269484,0.2880733258511037,0.032438866782301116,0.047501955582763655,-0.022560963167023784,0.01130360847532565,-0.061460395197768934,-0.00433289120157807,0.029460939359929276,0.033975444682515385,-0.04901676699656501,-3.0609121518211785e-05,0.09828180797877772,-0.024643743835663055,-0.024778423970343175,-0.007235996326905411,-0.01278917117300956,-0.01649219467401287,-0.02599394619596638,0.009245995306601364,0.031521953542155555,-0.12399210964867535,-0.020046253783627534,-0.012298064823317346,-0.06110532938815763,-0.038112437506376905,-0.050517974356358214,0.014343434343434346,0.007155732408257657,0.0016821412781008718
18,-0.0355018195422236,-0.08004693398632794,0.014619596639798664,-0.005144373023160902,0.023835663027582242,0.013991089344624705,0.1584702241267899,0.009071183212597362,0.010637690031629427,-0.0016943849267081542,0.01602897663503724,-0.042157602965683764,-0.02179777573716969,-0.05410876441179476,-0.005583783967622352,0.00017481209400401293,-0.0777832193993811,0.03422779988436552,1.0,0.045057307077509046,0.07801584872291947,0.004653946876169103,-0.07101996394925685,0.12032173587729143,-0.08385878991939595,-0.015358976975138598,0.011544400231268922,-0.02928000544162159,-0.10298064823317347,-0.024524028160391828,-0.07758936162976572,-0.02625038261401897,-0.08282964323368361,0.04895962996973094,-0.07098595381423667,0.00376220113593851,-0.049069142604496116,-0.013088460361187642,0.026036118763391524,-0.01176002448729722,-0.004094140053736017,0.0019902731013842143,0.0029881304628779372,0.019440193177566935,-0.01045607591062136,0.021140019725878315,0.0036465666768697065,0.14213651668197114,0.012367445498758628,0.032088562391592655,-0.01939598000204061,-0.024340373431282515,0.018161412100806025,0.09745264088698437,0.02683263612556542,0.04512260653674796,0.2024487297214572,0.007308778015848721,-0.04255824235622218,-0.012508247457742393,-0.09158453219059282,0.013807434615515427,0.05757643777845789,-0.007475427677447885,-0.004237662823521413,-0.002475937829473185,0.04194469952045708,0.014743393531272301,0.010743801652892567,0.06611774308744006,-0.004794068632452474,0.030919974152297403,0.06882971125395368,0.039536781961024337,-0.01356052103526852,-0.019210284664830133,-0.0022677958031493404,-0.006812910247253678,0.05707308778015849,-0.009761588953508147,-0.15998095432438852,-0.018091351222664333,0.19392238887188382,0.08518722579328651,-0.005120565928646731,0.01739006223854709,0.010894126449682011,0.007825051865455906,0.005695337210488728,0.08027412168826319,-0.00379961228446077,-0.00899295990205081,0.002789511274359756,-0.02736183382648029,-0.02777811787912798,0.015941910689385424,0.01322926232017141,0.0012264054688297112,0.020965207631874306,0.034669251436928235
