,0,1,2,3,4,5,6,7,8,9,10,11,12,13,14,15,16,17,18,19,20,21,22,23,24,25,26,27,28,29,30,31,32,33,34,35,36,37,38,39,40,41,42,43,44,45,46,47,48,49,50,51,52,53,54,55,56,57,58,59,60,61,62,63,64,65,66,67,68,69,70,71,72,73,74,75,76,77,78,79,80,81,82,83,84,85,86,87,88,89,90,91,92,93,94,95,96,97,98,99
0,1.0,0.1479973855971454,0.0640986320854308,-0.038120741367065926,0.004065234806308914,0.04209509839872873,0.04135257970241472,0.19347781242770742,-0.018487687152553618,0.24178003658951747,0.028067574434211144,0.16628685090731302,-0.046376354807197866,0.17736848432317961,-0.04301674611905633,0.10571814757233304,-0.023157366241674686,-0.06908244359789516,-0.05970738487990209,0.09328181302978783,-0.0021378097405700142,0.03866334108158283,0.06659720517506297,0.01463263498066978,0.15869417244754794,0.04544313017160301,0.017519065037816917,0.08001329425871886,0.23054848919235368,0.06949721234749742,0.37168046097539015,0.29178814851182117,0.006727723277378243,-0.000598787151442417,0.1012182430364249,0.3282541183411271,0.2161959428266057,0.058782201452468534,0.05131535375759798,-0.012381076491487534,0.002848204012320423,0.13498002325485073,-0.022452184612400644,-0.049583261356438674,0.15044591327819648,0.013246476162767789,0.18763052062782062,-0.0729829750651833,0.06838645480709685,0.10822591350044103,0.3349357562018831,0.1270704242141385,0.017815801782198434,-0.022595835341109868,0.04886324996135974,-0.003940212203038485,0.007157240976622913,0.022888470665248344,0.07039952480096494,0.05252864680407438,0.08791594310946235,-0.06582876469465133,-0.002625696913125656,-0.01888865654242193,0.025676183779994134,0.045645049353420196,-0.0663363306027573,0.15669966996699652,0.014597237501527926,-0.014212532364347543,0.0482849295030513,-0.08408545905095559,-0.04559961046609709,-0.015173032454760612,0.33786897881707356,0.17495767758594044,0.06399607637531433,0.006757382808987975,0.017126015631866186,0.08121884915764306,0.07606399023740754,0.03643879539469099,-0.033190288725842315,0.012022980075785334,0.14052279975472307,-0.01040685886770495,0.04286638764886596,0.01767881838688918,0.21023655900943647,-0.022603250224012304,-0.07535947534147347,0.09271803948071569,0.057088537136541974,0.0901860691119617,0.33581529870158744,0.15235165940836506,0.29147343017130006,-0.0655967212882904,0.0162970438457987,-0.007186314591055064
1,0.1479973855971454,1.0,0.10886104772093373,0.0319640852974186,0.11843832868135297,-0.009423103926554257,-0.012036678415316282,0.07258857198851196,-0.02650432720039681,0.02187521782481277,0.08865498671079218,0.09766857493830197,0.05795337109468518,0.18769321376582088,0.11255525552555264,-0.08567862846890753,0.04013455891043649,0.013423584782720707,-0.12287400457217446,0.22269495636432327,-0.22240680633719928,0.011390977481586531,0.22798451562327962,-0.04746947422014927,0.19337723671357024,0.008285293175782228,-0.0426982698269827,0.10287030723274342,0.40897590769177905,0.3084511279410769,0.2155704459334823,0.07188737055523735,0.13918173635545358,0.11258402607937562,0.17214822492350249,0.013596389942024506,0.1846454140363531,0.16618910375886084,0.02132378894455102,0.09255523532151197,-0.18247048947318967,0.02037662352093795,0.007132895107692589,0.10302771691310542,0.21674559375129424,0.08290681593411864,0.018800041620323622,-0.02779669886180537,0.1520405979991937,0.030664702833919744,0.12374875871425534,0.07354628392132148,-0.08979586847573638,0.00987585627249593,0.07362798906153237,0.02989985867273597,-0.15805004742898537,-0.029784453192794005,0.06451251185724627,-0.003998601880390061,0.14420573370468345,-0.008716386790194177,-0.09905855231987847,0.05726326167970335,0.03037125934815703,0.019422588723518833,-0.002506917358402507,-0.03194945757201983,0.026691457024490325,0.1463799915345069,0.19262241375652725,-0.03129108870483007,-0.04903209512870478,0.014889953641828834,0.07491312767640401,0.18460496554705974,0.03508057876494722,-0.0024648525458606492,-0.07406073940727409,0.10259393616129292,0.135194610370128,0.3100337912579135,-0.027197770282078704,0.1917313953617584,0.05258592525919263,-0.03958820124436685,0.016708478928700962,0.2589550672238941,0.03407409427811469,0.021106837956522934,-0.026939057542117836,0.031022960881946806,-0.023211250417971112,0.019066674344202103,0.1183546637492031,-0.04774976487547749,0.03243209169401785,0.0868051249569401,0.06124264951747698,0.062233193016271386
2,0.0640986320854308,0.10886104772093373,1.0,0.014610087271353392,0.22494156486355707,-0.009801081118212832,0.04254698197092437,0.018599920598120424,0.03057020853600511,0.023344193005159074,0.03179802828767726,0.14996156181274695,0.08003473074580186,0.09476830511333963,0.0501375188023853,-0.0019241722152013212,-0.05333965719804305,-0.025364374821320528,0.012575944463133183,0.26991790088099715,0.013603724008764495,0.02120795917975639,0.011639406364878903,0.14127709740671046,0.17851876096700575,0.022358660108435086,-0.009831589219528012,0.0862499987372474,0.1427225348797506,0.1458259563330071,0.10750923577206205,0.14585577749694162,0.16846329077352182,0.023575246413530242,0.06192603098693706,0.012823423756517047,0.1549727700042731,0.22045762151972748,0.04403438323630335,0.11297711589340757,0.034897752401502766,0.030785017895728937,0.09560513627120287,0.043468427650845916,0.16010196979293884,-0.03372607967867493,0.007235188165281174,-0.02259213800167898,0.3674784852222595,0.023433009967663433,0.04438429701556012,0.017779636549513537,0.025584901924535927,-0.005152798108093635,0.31696078698778984,-0.06669091151539402,0.011916706822197372,-0.034210188695637245,0.011152004089297826,-0.0047307356998326075,0.08545787912124561,0.1448861249761339,0.13767972756871646,0.05522047154210366,0.010659550803565194,0.002869438458997419,0.08819231418091295,-0.012202856649301298,0.008717356584143252,0.05564837291809994,0.10108576514217077,0.002023454870739599,0.0721190098807861,0.07735488700385189,0.02065644948333217,0.1769868299961309,0.007693577438551931,0.027480606646523256,-0.14188081434406058,0.14534637302114042,0.04129481635032186,0.17117960280876568,0.0009367199346197243,0.1020202020202021,0.05295481063257835,0.011074925674385623,0.022117080394908176,0.1528961380986584,0.024184761910534487,-0.013266437754886595,0.09532270398757048,0.005421330011789063,-0.002507483071539473,0.04344491014758035,0.039226629733680504,-0.014545434341413949,0.002628848743460204,0.10794582488551889,0.2694925452141171,0.36107501659256835
3,-0.038120741367065926,0.0319640852974186,0.014610087271353392,1.0,0.012532445163708283,-0.0074598773008613915,0.03426051696078695,0.007694304784013752,0.11264443616078779,-0.019412648335540628,-0.02032538607396096,-0.0314165962050751,0.005787063554840333,0.008796758463725159,-4.747949542429064e-05,-0.045968273595036274,-0.003488833731858036,0.009836215944826806,-0.0021090391867469574,-0.008481413797945456,0.09732947032076944,-0.017824913804511754,0.08378864149041168,0.015238170281674642,0.01672256114500339,-0.00043333626291922083,-0.012913250921051705,-0.010931840658813346,-0.02375623420927949,-0.06395675931229479,-0.04011898159512921,-0.06791242760639703,-0.02579263987004763,-0.00040820243640525637,0.12589549864077323,-0.012965215713490547,-0.012319716820166866,-0.06200977673524925,-0.022426990173764868,-0.00020943508492263392,0.0027474060537366883,-0.015205864020745518,-0.03077447138653261,0.07072012251730221,-0.043254850737599035,-0.002994622694592694,0.0111386492184572,-0.03569270058318966,-0.012348891454802051,-0.006198862310473464,-0.04218619841782157,0.05744748212194962,0.03142164721522657,0.015936320904817766,-0.023450021769853783,-0.031743558194203256,0.12494285792215591,-0.01714696722197471,0.024504955546059654,-0.00045374234393136286,0.09134939756601924,-0.04316924621755107,0.005483699885140029,0.020194261850427456,0.011119475583922036,-0.02772804553182592,0.07237691445912268,-0.007762735869546556,-0.012339213719351745,0.024818300011819356,0.007133117352139248,0.3286926268384416,0.055390973440778445,0.09413014028675595,-0.026692851103292156,-0.023211028173524405,-0.05585815147171279,-0.03105205470041955,0.06865199651278253,-0.03817329207668242,0.13963357951956817,-0.025222401027981595,-0.014836109873613623,-0.007190860500191433,-0.015081104070002953,-0.011755316945835991,-0.02240052288057086,-0.025689659875078423,-0.0064608076969313024,-0.06301719060794965,0.03272426232522243,0.07418630751964084,-0.019879361673541103,-0.02593210836235142,-0.008425933502441156,-0.0070218537005215615,-0.023943848930347567,-0.03428864098531065,-0.03603303764719906,-0.01897983737767716
4,0.004065234806308914,0.11843832868135297,0.22494156486355707,0.012532445163708283,1.0,-0.08351911958872657,-0.014333898036268257,0.02298641985410663,0.05559133691146892,-0.018217195456919442,-0.012787521176360069,0.111934728826418,0.01456408267089335,0.0049428579221558475,0.18627278889505122,-0.023641798523286687,0.0005108187586435423,0.04459005496509249,0.027340956317854014,0.2918078878594932,-0.042483359447055835,-0.013146829834498606,0.016044351909938467,0.050812333758628404,0.056227804598641656,-0.014915208692586415,-0.0850319375371881,0.01669781119526095,0.13055549999444407,0.1372058822043821,0.06253593036071285,0.07338927832177163,0.2031266156918724,0.08325476992143661,0.05150816091710181,-0.030064541807716075,0.05695351353317151,0.13623172418251933,-0.024310229002698257,0.25005187387425587,-0.031262742435859796,-0.01684330049166533,0.007471737072697165,0.074883892429647,0.11615153434535375,-0.0146745583649274,-0.016801659963976208,0.06018630145842865,0.19060538377070047,0.027275596246493373,-0.014214613380529961,-0.009197424792984344,0.007869170755459384,0.08353209058279565,0.3765713339010676,0.008338712659144697,-0.010340569410476397,-0.008938085727764694,-0.02111144447778112,0.018015579335711344,0.01563067417852897,0.03913849970855671,0.08661494432271515,0.032806452362407965,0.016504418118579535,-0.05651239871461896,0.10122727424257584,-0.02526072809301133,-0.010469531801665008,0.08992016373354503,0.10286612499633795,0.017182627353644453,0.05014289307718653,0.05852043790237615,-5.4369073270962886e-05,0.05172814251122082,0.007396881102251645,-0.04446820439619719,-0.013165761020546488,0.14004572174389143,0.01995983436727509,0.15674417946845176,0.13049496868878804,0.12062327444865704,-0.006958069544328168,-0.024731463045294437,-0.00947648300183554,0.07727841471015787,-0.01267490385402177,0.09389753116725824,0.24474702015656136,-0.011224920471845177,0.001088149218962299,-0.020712556104095243,0.03761293301047277,-0.031123011291028086,0.0027336066940027337,0.07312806028077559,0.31709861895280433,0.2110725820056755
5,0.04209509839872873,-0.009423103926554257,-0.009801081118212832,-0.0074598773008613915,-0.08351911958872657,1.0,0.001570884361163392,-0.017215943816603872,-0.0766668586050524,0.16209338105527749,0.21069157420792584,0.01874947090668665,0.15015618733590533,-0.030817364564739262,-0.12286428642864279,0.2144622947143199,0.053566467757886906,-0.046684830099171515,0.02701104453879728,-0.0444977224995227,-0.027416519429720763,0.42629945822865056,-0.022286066990537434,0.02316338704577528,0.008171665651413626,0.07024419613678547,0.2594447727601042,0.19564778700092222,-0.00266190255389175,-0.03443174620492353,-0.011204676023157875,0.07707332349396549,0.031106989486827483,0.05195481164278043,-0.011118728034419599,0.06795249221891878,0.008771766065495441,0.012846739219376478,0.2823551648094099,0.03143779024367081,0.021524879760703334,0.4237122298088395,0.06629172008109896,-0.08495815238089473,0.033926928046340024,0.1659988827165546,-0.01334771861024486,-0.030895695630169046,0.02179961430486482,-0.05443685782719685,-0.010066723844101585,-0.00013029585786861317,0.020195635725188676,0.015398974240858423,-0.029440055116622777,0.19796026067253195,0.0325141605069598,0.2798027883596443,0.005774779498151829,0.023351122991086975,-0.013167559180160446,0.013762547971968915,-0.019912314463769613,0.04419635902984239,0.1742005513682683,0.3467849613244151,-0.07634840251701945,0.03901117384465716,0.0781789290040115,-0.007834702662185423,0.08323329302627239,-0.024107804719865927,-0.021392321050286853,0.023412341234123432,0.06315577012246681,0.04004428725700856,0.037698658754764344,0.22278229843186315,0.08092962831636705,-0.0039774482498754924,0.013842313524281731,0.000931971985077294,0.016830450721839862,-0.06845599711486297,0.2302626424258589,0.12054898419134845,0.182269055188347,-0.0533897632187461,0.08847412013928674,0.044146273213179925,-0.004007127985525827,-0.02533507896244168,0.16370897695830197,0.14450210677633413,0.10494415098075466,0.13554102885035982,-0.042291461469379246,0.01988198819881988,-0.0832981479966178,0.0017847643350193596
6,0.04135257970241472,-0.012036678415316282,0.04254698197092437,0.03426051696078695,-0.014333898036268257,0.001570884361163392,1.0,0.08002212342446363,0.05133353739414348,0.026201549447874097,-0.1472883045880345,0.030766874667264698,-0.016532521939062583,0.053486560777289874,0.00308881393189824,0.10926995729876024,-0.04594944342919138,0.026836178567351703,0.22959924275255827,-0.030352994895449157,0.1492695330139074,-0.005957646269677471,-0.005365142574863551,0.3340751852963074,0.03620533770548772,-0.012071712221727223,0.0472242375752727,0.004713057164302286,0.0278124176053969,-0.090415263748597,0.06649119457400283,0.07347657998123036,-0.04108590657045503,-0.1127123621453055,-0.05739723467296215,0.029572189542186527,0.05195907469534834,0.012959841438689319,-0.10351275531593557,0.0083792419646005,0.013655466556756679,-0.014488620579229628,-0.014218512760366949,-0.001168581504615107,0.0035995922824605697,-0.24085848988939268,0.0548463331181603,0.014043141687906179,-0.004255718501143041,0.014932786207913717,0.07040073704340137,0.005061192987985665,0.07670435730441723,0.22041086936976534,-0.012513897854431895,-0.032891935658212294,0.2448130469612619,0.007620883300451269,-0.03545112086966272,0.016640532740142693,0.03170460480391471,-0.03082619373048417,0.02008556411196675,0.0028680443801955965,0.023648405244564876,-0.04740807414074739,-0.00225915520845014,0.024794802712594488,-0.12121620242832377,-0.10394267709599239,-0.08115692377318534,0.03372355417359918,-0.06911190108909887,0.08006944128756306,0.060828810153742634,-0.003588399243964804,0.15033050779825455,-0.023663255214410355,0.07920757732338884,0.0017694092641587363,0.013297855038029056,0.010003202340436055,0.08786432178571404,-0.027676868696970714,0.02538094213461751,-0.09145813571256112,-0.0007745421006747154,-0.014103713401643172,0.01697925348090364,0.0760246933784288,-0.011176511590552978,0.02971711312545392,0.05757713145051886,0.03152650618597213,0.10035611641972286,0.07694163355729516,0.14803320736114023,-0.00029362532212817217,-0.04057846188659265,-0.06704385590074159
7,0.19347781242770742,0.07258857198851196,0.018599920598120424,0.007694304784013752,0.02298641985410663,-0.017215943816603872,0.08002212342446363,1.0,-0.020766379668269833,0.06199452268459168,0.023385833532848233,0.05019641358075205,0.023203855739109276,0.08133690136690445,0.033387055877304866,0.00483046284426422,-0.06314215259909826,-0.020926254241585764,0.01913316584183671,0.04119991797159516,0.033685408944934915,0.04115544887822117,-0.020916071405120317,-0.006368212578833644,0.10310192635425168,-0.0019800161834365253,-0.054757152482925085,0.028988858481807777,-0.0020055944988438238,-0.011159580604525095,0.14377223580943954,0.1043346152797098,-0.006508994333776808,-0.022551042983086193,-0.018200446307256982,0.06830315354767802,0.041615151414131295,-0.029079271563520005,0.03189110830274949,0.010552186531784491,-0.08726054423624181,0.03596971818393964,0.0489592999704011,0.10240686694932126,0.00959029236256958,-0.017112236476172854,0.04839956722945026,-0.01676072657770828,0.05303597026369302,0.23312412049285722,0.10321565489882334,0.00973646859635459,-0.12130178674433098,-0.0017143330494665647,0.04988577645643355,-0.027946289578452785,0.04072411281532194,0.01594741292311049,-0.0069615446393124164,0.12995343978842325,0.014998469543924076,-0.06210948367564031,-0.03148478484212058,0.027370110748448594,-0.0017309205668041541,-0.0021632466276930743,0.05359087423893903,-0.002373732322727222,-0.005397064959021149,0.045760535649524564,0.06980807171626255,-0.02128934105531766,0.0092285188114771,0.008075575234291095,0.048813608633590626,-0.01611631870257734,0.0022432748325337637,0.010097050109051306,-0.034497793213664786,0.043464487862927705,-0.007071959721224647,0.04486379951126424,0.05088927074525632,0.031048902870084966,0.01217630853994491,-0.023391793724827026,0.00033088157300578534,0.10899073745758413,0.04000456611317702,-0.02364290974552003,-0.0009881796260434097,-0.00437989253470802,-0.004941989148409788,0.004486630481229943,0.21295509348914704,0.03848011063732641,0.16786108913921702,-0.003827655492822008,0.010219405778961741,0.01672322787834339
8,-0.018487687152553618,-0.02650432720039681,0.03057020853600511,0.11264443616078779,0.05559133691146892,-0.0766668586050524,0.05133353739414348,-0.020766379668269833,1.0,-0.002379349046015711,-0.05231561539992381,-0.024120230204838645,-0.03154077023864001,0.05190183664831132,0.11330668420377399,-0.04252384834443041,-0.0438020165652929,0.0898375494115068,0.017990485917278587,0.050324628422438254,0.2019141712151012,-0.04540680330659331,0.00027608821488209255,0.0933163417351837,0.04069338246956011,0.008448683252163603,-0.05801729667916284,-0.04980007091618259,-0.023374014169093668,0.01078992747759625,-0.02108620963106411,-0.04606290932123513,-0.0462763650102384,-0.008136348988434195,-0.027652219767431305,0.02008166473212979,0.005460040953590308,-0.006715661465136414,-0.09654032069873646,-0.007772918706012015,-0.014779134479104474,-0.05051194008289718,-0.05045320693685533,0.04142539506475904,-0.0351545861656873,-0.09669623528009363,0.038254229463350345,0.1139644873578266,0.007212741476167819,-0.018166624743282407,0.013363053477064882,-0.03184504309016757,0.15457214408309522,0.0480116092417322,-0.00029382736253423763,-0.052930040478795314,0.05152309170310972,-0.02544763567265819,-0.006186760090150429,-0.03104783205593283,0.030518183131444488,0.03225138675483713,0.048632378389354095,-0.015769859814264268,-0.014982791208413782,-0.10219739145631729,0.3796506317298393,0.02835697711185262,-0.05590991422374563,-0.008734226958049346,-0.0339425053616473,0.11948645369587448,0.24062169853348983,0.3507569342792866,-0.0044889337418590365,-0.0005488427630641856,-0.14250829123316366,-0.11032321413959582,-0.06587214276983257,0.006167788496021321,-0.007842966114793301,-0.0022922292229222933,0.06309307698446613,0.10231255448777203,-0.004224624482650284,-0.06998560462106827,-0.035747615165556954,0.04755683649172999,0.0021426991183966892,-0.04613338101486919,0.04993190228113715,0.024248040965712737,-0.017480354096015654,-0.04234655788811207,0.0037165130654479616,0.015949089858480814,0.006613772488359947,0.01210189705839269,-0.016392083652809735,-0.006313196976263282
9,0.24178003658951747,0.02187521782481277,0.023344193005159074,-0.019412648335540628,-0.018217195456919442,0.16209338105527749,0.026201549447874097,0.06199452268459168,-0.002379349046015711,1.0,0.09275149737195934,0.09813336889244478,0.07233192006069288,0.06590921718434474,-0.024654202794016766,0.1502590056985496,-0.0009459127730954903,-0.05745233109169501,-0.009605101924333833,0.005774658273908201,0.011925495579861023,0.1753490702605615,0.010643791651892474,-0.00018525084831715204,0.016933875205702397,0.02901556822348903,0.060202202038385624,0.04915760262894982,0.06913004431756313,0.013714846232097963,0.11415670860015294,0.1423344960758703,0.03787087799689052,0.004237272212069688,0.014054920643579522,0.49804378417639716,0.08381733122807233,-0.003579974159032064,0.13071830415364774,-0.04764353202997073,0.02884482387632704,0.1713325676001943,0.018294415300115892,-0.048439934902581146,0.026753018736217063,0.0365780416425481,0.07522956336037656,-0.03584663516856736,0.013185439756096819,0.038421256267040814,0.1688118306780174,0.04218854208653189,0.00044038747309074435,-0.008726650442822068,-0.011104969082766853,0.046299922921585086,0.041336941774985585,0.009404394984953037,0.02561967307841895,0.06229728023307378,0.027586435411217892,-0.042565104995347984,-0.023210139195737754,0.026549705475598085,0.22098030005020697,0.12503337202407117,-0.061598442672550074,0.45528231611039915,0.054865345120370605,-0.022958336237664186,0.10503533181600976,-0.05330074421583568,-0.04752695471567356,-0.006303478832731751,0.15692712705614,0.04161102978984763,0.03470928911072927,0.06686205994336811,0.01279382483702915,0.007095093347718602,0.027802699461865386,1.7537107246077397e-05,0.00246679213375883,-0.013645505964737886,0.3369789504202945,0.040622890571885485,0.16010069693838083,-0.016816307893415615,0.5248063392197799,-0.0036415964828806087,-0.0487367928712063,0.06538124519522663,0.15403364578882128,0.04477667968817082,0.16292455508177062,0.2873456638593152,0.1460585250444235,-0.04941811352852461,-0.029172129334145563,-0.00724387590274179
10,0.028067574434211144,0.08865498671079218,0.03179802828767726,-0.02032538607396096,-0.012787521176360069,0.21069157420792584,-0.1472883045880345,0.023385833532848233,-0.05231561539992381,0.09275149737195934,1.0,0.02852875186508552,0.1709631367177121,-0.007158978524115034,-0.033857102882005385,0.04520346984193367,-0.011934749030458611,-0.03342800946761345,0.028182515221219104,0.042454811137679405,-0.09259980543508896,0.27575432290703794,0.06224155748908216,-0.17839050571723844,0.022431354246535775,0.045733280398746995,0.10768404113138598,0.16003295279022864,0.05171545437372022,0.08831612454174721,-0.0005616319207678363,-0.022464064588277016,0.027872504422159355,0.08106396498235677,0.02034227665190761,0.03751611524788845,-0.006084285196196382,0.007612539031680948,0.4458173494117088,-0.047497881101241445,0.07167543016927949,0.24086893537838644,0.28817235258879415,0.002560821738739532,0.019095646938431226,0.32920942599310415,-0.03185722612665305,0.0029480523809956747,0.04494708056664251,0.004343848526266769,0.013301976662312701,-0.013937474555536367,-0.07873205502368417,0.012107513781681196,-0.006169546247554049,0.2520865217834915,0.02632160185715542,0.06425454666678793,0.007771059934276257,0.012975216713590558,-0.012898400951206238,0.02850715374567757,-0.015003520554075602,0.0933592955255121,0.09194198207699557,0.35027098669462897,-0.048250663450183376,0.03840054712541956,0.4565003166983368,0.05040948539298372,0.18733527898244376,-0.02250154308360131,-0.013454335332523156,-0.050775845261293785,0.04311924121705096,0.03569253895086478,-0.11533339192505106,0.285208116771273,0.02358314619340721,0.014505389932932707,0.029615001904230817,0.01262502007776535,0.02324173831524568,0.009127518812487316,0.12812410533982693,0.31698842611533884,0.15303885944149984,0.007940551630920669,0.03520550034801461,0.04504359526861774,-0.013012735616996046,-0.027114933715593786,0.12712392451366353,0.014170184695237209,0.024456587072848705,0.09570423709037577,-0.026636906114853927,0.023479640893382295,-0.038525408096365156,0.013395642594562492
11,0.16628685090731302,0.09766857493830197,0.14996156181274695,-0.0314165962050751,0.111934728826418,0.01874947090668665,0.030766874667264698,0.05019641358075205,-0.024120230204838645,0.09813336889244478,0.02852875186508552,1.0,0.012894804631978339,0.05173648677999113,-0.04232015120703993,0.13167884465214208,0.04769000132336463,-0.0611378511588533,-0.06353469690403381,0.08310806838259589,-0.05996250130063513,0.041555569698383976,0.061165692326808414,-0.03249791645831251,0.18236692356104298,0.04265606358615657,0.010609202334374854,0.08416764908814114,0.30700231639325554,0.06330930062703236,0.21724802783308658,0.34887700891301215,0.23835993700380162,0.0210483068508871,0.09496489042843674,0.05918698940601135,0.26295960909222205,0.21462370479472193,0.03540390402676632,0.010090200939285842,-0.04759855783558156,0.09373634333130289,-0.007251896906862401,-0.021405595104965043,0.12580981330456276,0.06232431323940477,0.03636664676568668,-0.04960534437282107,0.1312181521182422,0.03220762480288435,0.11471684542191583,0.1668392091734426,0.013619867037208785,-0.01085195388225692,0.1204131726303944,-0.009275291165480183,-0.003568861936698715,0.10907181627253627,0.015327270100747449,0.05955029846418973,0.034192590976269324,0.004377710498322558,0.05110755519996447,0.012356366949826303,0.024028928145339797,0.10782817675706965,-0.05841559913567114,0.0314157072272884,0.013387480162157638,-0.03215586205085154,0.10053164912450842,-0.059184969001950735,-0.005352252396956866,0.02937402831192211,0.05550407566009125,0.08586119217982398,0.07802683298632894,0.01865443109967563,-0.05145403429231814,0.15165837795900813,0.0780675441281502,0.16513879670795353,-0.01623263336434653,0.038953834777417096,0.07837909043429593,0.0030341215939775853,0.09681871217424773,0.006531299594605929,0.0686678970927395,-0.01628839651641933,0.03035889447530611,0.06383254487064872,0.0019884008602880448,0.16300832103412372,0.2916791275087103,0.010723395571880425,0.1550910242539406,-0.010544044303420248,0.09917127066241972,0.06270220961490088
12,-0.046376354807197866,0.05795337109468518,0.08003473074580186,0.005787063554840333,0.01456408267089335,0.15015618733590533,-0.016532521939062583,0.023203855739109276,-0.03154077023864001,0.07233192006069288,0.1709631367177121,0.012894804631978339,1.0,-0.00415871890219325,-0.043306088184576055,0.022142133405259716,0.03718749652743055,-0.04149463431191603,-0.031720141711140834,-0.0014868355522420931,0.024375710298302586,0.22930062703240028,0.014047424944514645,-0.07655131169682615,0.09620840871965983,0.10058399779371872,0.054125937846309896,0.31850360793655147,0.04302157488476114,0.00565408055957111,-0.031655165516551675,-0.006913135758020249,0.1115036756200873,-0.04569951944689416,0.02347349886503802,0.021885986578455856,0.03262865680507444,0.0840755792750993,0.2024236363030243,0.017391779581998626,0.0637904598540663,0.15309698646632336,-0.0011384168719902306,0.04095769172876882,0.05269931033507387,0.10873646960655653,-0.031117697628348717,-0.03960191978793844,0.07940396059808005,0.02424488913537819,-0.03784340050166632,0.006422702876348247,-0.06312936344139465,-0.01929360612828959,0.01576460676370667,0.12148552228960278,0.005018340217860168,0.03769011244558799,0.004270265410379421,0.07346655877708975,0.038387636743472335,-0.052127172313190945,-0.04709357804467316,0.2650802049901958,0.037683586540472255,0.07724255253808202,-0.03246177142966822,-0.01851199261340275,0.10743282409048993,0.004477841723566298,0.31352228152108147,-0.017866150251388768,0.004800176987395709,-0.016857705972617484,0.08231667611205572,0.011784289540065114,-0.04519322639334641,0.03512163337545876,0.02541583451274419,-0.01486039513042214,0.015838169675553418,0.05764507763907691,0.04879362683743122,-0.028810274966890592,0.1299452773560184,0.06278708678948706,0.09599848873776261,0.08085196398427716,0.03887338228772373,-0.051321556398064024,0.034004511562267296,-0.017034572144083084,0.09678287020621262,0.031178289546126347,0.05558751834779432,0.04003418523670547,-0.03476820409313661,0.031028900869884947,0.01156182284895155,0.15142677904154042
13,0.17736848432317961,0.18769321376582088,0.09476830511333963,0.008796758463725159,0.0049428579221558475,-0.030817364564739262,0.053486560777289874,0.08133690136690445,0.05190183664831132,0.06590921718434474,-0.007158978524115034,0.05173648677999113,-0.00415871890219325,1.0,0.03645675678678977,0.08598484090833335,0.007275353798006058,-0.008098587636541437,-0.09029161502008798,0.12605907055351992,0.03257453018029076,-0.001956195619561955,0.14574336221500933,0.05302564599894331,0.08164341686693913,0.00868199951308261,-0.036237502538132634,0.06563007815933108,0.18983340758318282,0.04705884729887128,0.1712934727816215,0.17748300082533514,0.06693154163901244,0.04803421756317043,0.15049001869883966,0.06388774230958451,0.096410024840868,0.050987785647251635,-0.03540131790956874,-0.009346490204576003,0.03652213706219104,-0.003924493459446957,-0.015628148673453194,0.0030084826664484626,0.0819934720744802,-0.01830906322955527,0.1417684394702096,-0.07923772175197308,-0.022488430661247942,0.038468069029125106,0.2877763533929153,0.10923106452059352,0.03949502020909162,0.04211823202522275,0.03703376398245887,-0.010179300758358666,-0.012810695210935235,-0.06061398058997824,0.18276938804991602,0.026185062950739517,0.219649136630835,-0.08902221535284849,-0.061610181220142175,-0.021147205629653873,-0.011469086302569645,-0.03623764396641682,-0.03175705449332812,0.030008455390993668,-0.01708690060925283,0.018392021020283866,0.030213384974861146,-0.11318564179650288,-0.08509186272162575,-0.0241977733126848,0.138105507520449,0.08397670070037298,0.048039612042012306,-0.030398959087827995,-0.14264907298810692,0.10061268753137942,0.13902101321243215,0.05274866880627453,-0.06149730124527609,0.1321383451476462,0.028704931099170505,-0.038360361288654124,-0.029119214951798245,0.06621500533891767,0.041521121809150636,0.004825977547249677,-0.07420915828956635,0.1674311269510791,0.08044850949741444,-0.014947656381799786,0.07660442811957964,0.07860998221034234,0.23553401804826937,-0.04303951607281942,0.014815360323911182,-0.03152579904455091
14,-0.04301674611905633,0.11255525552555264,0.0501375188023853,-4.747949542429064e-05,0.18627278889505122,-0.12286428642864279,0.00308881393189824,0.033387055877304866,0.11330668420377399,-0.024654202794016766,-0.033857102882005385,-0.04232015120703993,-0.043306088184576055,0.03645675678678977,1.0,-0.031047690627648623,0.01695844331907937,0.028374110138286543,-0.01047510811687229,0.17267528773079333,-0.05117721873197424,-0.06380302676732322,0.027983343788924347,0.023372135193317278,-0.010506687032339613,0.032081389957177575,-0.1516123329504669,-0.04746971666863658,0.03720196262050451,0.12498922619534682,0.02226216561050045,-0.01720448812558023,0.11347601426809349,0.08383165589286193,0.05694365396135571,-0.011114444777811119,-0.02980968803951103,0.10927834197561175,-0.06012001200120014,0.1488419144944799,-0.01919846530107555,-0.13036394548545774,0.03765507863917706,0.07122465781931728,0.05134157860230463,0.005828542450204615,-0.0015006551160166525,0.0326966029936327,0.05939313123231513,0.03149395747655571,-0.012212049487777054,0.0038724882589269097,0.04686973747879841,0.07084443797915148,0.21128916932097258,0.0277545936411823,-0.059109567522408805,-0.1953589500364178,-0.006737805093640676,-0.03231181704028991,0.031105130715091734,0.1491698260735166,0.02798714214855827,-0.02401488633711856,-0.0173416533572549,-0.038163654749313346,0.1167010842498391,-0.004559688292061529,0.018997778565735368,0.051631445972880094,0.09452300785634123,0.011271652417767026,0.05020807131218173,0.07069218032914397,-0.014177114681165087,0.09655743352112986,0.02168111760671018,-0.00959570704545202,-0.03175178123872994,0.10835325956838113,0.04791368025691451,0.1737534763577367,0.037377353897005874,0.08797598951814367,-0.032730283129323016,0.012152447567989133,-0.05000380846165419,0.07258721831779144,-0.008731236760039637,0.1550717293951619,0.015424835412834232,0.0060662631919757674,-0.018148723963305392,-0.04482302775732117,-0.053398329731963116,-0.03861107322853494,-0.00882550881350761,0.08173037505770782,0.16077979515123228,0.07667633430009672
15,0.10571814757233304,-0.08567862846890753,-0.0019241722152013212,-0.045968273595036274,-0.023641798523286687,0.2144622947143199,0.10926995729876024,0.00483046284426422,-0.04252384834443041,0.1502590056985496,0.04520346984193367,0.13167884465214208,0.022142133405259716,0.08598484090833335,-0.031047690627648623,1.0,0.037708821387189215,-0.05133616391942227,-0.008978251360489593,-0.09304825432038147,-0.04994097389536932,0.18257506558736694,-0.07548724569426637,0.061091139416972064,0.016021864812743924,0.05705168496647645,0.28514776730198266,0.1514712481349146,-0.024787165585245415,-0.08665553424029274,0.08883163063781126,0.3265403308007564,0.025349262198947183,-0.005213329413749456,-0.03685990821304354,0.10614960485947592,0.11225688225388203,-0.01504613087571385,0.10416362848406054,0.012283591995563194,-0.029713031909251533,0.12887490769278942,0.15883388338833881,-0.14995000510152015,-0.035675931229486584,-0.009136812671166113,0.04649915496600169,-0.034469830821466006,-0.0013316281123061794,0.004521037962382098,0.18083450769319373,0.028426034522644174,0.019790787159524037,0.044298793515715196,0.05516365777991943,0.08235409399525806,0.06743355143595166,0.029908425185952946,-0.03355452716988867,0.03196121632365256,-0.02184721502453274,-0.0007226379203576926,-0.03263120251419079,-0.06502900795130016,0.12980114173033458,0.2655214208289518,-0.0879918698940601,0.1468796172546547,0.006575263586964757,-0.08822013514482771,0.014319916840168864,-0.050148550208556214,-0.07195299327912588,0.04544466567868907,0.38311930182917286,-0.05472278540985408,0.09656535350504748,0.2195510864217735,0.11313327292325179,-0.012330889654622028,0.002036425864808703,-0.07255749817405985,-0.018518356886193667,-0.07246397367009427,0.11810676017096655,0.030257995496519325,0.0350608192132344,-0.11117012711372143,0.12336556888012036,-0.004544858526256667,-0.02309986554210975,0.04835188569361984,0.3930623567407249,0.07531393543394733,0.1897589961016303,0.3706937764483517,0.184995368223691,-0.05138146137846112,-0.05177107609750872,-0.06175070032255744
16,-0.023157366241674686,0.04013455891043649,-0.05333965719804305,-0.003488833731858036,0.0005108187586435423,0.053566467757886906,-0.04594944342919138,-0.06314215259909826,-0.0438020165652929,-0.0009459127730954903,-0.011934749030458611,0.04769000132336463,0.03718749652743055,0.007275353798006058,0.01695844331907937,0.037708821387189215,1.0,-0.0132671246922672,-0.0960019638327469,-0.056879263683944116,0.09044866102771897,0.03743287460059137,0.0982400866349261,0.10563335121390914,0.009704424987953342,0.01779749692140933,0.0443864184398238,0.02816911994229728,0.07598091122243535,0.044048505860687114,0.025139584665537257,-0.01682176298437924,0.0787656543432121,-0.009928103921503268,0.07486096084355916,-0.03015154040656592,-0.06971183987085579,0.0050756792851002226,0.02224198177393499,0.01301792805543181,0.07343687904143949,0.0271963762032769,-0.01876896780587152,-0.07952728606193957,0.03181299948176636,0.019592242052488072,-0.03862458973170046,0.01515242433334242,-0.06497172949618191,-0.11582986581486428,-0.09338091384896058,0.056579173068822076,0.2072708280929103,-0.011148246137745092,0.01124647818317186,0.005567324409208591,-0.009083433595884838,0.02080058510901598,0.06599280130033205,0.0036741451922970075,0.08305927562453211,0.05869714244151687,-0.00280807878767675,0.02872355922460935,0.04060401999795943,0.0730480926880566,-0.10914624795812909,-0.014461668389061122,-0.028122610240822056,-0.03752140870652722,0.034894964243899144,-0.038629216456999224,-0.08756008934226761,0.16273795056273294,-0.028701435800145655,-0.0003489439853076225,0.020430608717437387,0.06007174454819226,0.03869520285361865,-0.026216803498531685,0.08471467348755075,0.008104103339626896,-0.05368260058329064,-0.026360737083809385,0.021604241232204044,-0.024145303419230827,0.026279880513303856,0.0405113036556181,0.007353947515963721,-0.01921741669116407,0.034006632986531,0.005042039557491103,0.022524858546460694,0.02667953664053275,-0.040093867972655885,0.003376802326697317,-0.10225016441038053,0.024151708100102927,-0.017982262872751897,0.008619346783163164
17,-0.06908244359789516,0.013423584782720707,-0.025364374821320528,0.009836215944826806,0.04459005496509249,-0.046684830099171515,0.026836178567351703,-0.020926254241585764,0.0898375494115068,-0.05745233109169501,-0.03342800946761345,-0.0611378511588533,-0.04149463431191603,-0.008098587636541437,0.028374110138286543,-0.05133616391942227,-0.0132671246922672,1.0,0.05169624033110382,-0.003892025566192979,0.05560511606716227,-0.0291291351357358,0.02985336917530139,-0.007135622653174416,-0.08059236226652965,-0.018082192057589607,-0.06063517462857398,-0.04562985591488443,0.025419107567322404,0.0007049795888679779,-0.04571443002886146,-0.09037919953611541,0.019589615527209298,0.0010819667825368402,-0.07406189103758855,-0.05172923352941351,-0.05731597402164453,-0.007272989925255159,-0.03430334952687187,0.007536066737986917,-0.018916134037646196,-0.05610423668629494,-0.008848117134945816,0.07945481416828552,-0.008390940104111426,-0.022578500274269872,0.025650443832261997,0.20319607718347588,-0.041603534090782816,-0.016540643963386246,-0.06490560167127823,-0.22055704560355033,0.008876726056444033,0.06993428635792873,0.010176613620958057,-0.016488254886094674,0.10434736402933222,-0.02466608276989316,-0.04436558807395888,-0.051634436170889815,-0.03739218366281071,0.05173691106484391,0.02280242165630702,-0.04679330559318561,-0.038713467306326584,-0.029445348575261585,0.09737626287881324,-0.047613387601386434,-0.02633932080076694,0.0981414303046466,-0.047783626847533185,0.35512236072092107,0.045779345611328806,0.06636279789595131,-0.04052275934664169,0.00938776705953423,-0.08864670305414378,-0.00897303871801321,0.04756136219682575,0.039438469099435214,-0.07328551036921872,-0.006563787691900499,0.13681598462876585,-0.032840193110220114,-0.041725465475840495,-0.013486479961127425,-0.02167812740870046,-0.026989628255754877,-0.04651364126311622,0.013755193701188299,0.04269008719053719,-0.18169758389980428,-0.03829069775664441,-0.020210950387968083,-0.09901414383862633,-0.06794503692793515,-0.08262723242021175,0.019525871779097093,0.009037833076236915,-0.00019470633932080046
18,-0.05970738487990209,-0.12287400457217446,0.012575944463133183,-0.0021090391867469574,0.027340956317854014,0.02701104453879728,0.22959924275255827,0.01913316584183671,0.017990485917278587,-0.009605101924333833,0.028182515221219104,-0.06353469690403381,-0.031720141711140834,-0.09029161502008798,-0.01047510811687229,-0.008978251360489593,-0.0960019638327469,0.05169624033110382,1.0,0.059583715947352414,0.10041050569703433,0.013000471764348154,-0.07058596768767783,0.16425737523247275,-0.12385185993346806,-0.025188559259966405,0.014439262108029002,-0.04770842740839739,-0.15377608467917506,-0.036787193870902235,-0.11965354111168684,-0.04168671412595806,-0.12152205119501842,0.07080011031406166,-0.10282315100196884,-0.0004987771504423164,-0.07398168099638253,-0.024052405240524058,0.04461700715526102,-0.02173011240517992,-0.012075086296508447,0.007158069342287766,0.008229125942897323,0.03131333335353743,-0.019984099420043026,0.034015138887626147,0.004510572269348148,0.1924758334419301,0.01602311746326146,0.05965414723290517,-0.034682458144804376,-0.04141199978583713,0.027965847089759494,0.1312855932057851,0.026696649462926082,0.07145548898324171,0.2617695911005243,0.011560408566109124,-0.0670910727436379,-0.025002257801537718,-0.13098400749165817,0.013920442549305422,0.0745764273397036,-0.009325437594264472,-0.004481175390266294,-0.0058631721758034385,0.057882656952563886,0.014945029856520988,0.01982875055182286,0.0786204479033762,-0.004815006753200574,0.0427447391203767,0.09276159939226239,0.056258050047428974,-0.0340900756742341,-0.03481166298448026,0.006613833100481767,-0.014892660983270042,0.08338714679548762,-0.024478124580134784,-0.21281398846955404,-0.03208945136937936,0.2526993911512363,0.11511668338551025,-0.008911800270936174,0.028961684047192623,0.018636489911617437,0.012363599996363286,0.005612924928856522,0.11593118907850393,-0.009478725650342813,-0.01708718346582133,-0.0007883616644492726,-0.04026772374207114,-0.042627656705064444,0.022778883949000968,0.019466047614862488,0.0009199909889978892,0.014079791817565586,0.03912999380746161
