,0,1,2,3,4,5,6,7,8,9,10,11,12,13,14,15,16,17,18,19,20,21,22,23,24,25,26,27,28,29,30,31,32,33,34,35,36,37,38,39,40,41,42,43,44,45,46,47,48,49,50,51,52,53,54,55,56,57,58,59,60,61,62,63,64,65,66,67,68,69,70,71,72,73,74,75,76,77,78,79,80,81,82,83,84,85,86,87,88,89,90,91,92,93,94,95,96,97,98,99
0,0.0001529708809732183,0.004372656394298319,0.005308823785360017,0.0011619693343736248,0.0031659019158203072,0.0003247389449483294,0.05612613170975719,0.0008028482329165246,0.05637737033852896,3.959333096915014e-05,0.0017277075178096684,0.0004988296059981629,0.00031867228793747084,0.00020692436887246335,0.0020022834360758366,4.865734147741657e-05,0.2322421931513467,0.0010560852382469421,0.009692238825850885,0.0058401657073749195,0.18619573445183,0.0006237062045229579,0.0034256703491460016,0.2255151402432725,0.002706327792175989,-4.973715100907878e-05,6.181425696990563e-05,0.00016223216178688242,0.0011954919254894116,0.0032784119916588325,0.000329501544578839,0.00046855302489422316,0.0019486186299817884,0.004720983871571647,0.0004176724297428809,1.4574708897786875e-05,0.0006421144671619299,0.0009713904387034555,0.0012596255321719572,0.001083359815349269,0.33581797415575687,0.0003103761607550111,0.0007703491512637526,0.015943457237522038,0.0009220756416358401,0.0023786106503559524,0.0001974394070116505,0.0013737172814307435,0.005104132903515906,0.0007070990878137229,0.00020743308778480433,0.0002229779470192962,0.0886974049750192,0.012507337976435821,0.00636710999106737,0.0010542730626711006,0.027210398768478035,0.00022609625287113618,0.00019329723647463297,7.538594907407218e-05,0.0002717099125771234,0.014488566980007318,0.02115630458391068,2.845629161678671e-05,0.00012684965305088375,0.0006798386475123298,0.034458211312823395,7.950404346766476e-06,0.00037598598380123184,0.009561028022157539,0.0025419292571645814,0.0007816082284483487,0.023752579659931123,0.09211144053658239,6.116815755167713e-05,0.0013727871330132704,0.8488933322347118,0.0004700308105129349,0.008770739597467193,0.001900926538368605,0.0008025444937428122,0.0018542576280034353,0.011746680489356884,0.012420141857825251,0.00012111998099583885,0.00012932942832139774,0.00022572729402551295,0.0013970230407967018,8.894762465435722e-06,0.0038624482661857073,0.0021762403024783838,0.0001656237378180009,6.529940999230883e-05,0.0004287965169302861,0.0006446601343582908,0.00013342237201771065,0.002011732366925608,0.001128210862463697,0.005745325741263236,0.005379448482370234
1,8.500908984102188e-05,0.0023530002826163063,0.0013628260782512641,0.0007431798129543671,0.002460067390415349,9.935256099108392e-05,0.007500734167260603,0.0007850888593934346,0.04045237570374696,9.665519371878512e-05,6.386884565643021e-05,0.0005288032428694255,7.346051187768826e-05,8.373041117295263e-05,0.00094886731524017,8.736396680783725e-05,0.3248112199305878,0.0006899546883497307,-0.00012637477795180948,0.003073270400395127,0.09157442923236092,9.611184557137185e-05,1.2611249403625287e-05,0.08353263038342255,-0.000770040331321481,-1.7091728597807713e-05,5.137079832832565e-05,6.179263514771676e-05,0.0007262144378013181,0.0024640792653764154,-4.9894255203082984e-05,0.0001563587882330417,0.0006779004418596738,0.002349233383354166,0.00017921701648671175,-3.890383149509802e-06,0.0005401711988190099,0.0004925712376099528,0.0002208902140450829,0.000923658896862685,0.8103075720176887,0.00017232371126054324,0.0006430482739686581,0.011247456624061519,0.0007572059216058231,0.0009125160643721787,0.00010142151956600454,0.000741916408331829,0.0018406398227677238,0.0007023060016290703,0.00020187553505207555,6.917700925009841e-05,0.0025473539675902462,0.007530270254335632,0.002795236605056397,0.0005553620261877524,0.004930371968425812,4.7810095999282035e-05,5.8064618496169866e-05,6.338065090792604e-05,4.5920371903388335e-05,0.002995596435201337,0.0052758509603436175,-1.8078647918436007e-05,-8.345974184150226e-05,0.0005753107103691852,0.022413396115587857,-1.9692111226064838e-05,0.0001868021320704357,0.00211052479207505,0.0003085258578992907,0.0008916464913741537,0.022458704297052892,0.06139768039399154,0.00010197452769149647,0.0013509817418543043,-0.4643802345555209,0.0003866829819236717,0.007098414512505798,0.0015218062803881373,5.512685093564722e-05,0.00040979777179419544,0.0045022078193424925,0.004922779392419878,0.0002506171862408225,0.00014658648413623548,0.00022734769426105072,0.0008632506586181317,-2.3002783128125645e-06,0.0015842435775535921,0.0013908368394963478,9.842084649884056e-05,3.839455459144821e-05,0.0001656815876701761,0.0005799030476424321,8.708596035005145e-05,0.00023410475748672458,-0.0008130710200987503,-9.084715136327758e-05,0.000619062240537388
2,0.000583757041044469,0.00609695345106942,0.0094810503341059,0.0009333010374149575,0.006240759292356124,0.0005543721219518627,0.23194763423262232,0.0013235410867158959,0.03226817544625374,0.00010911592967628725,0.002331993906864876,0.0009194691106281239,0.0007856337067667584,0.0003606293838853903,0.0035543807143797955,0.00024146224294876485,-0.023754802347251577,0.0005784777502579059,0.014673187940279435,0.013356314295377309,0.16986290034857007,0.001056547075386958,0.003710869700584911,0.8874005828541504,0.002042807073286637,2.9399213072110663e-05,0.0002562308687430691,5.5612434536810785e-05,0.001431003825402797,0.006391578163108129,0.000739996448244649,0.0005145022326938773,0.005093588801663062,0.010840653531502417,0.0012751718517288438,-3.5691010274406e-05,0.0004983415065357735,0.0014041407211110584,0.0021714699748416853,0.0012428407747279479,-0.23806609973833803,0.0009543093528077362,0.00045979971398483793,0.01017673759689093,0.001647537618035804,0.007126729270254395,3.8417192032275764e-05,0.0016350910185042194,0.00576581292102761,0.00029552940803325675,0.0003515991099185118,0.0003446150380641863,0.06567223024431164,0.05257372169403102,0.013664798100477988,0.002096479289027395,0.02015772633838855,-3.857686028558539e-06,0.0004991264102028563,0.00014312320519838258,0.0007983120469113508,0.04358646126778581,0.04448400332396917,1.4588922599718277e-05,0.00021124497627269628,0.0011472622776728927,0.01973797925012051,-9.238088682162849e-06,0.0007089500577381196,0.013310234949069294,0.004091440622268137,0.0011481156430920097,0.010145532150613803,0.09715334174166491,-6.662533442801701e-05,0.0028137635648075115,-0.2139545586448884,0.0004972812886753856,0.03513458663721928,0.0032370416760488345,0.000952782085078916,0.003517138026417478,0.032700762798408306,0.02028254686493085,0.00045782866591741173,0.0002587109760905743,0.0005858322695926296,0.0015956346931291423,0.00012725446620119094,0.009602368677514024,0.004026296973758454,0.000157360656306102,3.747820205513241e-05,0.0005340906242565423,0.0015394075534130459,0.00026647291627689,0.0005972392368310645,0.0010074095954660815,0.012204618371640474,0.011032011245065221
3,0.00011772724936847024,-4.407831677053983e-05,0.0014969880660457152,0.0001640098865971773,-0.0011480152126995512,2.204784885671829e-05,-0.04424552771593869,0.0008088291916338551,0.03365232385949071,2.032498796597504e-05,0.00020946885633699175,-0.00021691122384281947,6.647902118372961e-05,6.511285254498511e-05,3.894860060016381e-05,-0.0002347804161729125,0.9001533579140645,-4.805832565589013e-05,-0.001415319005640152,-0.0028083938547982658,0.04367705074280305,1.678962118345977e-05,0.0007714335520486079,-0.10740421937035342,0.00037088386814200427,5.1226925308873496e-05,-6.880282085132327e-05,-0.00023512357029728903,-2.124184309180055e-06,-0.0014265156654260107,2.6236352969533468e-05,0.00025425377616249004,-0.0005736907513448867,-0.0010855565122655478,-0.0003730062828266636,3.8065374445630666e-05,7.82506378042155e-05,-0.00011418041955369216,0.00021786642545432963,-0.00010871924523479437,-0.40362599717110664,0.00018681654446989836,0.0004887707580017021,0.005010954994314213,-0.00018557571560203943,-0.00044237685248940174,-0.00017466649861028663,0.00031703419724861767,0.0014533267519354716,0.0006011710990371964,8.814258360811267e-05,0.0001250999587788836,0.04624880438981972,-0.011980895193672975,-0.0030272987204500693,0.0005079462051114533,0.0004971740481996721,-6.272279498204081e-05,-7.842219742045995e-05,5.467072695190471e-05,5.583047137284106e-05,-0.002073015281560069,0.0012089750248102371,-5.337568170851952e-05,0.00010096106592867497,0.00015135862152057173,0.01933411993347217,-5.5440358461518495e-05,2.9986871527295956e-05,0.0006705357581125538,-0.0004845432526867908,0.0005253678248050219,0.018572279243797795,0.035464810439329864,-7.055627571072521e-05,-0.0006121303616214392,-0.07667168301225911,-7.270495388592137e-05,-0.007154370739716117,0.00026395999036036167,7.300599290538298e-05,-0.00037464478402154114,-0.0020669183340265296,-0.003009432539092094,0.00012532905594718285,3.11275785762272e-05,4.6821312558597105e-05,0.0009382205041006494,3.9981139606986327e-05,-0.0015586347030752809,-0.0007151331508014828,2.3329635895469222e-05,3.638311964064133e-05,-0.00011178417259186411,0.0003754475650261518,0.0001559244110860966,0.0022484112377514835,-0.0001433032516412811,-0.0005663849188423653,0.0009010453871716918
4,0.0006174003750508816,0.007511417344983853,0.032703204247662265,0.0009464165435877359,0.020936787191437736,0.001347422716774349,0.8405713904464515,0.0004643843378078216,0.019023973605821087,0.00016788838446274434,0.0030766134643569407,0.0018769939412538739,0.0007620550395939785,0.0011359168437399814,0.00878217557283939,0.00027792286868566496,-0.020120852010798405,0.0006698946888801508,0.024925754566563024,0.04588704970252998,0.24064629958238157,0.0012216521787012892,0.007590144356638332,-0.32439537280813946,0.004545979556922786,2.281444271148611e-06,0.0005936011927516357,0.0005258707333277103,0.0033840118520690535,0.01501419405919328,0.0014938838745602318,0.0007952844751889669,0.01259575692215848,0.03253135834103887,0.002837231372390257,-3.466637791527268e-05,0.0010743574035643794,0.004687684931922779,0.003938471067350093,0.0034182755319581213,-0.020126966963446142,0.0015083407246629214,0.0009688666922927951,0.003366239333447949,0.006468020925210311,0.01146060377263913,1.8642028504361234e-05,0.0014462571805267032,0.014902859910236418,0.0002936299662514131,0.0007125893968039235,0.00035726685371165916,0.06904175961538798,0.2320003291765521,0.04073068803702989,0.006349661213280021,0.027279602740577388,0.0005281324410521036,0.0006360454165737501,4.97339321049243e-05,0.0016650021504544012,0.07180524872272301,0.08645114108320696,-0.0002513454798622378,0.00022006180909247598,0.002473339562147683,0.00861997622971737,-3.8726423234904895e-05,0.002310847227866332,0.019840434869668428,0.009225593423934331,0.0011584300194144724,0.004316415510783438,0.0030403599659661494,0.00015690036846453007,0.011895536589851373,-0.03209592880614156,0.0013224933242506353,0.18831272305341998,0.0099206573169722,0.0025059667923424305,0.007630811257155786,0.08440776222470629,0.054653039940110004,0.0004931467921445217,0.000999529505784849,0.001088206206230156,0.0017684926090483291,0.00019506769193316338,0.021164201357735776,0.012434545888569567,6.531149430828786e-05,0.00032747413079618054,0.0017291383722349636,0.001639229356157341,0.00031221670322290334,-0.0004637983290186667,-0.0009500726778139454,0.028125350385946924,0.012346032599686429
5,-0.00019253671070946943,0.0016324826356166854,-0.003579855967755202,0.00015918504064134364,-0.0003749031911631298,-1.878925227158379e-05,-0.30429643837916603,0.0007572520795203902,0.057467604681521,3.850051923504072e-05,-0.0005285094069173435,2.4355592871116993e-05,-0.00032243658698008493,-0.0002604781959196223,0.0005144000498348289,4.844597191516753e-05,-0.12561598378649536,-6.396500118275119e-05,-0.008629909140818758,-0.0035930398608467404,0.9222159160859956,-0.00035252783370644437,-0.0019269923186273023,-0.14003680911729058,-0.002025058522533419,-4.2342272304874215e-05,0.0001032036005371385,9.86039498491949e-06,0.0009696569084934367,0.0022490593483889044,-0.00016099526687615522,0.0001987796096487379,-0.001733491729107453,-0.010643202822797715,-0.0003915469919010085,3.7778527023632014e-05,-0.00018289166328735486,0.00021029265934218984,-0.000923914435495983,0.0008859700146062268,-0.08645097491265791,-0.00017354253484962043,9.436511144988755e-05,0.0041913158248763575,-0.0008574210099367887,-0.004130388327031958,-8.625079648762956e-05,0.00011354581487257558,-0.0025867630237586224,0.000490829880522024,-3.7073064036241034e-05,-2.410731535508355e-05,-0.013159818247777615,-0.037180190826350656,-0.002740275887306401,-0.0014807123004335376,-0.007381124452354015,8.570450895709682e-05,0.00011196990871795411,-9.5642372989694e-05,-0.00019855442295530165,-0.020479797327596232,-0.021184752641764348,-0.0001711393093524512,-0.00014181707565720557,0.0003831119607174416,0.02009783265142902,-6.643603682201648e-05,-0.0006262047691791782,-0.001420676210310934,-0.0019588053906251612,-0.0001244487389077436,0.007574583223843328,0.020557169917717916,-1.976957372244433e-05,-0.00035109490153129334,-0.07958610990448971,0.000834396969192992,-0.018299415894051707,7.672534040683004e-05,-0.0002904545903610284,0.0005763930807179058,-0.015030898181436452,-0.00991443009067309,-0.0003007419827755967,9.608621195105253e-06,-9.257246527120366e-06,0.0007251581983622975,-8.93641675815605e-05,-0.0063594944843012105,-0.0003014409370999866,0.00011619036915003526,-0.00010894981752937725,-2.4466096024576724e-05,0.0002874454890326414,3.8941316290596557e-05,-0.0010235304152706093,-0.0002983721824255088,-0.006335753197755771,-0.004626835155215078
6,0.0007291941640442928,0.0032971253139118945,0.07065754630821824,-0.0001552760224280414,0.038153089882935115,0.0008335082999626486,-0.31249222951483363,0.0003123829584012472,-0.000701695288219395,0.00013630323662694455,-0.0005284507168804714,0.004865449184479204,0.0004936125846822237,0.003473561507834731,0.014026440169555843,0.0007830032068639053,0.005930115302980779,0.0013337877931994977,-0.00929303252138685,0.0903736428747973,-0.05818956178384714,0.0006865058509069042,-0.0008582877240909056,0.027224911927419645,0.004555294168854439,-3.3629179445546895e-05,0.0006052220111302488,0.000490850761872017,0.004855277795715696,0.024255288750159466,0.003454685227982818,0.0010588823018756865,0.020528677174402665,-0.01057996651191181,0.0016153876049963343,0.00010353064746511592,0.00327758010109993,0.012900625751068486,-0.0006307506069158948,0.0056608233172697,-0.0025709610098958724,0.0008695415411040882,-0.00015326091212672206,-0.0004111615072307664,0.0214936983973056,-0.0021662882646460413,9.035671494075776e-05,0.0004785544565184199,0.01709194980512175,0.00011176428983534847,0.0005082199597152624,0.00039270570977190285,-0.02617710987590317,0.5656362192690555,0.0716714825267606,-0.0015037648557397407,-0.008180736043514332,0.0005036020039710335,-2.2867423215522275e-06,-0.00010591007731161275,0.0013701984193844646,0.03233262646361374,0.015313210713649378,0.0003204682916284529,0.000490357535544581,0.0010097940822166229,0.0009229119463930622,5.10042828914775e-05,-0.000538721258010123,0.0002991040441342807,0.003349523829700239,2.4893857973417688e-06,0.0009440808663322511,-0.006152240597551076,0.00011655397834474987,0.0390638415696618,0.009830557198708446,0.00010846321665265396,0.7402581925275444,0.023518900824007025,0.002449264398346143,0.013817521912585475,0.013052237360270903,-0.016022696065099803,0.0006568145661233734,-0.0001008649241083733,0.0017243880666620985,8.839982825693005e-05,8.71174830215397e-06,-0.004683473391023112,0.02041266998816501,0.0002235260573791491,0.0001629404357947251,0.0028188977291513447,0.0024505443465524792,0.00022620658476494532,0.00018877745589018026,0.00019555935539551607,0.05044033539139853,0.011112880051937793
7,0.0002932844198163837,0.00496052756377767,0.012876211054061837,0.00013245359774421983,0.0003514660243706669,0.0004740512251994178,-0.10541797348049742,0.0018634327587771899,0.0690575206606529,3.64299818516739e-05,0.0027042852544733598,0.0006970546474632244,0.0011917325180355043,0.00037329482331813213,0.0010329411372846098,0.0002574289882846803,-0.09786899041276757,0.0008646814219176666,0.02082758966743453,0.0027079148123184443,-0.07523481320909943,0.0014586281777145388,0.0037170205915232216,-0.10881992276775289,0.01480375701074095,8.786062944213642e-05,0.00018531878052427509,0.00016831221781531992,0.0010664141725529085,0.001999093408265438,0.0007093122120259,0.0008024250781692424,0.0024293397780504214,0.014965094463078128,0.0005445967679551806,4.0718884135138717e-05,0.0010469322449224387,0.0013772723359616948,0.0010863757470109647,0.0011069483922151332,-0.024329699435718673,0.00017041110579653297,0.0019830500168961543,0.033545306140116506,0.0008164283213887632,-0.00024174030520948605,3.790201519734813e-05,0.002386900403640137,0.018857360106997057,0.0011599873797730467,0.0002897426962311274,0.0003465136554232257,0.8285046510647206,-0.022312197924801293,0.0068582746170361055,-0.00019468042326557306,0.04547699614486027,0.0002782321804178003,0.00030553938309995553,0.00017640995054408876,0.00040340453931224493,0.038494473604061795,0.0495090761301223,0.0002124036770109408,-0.00016278663157753977,0.0004474183335504312,0.03177840893217779,7.994457322032925e-05,0.00039033960187432855,0.013039127996185972,0.0018287569726634458,0.0007758658549500735,0.04100423604290852,0.5035124268734505,2.523452284954519e-05,0.0020680272508546383,-0.0641678140993267,0.0008460546760848829,0.0005709150046624475,0.0015034340426875806,0.0007378023987880222,0.0017485680265502631,-0.005496889132279229,0.01119065442761974,-4.73613978760123e-05,0.00034904632764028545,0.00014038094936314656,0.008093510194564672,-6.978921144155611e-05,-0.002119448846745294,0.001259847538568057,0.00013779649499640078,0.0002287859724561234,0.00030286556982464996,0.0012921819362998951,0.00028022680386524245,0.0003182708804943925,-9.535397130429678e-05,0.00391959645449044,0.009964151975250836
8,1.1384912509159873e-05,-0.0017829196652246145,-0.009255455012798617,-0.0007707811488198157,0.0022064568006261924,-0.00017915926515603203,0.028145831427437863,5.792822526458916e-05,0.10347172866011783,1.1426580748515394e-06,-0.0007649976373445312,0.00017330212043323648,-0.0006777670038792122,-0.0003234889536990193,0.0019185182966241776,7.124908544140982e-05,-0.03241182264615109,-7.315357434367086e-05,-0.025376257872953417,-0.0029589985146843568,-0.04262501053721191,-0.0008755092219855657,-0.003204236199925871,-0.06379204302313728,-0.009104278715152868,-3.0158042670892568e-05,5.1737305543170025e-05,-6.474858088072947e-06,-0.0006193455382577408,-0.0015617235740870723,-2.181973753680958e-05,0.0004913560489449045,-0.00023147866407514564,-0.0006882579755779817,-0.00021817625143114158,1.0242693508702438e-06,0.0004766664986235363,-0.00044631955307520383,-0.00031776886235810085,0.000557523185744376,-0.040168285025886534,0.00017483250142881794,-0.0010558797283685606,0.03399542333652658,-0.00021484035302545565,0.0015342284773862734,-0.00010294325459995484,-0.00042293627063721127,-0.011664790021545565,0.0005007001768668674,0.000161801668555615,-4.644231055570035e-05,-0.5267370136721405,0.011115387804617186,-0.0046804336342897,0.0003362389551140851,-0.03710869965582754,6.747390248660359e-05,-0.00041868869676313033,0.0001674452115285209,-0.000660344276494878,-0.0017320086792535876,-0.03027869998095569,0.00012443370741095476,-0.00010674005057395314,8.477828220011162e-05,0.031059836056136676,5.098666178602945e-05,0.00024017111389224453,-0.0042379545252580544,-0.0005896316921208062,-0.00012663114547524197,0.020518623569364347,0.8344648547033051,3.8851487120190875e-05,6.66055607506412e-05,0.006800605580642088,-7.97291663228901e-05,-0.0071156487488188945,0.00023902393275308928,-0.00035031791096989647,-0.00079805659274978,0.003424072618404281,-0.0002342197599089794,-6.153096032869934e-05,0.00018657865278513255,0.00017615751796045477,-0.004603695321626462,-0.0001316753220468891,0.0009053700531194087,0.0014343314173315062,-0.000267329090375062,-0.000190178243799485,0.0005846632714160336,-0.0003391359911565603,-9.636573710891704e-05,0.001545834311830148,0.0009472824161722915,-0.0030158534887130095,-0.005262300211765252
9,3.8197298965179456e-05,-0.002835923918732004,-0.025919144125116783,7.328691906866892e-06,0.05002275230946303,0.000870877583821603,-0.07828635163024888,-0.0002239937995485268,0.003585968971343237,-3.4248023812428335e-05,0.0004442313871924064,-0.0027745888116024256,0.0010384370923883363,-0.0038426406310620026,0.026744449042911428,-0.0001544415063802762,0.0012089588243192062,-0.001054923340290552,-0.03174295883592723,-0.00992894012730814,-0.006376991353112286,0.000557562007350959,-0.002044250185897349,-0.0017707292043315503,-0.0015638165563450588,-0.0003071663904850052,0.0007460388266711704,-0.00011362341812948349,-0.0027791042194877345,-0.016362666749880406,-0.0013639883013031803,7.90582208095407e-05,0.014104311525183667,-0.0011238149780945707,0.0009261155292855068,2.1479676709780255e-05,-0.0021551035170851857,-0.0107237771170501,0.0007898865196563963,0.004721142388146296,-1.3205590242856835e-05,0.0002422644760804813,-0.00011202659447289765,0.00018759007532433147,-0.01972081087589888,0.002407338266054023,-1.015605340146282e-05,-0.0012453048650288515,-0.004502096843465043,-2.54265216240359e-05,-0.00053624767229217,-7.799851898274135e-05,0.016280067971579583,0.7665444100212909,0.05184149119490636,0.0008291628030819859,-0.040374306000290044,0.0005316452354795683,-5.032977901846944e-05,0.000381608844568323,-0.0007139393342565876,0.033163613147011835,-0.0031503642651905684,0.00010208626949099672,0.0003615141487354522,0.0006663058714129048,0.0013658558079962732,-1.5779374354315395e-05,5.074863355700717e-05,0.003518295247599078,0.005118279712061736,-0.00017265683085273317,-0.0004967172222402408,-0.0067979248555758275,-2.260878707534275e-06,-0.03314956069904518,0.0008325139975299961,0.0003370236938026036,-0.6250655095282467,-0.008038484187509881,-0.0002826654022186261,-0.0024327214817976735,0.035752383283649054,-0.0024240151060903794,0.0008401333603933062,0.00015216232304622585,0.001529425880771576,0.0003217504300232785,0.0001286587847534981,0.005245142034110328,0.02802781371739622,-0.00014247416841302058,0.000213458784752831,0.0026751498606245373,-0.0005656283361888323,5.627559330539152e-05,0.0003372435823977664,-0.000287633050955014,0.019268180292748537,0.0031494057513927042
10,7.171358634683209e-05,0.01046151266610683,0.0007092929761046808,0.025602324300043673,0.0043750525226174015,-0.00028048772723825686,-0.05236727229361422,-2.9840463104856274e-05,0.014233913531756258,-0.0002026201564573754,0.00011054733606964684,0.0004664445927163169,0.00022080134388198502,0.0007325208280754836,0.002341011162334289,0.0002799923827417339,-0.005818836921199055,0.02455968439446851,0.6059430821062955,0.0059386589668904005,-0.011188475091177931,8.693825818651031e-05,0.07020570843598432,-0.01780690820466041,-0.0016765677070464235,-5.2540740751474274e-05,5.5807015458942885e-05,0.0004646616329886657,0.0015918030978801165,0.003156954488135747,0.0006106964073248761,0.00010768389352834237,0.0013435570009294128,0.0046130879250018625,0.008768303202012622,-2.070933368687397e-05,0.00029130448033917733,0.00016497444585696292,-0.00015130623012224974,0.001003589003681641,-0.008521611801886528,-0.0001481805921742744,-0.00020974444229516858,0.000782335207095624,-0.00040957234823403577,0.0009411857258836242,0.0025272136386844998,0.04565056843543597,-0.00023829410531252867,-0.0001579189246904084,0.00011112164277288228,0.003713144388530395,-0.07598084675811756,0.03153043617559377,0.0037385509240088627,0.0004996080166009604,0.777928558359568,0.00013307698896029203,0.0056837857483689165,3.383986044975436e-05,0.0057577369370115095,-0.0021314296515142824,0.021332329803232127,-4.561124787626561e-06,8.289792047005799e-05,0.00026116921265302833,0.0070576952869079515,-4.383058639851993e-05,0.0009171691280387907,0.06299182013185169,0.0008672182623601183,0.02559234712808535,0.02437309026119305,0.002333933943729171,-7.94350934044813e-06,-0.001086225021165288,-0.013096657592100686,0.00044010530789214287,-0.03525918755148971,0.001232264880744502,0.019828309872326318,0.0009772216713999846,0.03271632759993292,0.010591969335191857,0.0003814549281612907,0.00029570662270388375,9.123265260915054e-05,-0.000494816024548063,-8.758237430447121e-05,0.0007877195243372311,0.001790677977570803,0.0013186023599123329,-7.700660196686363e-05,0.00013102855944976174,-0.00020272034134239184,4.612208582539367e-05,-0.0001311475477052959,4.896570905782785e-05,0.0017589519645644387,0.0010399170438094504
11,0.000419039289340315,0.0050498825027016185,0.007009900299114653,0.007471229731105866,0.013059038694199818,0.0010514523358488535,-0.008510782825535398,0.0018200411077405054,0.97274407756525,0.00015732731002060518,0.0005850496089307988,0.000843048508237576,0.0003275068581599233,0.0003758888612055977,0.010004971257875306,0.00029969440023569494,-0.043548127927951596,0.003853826783487682,-0.01429570700122984,0.008404685181108942,-0.0753263893023782,0.0007112420058692477,-0.0002204964533307277,-0.01614388550563016,0.0005410153867761169,9.266885527584815e-07,0.0004855471564326327,0.0008386717299280182,0.002920441425102775,0.004417716893894624,0.0007961300535250168,0.0012909596070268558,0.0021087629071370457,0.0034111215542522336,0.0007116549230393732,0.00015901084425597178,0.0011756292648578692,0.003437982136494183,0.0010566455002442897,0.004281623047169816,-0.022432158470425678,0.0009598139006444378,0.0006566633835779045,0.056247359606387,0.0026810126640280218,0.0004467905776894274,0.0005982864857152284,0.003127150566065627,0.007074318799987284,0.0015826195139928018,0.00013585910787475286,-0.00013605494999144405,-0.018446447029922007,-0.01535679184728822,0.013671183187561033,0.0014952523959404745,-0.015910103727587388,0.0005883885778595374,6.799521192813948e-05,0.0003213080584071747,0.0007787587135873776,0.012071710781133333,0.007504429151113767,0.00012997294849813844,0.00017903411295960934,0.001324006054981644,0.11904068348282276,0.00018210477364931713,0.000502906593912874,0.009429567198282213,0.0022472597241216395,0.004573463327157742,0.057440123336421386,-0.14825108858104566,0.00012280975489623036,0.005082756722792653,-0.012238923330861462,0.0007619664552692166,-0.004916860142761943,0.008410152356360476,0.00018161638663158515,0.0032715939305480238,0.011480574399943235,0.0009263448578752118,0.00024070715824105887,0.00039373980840840374,0.0019045127102817242,0.0006757720319575948,0.0003425843838855214,0.0050418119996878796,0.006678867839126683,0.0002953224808407307,0.00019479023721043903,0.0019206365969929918,0.0009540053692287422,0.00011053158152443503,-0.0008105533743541903,0.0011106296012132347,0.00786045809306414,0.002083180321095562
12,0.0009698379396931545,0.004305490793798307,0.022889538291647537,0.5859183284582412,0.011308401070515173,0.0007812863386933953,-0.02303695463532815,0.00019342196672278433,-0.018103575522216163,0.0002868735569971359,0.0007790739928555794,0.0016812986100321753,0.0005349691942371365,0.0034724510456647234,0.006848774098026325,0.0009094203065638405,-0.0008830596137721219,0.39888164819397814,0.028468461785629194,0.014786834578042043,-0.0027472804137294304,0.0010620429400513619,0.0032766147886720597,-0.0056545977484638715,0.004982706080950999,4.187873550697604e-06,0.0004093233967475756,0.00020795161527669944,0.003193272594783121,0.009397270313950407,0.0029778406697713797,0.0011680953052546766,0.00523930046657925,0.002080339431830185,0.016536793656415975,6.504693362706024e-05,0.0013390879406127293,0.006139719029534571,0.0009010120756248255,0.0035013731735684117,-5.0870730452963475e-05,0.0005759959596145759,0.0005145037756399866,-0.00041215797117813945,0.005881890667811938,0.0019185990302031733,0.04952386517070877,0.48647110196154253,0.014573290352225543,0.00018289178701165465,0.0007846089841708412,0.018778962333607666,-0.014314600591433422,-0.022123686568726673,0.020327583015832262,5.5396191536327254e-05,-0.10666832852911595,0.00044339220934317943,0.0003859973300581067,6.027115468689543e-05,0.006119389221528193,0.11415167574388865,0.14657869549295402,0.00016799765465914625,0.0002119428469752,0.0009518836262446177,0.0065329508848195085,0.00011369754336318025,0.00019993725619871206,0.0016318657272221555,0.003099114534721557,0.453531158640492,0.003850474005342143,-0.003408329404388368,6.511227399707414e-05,0.010292017216918664,0.0006042275293756671,0.00026200212875342416,-0.01345637866290414,0.008365255158632158,0.02047125020490037,0.005546983627909851,0.014483142003936612,0.013996324098330421,0.000260290058922712,0.0001030691486900027,0.001259752304351689,0.0013280624290119675,8.914104419990507e-05,0.001850592279946715,0.00837524368630839,0.014617617210165697,3.444734661122665e-05,0.0011313368251304867,0.0022800129375719763,0.00017519792167409835,0.0005511208120192422,7.12557903265569e-05,0.01487367489582795,0.01307077095618115
13,0.00205676415545694,0.02271928185326766,0.10873324298544994,-0.11728410506785131,0.048554562247051625,0.0028006266380833367,-0.11371782130129254,0.0013318123592347964,-0.03172701824161905,0.0006682218056524025,0.0034221442435500085,0.006863278742924167,0.002356305054784319,0.002196522434040893,0.0274487352540638,0.0023647715735500216,-0.0035629691430635324,-0.07909128734056303,-0.06972605881624508,0.058632311924231434,-0.01383364945117635,0.005191034018830771,0.000281405857730177,-0.02629328680201931,0.02121569667711283,-9.862821749843844e-05,0.0013637952580123573,0.0010298550921319573,0.012119532178404537,0.03711163763407191,0.00585939515671208,0.0031725074746098165,0.021694794812609896,0.00992909557660245,0.005577261862434685,0.00011955846930349068,0.004480296825908579,0.01914932057343493,0.003860915428177043,0.014074213719047634,0.00012792365996530664,0.002514721375731361,0.002765743212103865,0.00014974760259413127,0.021396818072570635,0.007007909877012577,-0.009518424803131392,-0.09727017739427603,0.06896791584046291,0.0006686965432783782,0.004181785261748134,-0.0026941880341298094,-0.0867749055991695,-0.09247140964909675,0.08434359306193878,0.0002020854625730664,0.026049955354824114,0.0017278576535640542,0.001186171475049436,0.0001629968741528808,0.005383204369829583,0.5551850157893927,0.7457287414462055,0.0006864830428813136,0.001160161776776595,0.0032730524802471028,0.019074486884609686,-5.012696623084463e-05,0.0005780117484105483,0.025620083271628645,0.014015602341135618,-0.08902879207160237,0.031232519638209468,-0.019973963724820618,0.0007062064601261187,0.03561593304678814,-0.0016414787128731234,0.0017300395843855344,-0.06383440696340215,0.030287622057088417,-0.0021960951882898433,0.021453058941924504,0.05911784665869449,0.06509917167631228,0.00135347066979829,0.00014029756832158354,0.004633397657321912,0.006857105610622237,0.0005335172548457216,0.002944889260936797,0.03100629480853839,-0.002596377450704781,0.0008785853849489055,0.004383992506714536,0.0090710117156701,0.0007524220743338871,0.001426341892980478,1.894869109669156e-05,0.06932477621840821,0.0633369643376391
14,-0.00014684088466752836,0.00028192222709145804,0.004413188817625675,-0.06735655352449472,0.007335100260311343,-0.00028428560196268153,-0.010244412544990728,-0.000348573368179601,0.005179612858334146,0.0003750513381640848,-0.0007381859389310906,0.00038918300207339395,0.000653668107717352,-0.0002047831251983205,0.002315370182911349,-0.00039876608837961097,0.003804571986164268,-0.04359445115202527,0.7850950217085054,0.008659056414361852,0.0025495987167074114,0.0005541853983060644,0.02447202055332406,0.0012273554546187691,0.0027551190352964575,2.8485745594426527e-05,0.00015139063735999302,2.0812058937510637e-05,-0.00024937643696491514,0.0003494329477169351,0.00011426713963207222,-9.947300941842284e-05,0.002551144072785728,0.0015633314266063547,0.0028633732219458456,-1.2451851000906374e-05,-9.530975644690947e-05,0.0011553459892620463,-0.00017116963290690883,0.0005768086438165433,0.0050994487313570785,-0.00048103100707473005,-0.00035155220365216705,-0.0004452402352545547,0.0021578949542077923,0.0002966391143293073,-0.005494156794543855,-0.03540881997452577,0.00391638896786883,0.0003571521620094855,0.0002287921420808122,-7.143170541818976e-05,0.007871937702667954,-0.006669737448817081,0.008537106557578363,-0.0004970317909319885,-0.6056735069760784,-1.2508576892374579e-05,0.0017818657273667594,-2.972177856013503e-05,0.0032427133238851907,0.06226507283667079,0.017992048767865067,-0.00011168801363801597,-0.00011597305401390931,-6.489617014482818e-05,-0.013778267325324296,0.0001967359565049648,0.0002586179552468179,-0.007957150974344216,-0.0004909903020694592,-0.051853191561609634,-0.0176653355872376,0.004162837227674259,-6.12553188928831e-05,0.003628122554559336,0.005245312911333518,-4.477717484531728e-05,-0.0028226031390862338,0.002608383206949597,0.012808447415311796,0.0025608649083028777,0.005648871705262482,-0.010013019284345323,-0.0002854110004863738,-0.00021346886984935598,0.00021320480120682673,0.0003593390550588512,-5.140813831232976e-05,-0.00280247901385104,0.0027441235424518935,-0.0006288225683342923,-0.0003121704030906823,0.0003352371325694031,0.0005770769054927711,0.00012911892640927992,0.0001943685414677528,0.000326332820242281,0.006370928382200004,0.0007062845044550395
15,0.0016037867175931503,-0.011932107445473072,-0.013334582963648197,0.0003904201946517971,-0.018589208696357495,-9.627929163390225e-06,0.0019410293642357912,3.63553354167101e-05,-0.006758571921913016,-0.00028889429871961636,-0.0013676423419762412,-2.5236780272018533e-05,-0.00037167001979569736,0.0009440110072211072,-0.006000523592988406,0.00015695881093505393,0.002913525624178487,0.0009369461709197811,-0.02049003493912782,-0.030343433657024244,0.003816951634967331,-0.0015833380163762286,-0.0013610610333446831,-0.005567544350609313,0.021954791455262898,0.0003085900958342799,-0.000222808660793921,-0.0011179460921132995,-0.001643800579341853,-0.0004600551890406798,-0.0017045338194883308,0.0012124153606522178,0.018684554268826835,-0.014651741324988157,0.005109991817543169,-0.00011608329011508073,0.00038750787495958876,0.001449541454522866,-0.0010938660696302633,-0.002708922990119357,0.0025733602643539105,0.0009222983255875005,-0.00022835535097918118,0.0007290408819426502,0.001680532346012821,0.00586198227568223,0.000221600891875628,0.0008952711993943253,0.007208495553522579,3.4806323158791466e-05,-0.0006460902456340151,0.0012346890008402332,0.005552442724383766,-0.03236552532711638,0.006461458149437341,-0.0006092591537115507,0.038117877680047194,-0.0002558475286634429,-0.000819966542372285,0.00011013203998485861,0.0025469493610992293,0.796885203959889,-0.5958123284966399,-0.0005340039826898699,0.00011397170342969758,-0.0009413052013498369,2.7335123043023546e-05,-7.46543461116831e-05,-0.00010919573155004144,0.0022828646055617734,-0.0038918497194424754,-0.00025875451774659986,0.002503464027381998,-0.013850544207234418,0.00038801076593031336,-0.0019175609978343833,0.0014032516618445803,-0.0007263138209891816,0.00502119625807651,-0.003742488500726393,-0.0009087131531023236,-0.0014021800946126262,-0.010511446280230263,-0.04268615206362959,0.0006108128812254664,0.00020391396196396986,-0.0003439111200669474,-0.0050120738221017995,0.00022278853699860164,0.002912075541514357,-0.007075039524319558,4.8845009803939396e-05,0.00013600816948918654,-0.00033340419297853835,0.0020053840959714645,0.0007502619562939719,0.0003772907335782144,0.00023193115412199457,0.03959414435934733,0.01397338204036185
16,0.002116630283586867,0.01698283698815993,0.15731614627181512,-0.005733041896324176,0.5380205087725707,0.01259653700060484,-0.0084983414400088,0.0009284325685830208,-0.03639121929487512,0.0005288286627612437,0.0035002097215914574,0.017875777243174032,0.0034374041738910177,0.0011297695555979592,0.33057838949961377,0.004750801916805436,-0.0001980671101604048,-0.003583175749123469,-0.00963721310860928,0.2766007045060631,-0.008866820361005529,0.005163022884857602,0.003108778022384559,-0.0011831379979233558,0.006972925008519315,0.0004080888160698467,0.006458495524029856,0.0021271648941989366,0.024416351997624708,0.032504339810126244,0.009867746355913021,0.007987758862953748,0.03519714175574922,0.0027988179501444,0.0031562685538247485,-0.00016119414898202455,0.010978251186788246,0.06880664422087104,0.0053683043752066895,0.10807701387763932,-0.0030635371009193613,0.006439415154015788,0.0006713155744125123,0.005259587592677228,0.056680361071201835,0.006247737680938795,-0.00016508121735218483,-0.0011358209300260658,0.05702973805230463,0.0019519410760158126,0.0013765403461400462,0.000540077141735716,-0.002542637260068842,-0.13117351684389963,0.4715408505637342,0.00497771724749762,-0.0011302465262756148,0.016957065393289318,3.975008901629094e-05,0.0012336894775257271,0.0005612547088503384,-0.11112704423187969,-0.16628205911647959,0.000664535573316892,0.0018496576312935545,0.00854481586624879,0.03341183950124265,0.00023104134003512286,0.0008254575641887782,0.003042736306551528,0.02880415658160081,-0.004027783969852882,0.0222496999500817,-0.00043944479131159675,0.0007694534758450333,0.13600969230753757,-0.0012608894137193516,0.002260475973036037,-0.06922222656955958,0.18835394168297476,0.0037743537030248547,0.09545749242070009,0.0657069201515828,0.013997679374783847,0.002985065161694946,0.0007437785698102108,0.024832202154127292,0.0016076130598609698,0.0008591834921456397,0.013824213100490389,0.2766730044380227,0.0004411465082856071,0.0007556479941766038,0.02817177773041861,0.006876137972633058,0.0012731842123395783,0.0015438316919785507,0.0021941599262029834,0.1850304871989005,0.06254030309161954
17,0.0008391207567875242,0.006666651271472715,-0.030629091673737136,-0.002485676769636763,-0.05746654685407919,-0.0006041571985776276,-0.07719717401261919,0.00011475225927174565,-0.009872395013350289,0.00032284051380681786,0.0018647327186285326,0.0005755907706050528,-0.00022860463313884982,0.002718896306652646,-0.04606568652028469,3.204731915827652e-05,-0.0010906647969590455,-0.0026858639571339326,-0.0239056297664806,-0.0044248130046330575,-0.012613583384713311,0.00014938105732675174,0.014720768623171883,-0.005707349201410267,-0.0011345865569395049,-1.2945517755142273e-06,0.00019870193303927542,0.0001306120580258787,0.0031891778131247373,0.03770173847248284,0.001019208951047609,0.0002134229650245234,-0.0035656358599052782,0.03229766010971384,0.005368565577326208,-0.00010483913475403325,0.000802256013012306,-0.0015073985026781457,-0.00016224315389096053,-0.010748886260300478,-4.272376550542179e-05,0.0004075813547361447,0.0007712307828544505,-0.0016894330925849251,-0.0001829749334102404,0.014595260633416192,-6.254229425452164e-05,-0.0038436066986223937,-0.010269132115795858,-3.444264702230529e-05,0.00010731247361257107,0.00039875219300168445,0.0033714419477120033,-0.043903416762573644,-0.0388221671351439,0.0036585010883982702,-0.02759330891318732,-0.002917278083858876,0.004023082070408674,-0.0003267293868717768,0.006366028149103701,-0.03119651509977271,-0.0655103206761838,2.3280986918800027e-05,-0.00032322083461132746,0.0017232847723190196,-0.014417663541188345,-0.0002725195609434429,0.002314576750093898,0.021450938186806268,-0.004227979094336549,-0.0009206988297866987,-0.008431704160241058,-0.0025230850760686926,0.00023359613067734653,0.0026958488630504616,0.00046151529554266935,0.00161232991649761,0.0015982339836099965,-0.007632191312452519,0.005629259382514053,-0.006191841431720111,0.97922717673124,0.10941271963861307,-0.0002952171410036562,0.0003729944629678317,-0.0025394676276107087,-0.0012604242368316372,-0.0001763586797097408,0.017838836410138198,-0.028400993065910117,0.0005834334084377788,0.00010772799669370387,-0.002199713960420514,-0.000620409124456356,0.0006566359879547003,0.0003614155782104625,-0.00017687707960767785,-0.030237694592580362,-0.012652642434023208
18,0.0008585888250661647,0.010815488939937515,-0.012890339102474266,-0.0029175577341408014,-0.028572698530953483,-0.0001186246714843936,-0.0017666491221381662,0.004480383342812491,-0.14322200831152637,0.00033840251774930677,0.0019026775939466993,0.0019022885020752514,0.0007531303959106774,0.0006215809834374947,-0.018200377931791953,0.0004933294939307546,-0.025277652097164358,-0.0021619484522023055,0.0076951717490664736,0.006984958588835188,-0.022183976963434975,-4.189907467203334e-05,0.0025888859638256586,-0.012788198255972931,0.0042998733424257606,-0.00010860634934646535,0.0006683598587164983,0.00027775700738506414,0.004052889780287772,0.004396661115243093,0.0008086941549519692,0.00039245099269953447,0.0038509744024371423,0.0030543828140299624,0.0006769475098490442,0.000540052521643259,0.001215557796450838,0.0020335628496433514,0.0005707323012538304,-0.0008820421718546897,-0.013812859486150311,-2.3389962083791285e-05,0.0012310848621434564,0.057313083601380356,0.003307872062880221,0.0022314255928653597,-0.00024716664734472096,-0.006191704343589147,0.0037872212796986725,0.0014585273825462658,0.003324296393317633,0.00042165191898453614,-0.017647960856876685,0.0050978664751061,-0.04358707907017802,0.0025849105277328237,-0.024243843703384723,-0.00021890420609917897,-1.0762436523405303e-05,0.00013072648203162686,0.0005869783448454178,-0.017902565357232555,-0.023786464509447505,0.00028308988523651434,0.0001700268026954612,0.0010168885345125953,0.9529346279841691,0.00013655781917729602,-3.702915927835536e-05,0.03175789517115353,-0.0005301603482486272,-0.0011288573644994701,0.2397317089202264,-0.04252207847468276,0.0006086790807309159,0.005884910701044979,-0.008308801988737041,0.0010803491143440021,0.0004381179499418908,-0.0049473703825307636,-0.0002051083830088053,-0.0008980789704399923,0.003576628423252043,0.011009331768228953,0.0002635451567274058,0.0004667661098938711,-0.0006727205576966043,0.0008511361579400781,1.4854818929051867e-05,0.0046133668709121296,-0.01628943511276507,0.0007812321753314757,0.00023701342814382454,0.0006134027120366823,0.003598673915747125,0.0003661606904224995,0.0012661536016420945,0.0013105403527464681,-0.016964318597963986,-0.0019319197700016506
19,0.005380802865667365,0.03264698886856818,0.25131839525804633,-0.0019938249994357338,-0.2679971432538853,0.000204048565656062,-0.0014734785966319247,0.0013952029102002467,-0.0008719789329485195,0.0013714210409352667,0.0008399575837068907,0.0465603476506643,0.0011479364292885513,0.003515224344818671,-0.4958099530742506,0.010487282269456777,-8.631429064306917e-05,-0.0031933348565738253,-0.0030109749209467768,0.4497818151816715,-0.001374663249335717,0.002240257056062981,0.0017672705917095664,0.00030601200411778384,0.02167887243446289,7.666027278645801e-05,0.0021788764135855093,0.002177463440810949,0.06137705477938927,0.08686581029838744,0.028864114959607064,0.019027788192935175,0.022992820933203498,-0.0034908402597815342,0.001810780676360861,0.0003918114212456275,0.03007032791345611,0.17895816370068005,-3.3238399505680405e-05,-0.027174484055364802,-0.0009207790148537953,0.0016104903868376331,0.0007046564012008646,0.009481818087578944,0.17974538850616098,-0.0007597125993654755,-0.0002185174282977116,-0.000344332894463166,0.11801963654036571,0.0011215914838676169,0.0034514954108633353,0.0003360355281268999,-0.006409733086576913,0.002413435494006664,-0.023694273592191076,-0.0003839991725234823,-0.0014158691850674754,-0.017496403601912874,0.00011200972569996208,-0.0005138754587148522,0.0024863262120277023,-0.05346678776178779,-0.07621071530910123,0.0009810337642932355,0.00022006775795511187,0.007245761762361206,-0.03204518476299352,0.0004876541483852699,0.0011418386319244024,-0.001653168010870787,0.013347630673628721,-0.0016118367008924953,0.02166782088848561,0.002059982530828078,0.0011979363090226791,0.44162352484117895,-0.00049539769553965,0.0017125829632057307,-0.10508023656804029,0.22297707305929934,0.0024706922766623814,0.09342588001375006,-0.039050250109511964,0.011736088333005223,0.0018981975202968342,-6.9287006990914266e-06,-0.006143666480874373,0.0015487104521763376,0.0003756487556290239,-0.005397391004638,-0.144880261843662,0.000739654724000084,0.0013668055357181942,-0.007475806795453241,0.01208250436216379,0.001923514872705501,0.0023567176065495236,0.0009153674172010726,0.1279177613368661,0.06891630410582297
20,0.003654358310323575,0.010337721086987606,-0.19682731424486102,0.0014480253985967861,0.27246788471293615,0.0006006624645032432,0.0020889993416898407,-0.00025622744605080516,0.0035876046626109603,0.00010879034419292166,0.0007126653557439008,0.0278338578308856,-0.0019265644059603404,0.003004647492799828,0.323658789562002,0.0055225231756288184,0.0007205739918659916,9.049267021769142e-05,-0.0024339361901743496,0.2563723690750752,0.000513593531761003,-0.0007626355930415191,0.003594519272363269,0.0017564425563395547,0.010628928005748786,-0.0009378430167544681,0.003525645093697456,-0.00015284325609398516,0.0351145512565484,0.060643030640004605,0.01767487269559126,0.01118612402176284,-0.026447160994448698,0.0061808633733902545,-0.0011009007882148078,7.12129037494652e-05,0.017934079396816748,0.10795392396879774,0.0005423458946897726,0.0586563514849126,-0.00012412006378864637,0.0020573679080605825,-0.0004515826686457892,-0.0005420421761556196,0.10197149719279153,0.0018145144365068926,0.0001347023607470491,-0.0037827071494211818,-0.05194696695844682,-0.0006246234896322496,0.0018615305105391922,-0.00023152850211398098,0.008722178556735433,0.035895575671465466,-0.6865993917411066,0.0008808238159371277,0.0012946268589703082,0.013638454876303295,0.00029094887315326916,0.00015893353499235369,0.0013292539529853658,0.058665090455104235,0.0232251704969801,-0.0007085470864676744,-0.00029297213433077194,0.003590392669406781,-0.020461706522662347,-0.0001522435895354446,0.0002503553238518409,-0.0045785049093454745,-0.0046468209306655805,0.0009356689905015893,-0.02106945738690377,-0.0017057130201947462,0.0001667289741069944,0.28894949745703613,0.0013352515008425957,0.0012937339362354217,-0.0022207695670520555,0.1575710932276149,0.0018110515897687297,0.025190282577269223,-0.007938337784477181,0.010459551303708407,9.932339892464864e-05,0.00024618318621965306,0.004793649609555677,0.00035438079854109854,-0.0002021667816469435,0.0005053250961895963,0.04885503714909249,0.00046418764059411163,8.741244743470586e-05,0.01667450400903192,0.0044708954261994845,0.0008490378495572427,0.0019512258304943825,-0.0001708098445989837,-0.2945459366784161,-0.06570549286542483
21,0.005881818691189847,0.0021717160535145164,0.09611148105038146,0.000804219977524695,-0.14876310614815036,-0.0005937594296815396,0.008072509720887813,0.0015520375048772225,-0.0008492236057935365,0.0002254366057814483,0.00019758428611373058,0.03904369557365259,0.0019914754273530066,0.002816310575691372,0.24329345947671366,0.008299507921923743,-0.00050424481720307,-0.0013299269219679902,0.005334346959691753,-0.701066670876066,0.0025686194759257652,-0.0005517579462849379,-0.0042501719469462546,0.0002023597472981878,0.018888708719095773,0.0007639758424095111,0.0029116751819139607,0.0022854941978549927,0.03723253668584438,-0.004065408342019988,0.026971097084412733,0.019226219174686095,0.022827973235965335,-0.0019337496183733389,0.0024439728522873683,0.00040530683564243017,0.03241411406208663,0.19967385881251384,0.00044916776562183415,0.015385594071940338,0.001065637996916835,0.003910151790867753,6.849566275262233e-05,-0.00773443605857411,0.1995256728870292,-0.004133749385090202,-9.597078787831762e-05,0.0008251594107491177,0.07321384155106847,0.00042393604602788786,0.0024981805694270108,0.0007467347598513071,-0.00045828161888899696,0.028142608442797812,0.024775645861907725,0.0007456180926347724,0.0017208514587613022,0.00909959435834996,-0.0002772853334922241,0.0006713415919313953,0.001111918421637356,-0.033148343362221076,0.0012544466379746932,0.0010664394683129828,0.0012927945910047038,-0.005855728231682725,0.016634436673734217,-4.976200935075375e-05,0.0006398599820159743,0.002993080479333457,-0.013272173413057732,-0.003739695537819776,-0.04337812122715613,0.000928533207962854,0.0008081065978540556,0.5260354065268793,-0.0003177385122059839,-0.0008263025062271204,0.004594367934058027,0.15443904101966766,-0.0004992497001958761,0.017680143490254534,0.012571494085789559,-0.016199472654206418,0.003313425505667371,0.00011664429673946411,0.005452347299955294,7.472321467239418e-05,0.0001899274346487146,0.0039287139841961225,0.011109911378088158,0.0008399046095624135,0.0012907944350922223,0.010140213222965449,0.010097378613816519,0.0015101766739571542,0.0026448786655557275,0.00013861160720466184,0.1301729006226047,0.05190079021310488
22,0.0002273817189666558,0.013212528511386141,0.0239627983856674,-0.0010769580597813477,-0.01187501966576011,0.0011950678149662934,0.0045087465726019495,0.007851868249235866,-0.03378686646292728,0.0002187653883537026,0.001615010827394966,0.0008655732832428048,-0.00029015008021364766,0.0013379493148517867,0.0409354233129798,0.0004819921497613497,-0.015489973375426288,0.0007063880837879317,-0.002480732513552939,-0.04673328395817595,-0.002961070988789123,0.0006766592695030771,0.002054655499717355,-0.0012123728752783981,0.008199588927467628,6.6498681898863e-05,-0.00010090374457728427,-4.20485449118686e-05,0.0029881875523838685,0.004272920500279593,0.0018962952684574684,0.0007448774981628271,-0.004391239004084705,-0.0009450126501194696,-1.9813921639663602e-05,-4.570492420476885e-05,0.0014189773742430767,-0.000551154101942241,0.0007821230424647753,0.0022836041243980676,-0.00934303826474318,0.0006807859227932747,0.0012897754511207334,0.04436821551693233,0.002169643874212604,-0.0025532398202628937,0.0005022670412748491,-0.009361767150714661,0.031709650606091724,0.002359460643762332,0.0038936514474750637,-0.00011172830793230938,-0.019640105390042246,0.005677942074930732,-0.024315525474202303,1.323629909403206e-05,-0.030711000194844112,0.0010602442073573165,-5.710046687460406e-05,-9.760637331204572e-05,0.002213887274223494,-0.018619051774974957,-0.021605244355980466,0.00021309286449421868,0.0007182986930589038,-0.001612015482608764,-0.25548249788672955,-5.5068600858147466e-05,0.0008296420787788009,0.05648118369967249,-0.0015000022316820293,0.010178944649850736,0.9577193007932193,-0.027158455733762257,0.0007971438120931099,0.003008034420980271,2.0705312212789678e-05,0.0007308509990741615,0.0032776783775165233,-0.01154691298557429,0.0005413958999428512,-0.005468734854542983,0.0012051632946755333,-0.007904066327448398,-0.00012870545959469304,0.00021476907995855864,0.0005297132974022442,0.0037431081259075927,0.0001066210535294553,0.00018992621873204895,-0.0019723187387107434,0.00029961675744208415,0.0003502706780456853,-6.523459348546016e-05,0.0020090084177174176,0.0007280207421185806,0.00403038356571328,0.0029502836482856983,-0.029009525185247298,-0.0014857818686541194
23,-0.0006603626849122841,0.005728452075665745,0.5357651354202028,0.0003017796707548235,-0.43711224085929284,0.004549623282886335,-0.0029516787385018076,0.001991660160536656,-0.0003277140295447553,0.0001394307193652855,0.0008644814380214492,-0.011732026456875315,0.0028161792737197676,-0.0012727106119634485,0.5625963689284962,-0.0015475666401810993,-0.0007816760456386337,-0.0014912971606461135,0.0010479415929448635,0.21533733763795648,-0.0002596596285389108,0.003624665731551323,0.0005671700549631006,-0.00011169718449355326,-0.0026346324641982055,-0.00011171595641359944,-0.0018282439600125783,0.0006476478243010028,-0.01269711102147543,-0.009302883347633639,-0.006128338998699953,-0.0057848639491376,0.008907331935386231,-0.0022349436987654254,0.0004076383072590412,0.0003022806000163719,-0.008362505707241993,-0.06432631670056929,0.002388104517461913,0.011617787986818274,0.0013689644217695918,0.002150058246049094,-0.00018710439063662396,0.0018868032216133477,-0.03688739647758817,-0.0002700834936035794,0.00032875545538929747,0.0002463542485761994,0.1586282844311822,0.0009513131046086992,-0.00013021567747900642,-5.3666875294407224e-05,-0.0073332142141833215,-0.003338921024453087,-0.19197646190724132,0.0024185837764420745,-0.0013632978187327338,0.019794251817834126,-9.440132813885683e-05,8.128253760545339e-05,0.0008931804321803544,-0.04074251172269942,-0.0577130535662321,0.0015157829972923774,0.001997124717313089,0.002536868771325277,0.004585764531807552,0.00019618441991453225,0.0005737886001079442,-0.009908970122794151,0.006488666331842078,0.00024496777286827504,-0.03965117173909267,0.002514130280499842,-0.00034863861499033477,-0.17296994197867688,-0.0009492376341262709,7.212667794720884e-05,-0.040874474706321134,-0.14862016887274287,-0.0017476355607913552,0.0032311070471823175,0.01149608065690547,0.003730806213736315,0.0020846293484745784,3.5498153488070145e-05,0.010849248106637444,0.0015678875510557917,0.0002826207393794664,7.3692514633991e-05,-0.02338645341194914,-0.0009382474917275976,0.00036575703281736924,0.00766018938211304,-0.0011334406304439994,0.0001019508286203316,-0.0010372972400229524,-0.002634651338274084,0.13848587617453992,0.09823924062310944
24,0.0010688512821789991,0.006637564629653796,-0.5566684490999306,-0.016147658998640423,-0.4978922818681333,0.0020980558316514436,-0.005213642172659953,-0.0011533170516806876,-0.0006957091538492451,0.0001563900511014349,0.0007998134891039656,0.010493097460042074,-0.00236694654224719,0.002249149286069438,0.33785419168137276,0.0019110614569321262,0.0019446512642855018,-0.0037372390038174635,-0.0028695666430500824,0.2716160564412809,-0.002304301494411437,-0.0017147544574283424,0.002464200236949541,-0.000884470481288438,0.003999931655401186,0.0011492835383064039,0.0013001315678630686,-0.0012303645140109409,0.02544401021772339,0.06824677385889033,0.008001798061053798,0.006540343370182229,-0.010309497285736442,0.005601186517594519,0.001070369757330652,0.00041337174981062944,0.009960349276285523,0.044317440673240255,0.0035017507394843207,-0.00931271140210519,-0.001267383803283631,-0.001638540606878687,0.0006706606280667089,0.0006172804021528609,0.032564932440761946,0.0040222311938184875,-0.0008950022558879061,0.02795496036774902,-0.16346236927341523,-8.07394768990756e-05,0.0004376839163510726,0.00029132082908624526,0.00441803979226621,-0.005208196491585493,0.39205445011496864,0.0035899306476262754,-0.0007152128178236922,0.010604959989278807,0.00020580867479919442,0.0002840188336842083,0.001523949246682259,0.024763380501985316,0.032485688144550676,-0.00038116615001285506,-0.0007191440803534918,5.90479035358386e-05,-0.007340277198408109,4.2956884234883475e-05,0.001000682243396619,-0.0003569770636773807,-0.003753975329256394,-0.009645783430653854,0.017385429723205365,-0.0015936910451570946,0.0005080645716077949,0.1815597066475852,0.0004119321311429891,0.0011085521180199572,0.002815089300081855,0.004990177725304412,0.0034432116503159116,-0.019800471521234916,-0.028936815914036393,0.05953297804361107,-0.0016347650940880948,0.0002526871445950293,0.002364480043950431,-0.0005384802271501234,-0.0003553546425086318,0.004631816928024922,-0.009928295400429148,0.00022236562828314987,-0.000397466237768462,0.0013379075866020058,0.00030308579485992596,0.00014687922655051656,-0.0004666710143205466,-0.0007776504437901361,-0.10827523519224926,-0.1087315849594402
25,0.00012981951243567938,0.00044227067025497764,0.016640866872341665,-0.4516394765573769,0.017479219839290426,-0.00024187500835814958,-0.0003147283275527152,0.0006476436475476811,0.0011323921635150369,0.0002287274266504092,0.0005670288313678476,-0.0004970624126414739,0.0005067972163267874,0.0020428315905483916,-0.011461457470825439,-0.0004966522234082125,-0.0002787254173818865,-0.07029942423980848,-0.025776455736867734,-0.011589864454675067,-0.0004762568909143297,0.00020330439450442453,0.0016004144609550878,-0.0001045584191193133,0.002066202753733471,0.0002597000730445531,5.2106893305318936e-05,0.00031393534555097433,0.0008853445051519608,0.011313271609122957,-0.0008317190657165865,1.6317871627077873e-05,0.0005003334367965993,0.002062416648515514,0.010871561696766743,-2.7334701068069435e-05,0.0007099037982086776,-0.0036392528326164263,0.00031110932961193796,-0.0002553438775675567,-4.263254696279528e-05,0.000265403806905988,-0.0001629668971494354,-0.004467724563621504,0.0001631213041061591,-0.0001621584506306768,-0.035695723356807915,0.8475023111151488,0.00600656038780718,0.0001040470119907681,-9.79544683059122e-05,0.003967957487387872,-0.0009064996882504131,0.0006458226413474516,-0.01978280365509211,0.0005891479800083548,-0.005603828580189138,-0.00046144682029714706,0.0008790562329157039,-2.2115143258516717e-05,0.0029318751820482667,-0.0026183785354800815,-0.00342930754514717,-6.176199754064744e-05,0.00015067115748457118,0.00026776896979717317,0.0008434912999581469,0.0001546259861129811,0.00037237529069273126,0.002053343551018487,0.0009234497200986099,-0.2604523090925077,0.009706047978430105,-0.0018221435996546905,-0.0003105273164921256,-0.0080987569522398,1.0402933950548476e-05,0.00022038886715393423,-0.00017548124941757504,-0.0038727183774927634,0.02593310898348349,-0.0008147946477995646,-0.002186763678483923,0.022057205288528767,5.539111444689479e-05,7.270288961649073e-06,-0.00027303655239655097,-7.790311427976928e-05,2.7939140855685126e-05,0.0025179928591278736,0.0010697307818668001,-0.0029934719127400907,-0.000501272560543161,-0.0001044970429577791,-0.00014688805454425233,-9.222162118833555e-05,-0.0002516521406186797,0.00031366438320681454,0.0034967434573397703,0.0037582274640725263
26,-0.00011323079588036268,0.022194026707715638,-0.040842310916753714,0.01428838856712187,0.024737232431497638,0.002577495035723896,-0.04735155717338867,-7.068691669945932e-05,-0.0013759349439435274,-0.00013920935359239012,0.010310942799583368,-0.002521549326207787,0.0015393180722464892,0.0031512805666131525,-0.014108671778193435,-0.0004998813098322161,0.00036362220898350506,-0.006181562017508686,0.003820330956807628,-0.051429853902495444,-0.0073352876989495296,0.0027754607828787787,0.0038464320266208118,-0.0022364065931950484,0.0022903842448671486,0.0006520117871534972,0.00040939937048211934,0.0003537599693532529,0.010109684598255099,0.10077289146294341,-0.00015948917541720427,-0.0008779532548145461,0.009862238449569478,0.12599104744415524,0.003744215386759976,0.0001698796600569149,-0.0024082939247940405,-0.004803692947579602,0.011729274777230894,0.0031563126386783204,-0.0037809800800953867,0.0021415160135538312,0.004423574553789992,0.0161539194690759,-0.016221622106733724,0.0134981750577917,0.0012532134216104384,-0.022041676481297005,-0.014759810637799206,-0.0011183322094909832,-0.00016778311783862028,0.00029897384009289945,-0.011437663869690144,0.005533871438344254,-0.07689517805645243,0.020226468521977566,-0.015334522353345233,-0.0001946007389162021,0.002006202664575383,0.0005287179263276033,0.003497051392571059,-0.013579676298607572,-0.07461402588605126,0.00015369055555717942,0.0003023491826526502,0.007843603415456169,-0.017558358312753895,0.0001528700253684858,0.01341676822613984,0.016391609241613554,0.003685277389386693,0.005306324772862806,0.001239874020300052,-0.008872476719162026,-0.00037767924196363024,-0.04616234876042133,-0.0021719986865121332,0.009693644576163807,0.005952161980493573,0.003844714923072249,0.0014942167618132488,0.005023668785235373,-0.12396791801511087,0.9484843365470191,0.0006528861256933245,0.004370225622405726,0.0010006430530760915,0.009607292222549605,-9.644131870688058e-05,0.05307176626607409,-0.005390519376998489,-0.0004861120874505567,0.0010555404663241182,0.0008418583842103662,-0.0011781028153827803,-3.848606589629917e-05,0.00012955094369214524,0.00011802746601135547,0.17320908044829644,0.010153636319692273
27,-0.0009873388246641347,-0.007928792014599322,-0.33963709830697686,0.003125674009832472,-0.015547991216226388,0.0032954822569648164,0.004329377166332075,0.0010018118867537252,-0.0026611312743964194,-0.00023920182071834883,-7.542093333073874e-05,-0.0022197764572027094,0.0024115216497137375,-0.0010916873500155383,0.018505546733163635,-0.0003845037560599265,-0.0009198621443745197,0.0012963408882823019,-0.0022694814725588916,0.044741414042382306,0.0026146988331231767,0.001785554744637933,0.00041796802010543675,-0.0034243748333145363,-0.0011252130515373021,0.00021712218398155887,0.0016267992227039858,-0.000514433412726892,-0.0028044945107797807,-0.010048296774562225,-0.0045071980460881355,-0.0025011112473677845,0.06084993388477636,-0.016941759554155555,0.004491280190100054,0.0002615137447086191,-0.0070859953781364955,0.005913765920438879,0.001927849331126984,0.05181274890686659,0.0015232406207754956,0.003839383240808376,-0.0007621575406864878,0.008079199978588482,-0.04904822072494712,-0.0016110360772105415,-0.00015768121449544507,0.0027811188000769257,-0.10609517802899243,-0.0012668149376543992,-0.0003172076522525019,0.0015343225809036614,0.005348368201588863,-0.015239887298547881,-0.2689618844757018,-0.0006307298734976234,0.0006273753648424404,0.0027365757536311937,-0.0003943867049978172,0.0005955996230560916,0.0003608669569313673,-0.027652527370504942,0.037080354199570675,-9.14594774571694e-05,0.00012740174557789767,0.004475340703020933,-0.006285238722005151,0.0005271924736782148,-0.0014238850811155606,0.011739144277521764,0.008779338019236768,-0.006542786338143695,0.0306719253636867,0.0005236552882196474,0.0003638213874674612,-0.10256087689977378,-0.001160660204490488,-5.041277920153186e-05,0.007677985018513633,0.1141146563913772,0.0017327461646789676,0.024955907991419498,0.03008072784070518,-0.1875934150754314,-0.00030083161244909805,-0.0008293723231567298,0.008922582309777933,-0.0008974628437803782,0.0003365738336092274,-0.005442821248817388,0.01418600339921147,0.00019143119916984874,-0.00030453481446472827,0.006985984866871494,-0.0005511447583130338,0.00024629911707584756,0.0003271856094739581,-0.0005543220852466411,0.8509886539420842,0.01865386067539536
28,0.00017814917684357454,0.00293737809287544,-0.0030886469016009636,-0.6199753006772581,-0.0011586980484497864,-9.513528696398522e-05,5.7225997150412745e-05,-0.00014854820375420456,0.001291953428213092,-9.998601477765809e-06,-0.00010853757199263871,0.00032399723029347864,-5.820727098976124e-05,0.002483423231163514,0.00011020978387790183,-0.00023628666103203753,-0.0001006394097298035,0.13818487638742014,-0.0010562619108281015,-0.002098660031667199,0.00019653024272106578,-1.0460133370331602e-05,-0.000941520260669646,2.2620714695928412e-05,0.0012180685753470123,0.00011192514201550279,3.5949792234590393e-06,0.0007164042185093065,-0.00015043837905031037,0.0010064721338258302,-0.0012156732546548255,0.0004019574472511403,0.0010571057641583746,-0.0008648508672036903,0.014211367427509194,-6.418272189492348e-05,0.00028121747301154687,-0.0029033754321165853,6.051967554771302e-05,0.0016845461885359788,0.00012155937780175541,-0.0004356756111611854,1.6307850516312345e-05,-0.0017254507234389389,-0.001714640913188674,-9.950324246591272e-06,2.4152667848780125e-05,-0.0834470611226956,0.00025197760675642333,0.0004955369305122922,0.00025371575797564216,0.010213748296538806,0.0004082596209773609,-7.211242927349093e-05,-0.002110051951149501,-0.0001635239722610122,-0.002926681141031045,5.926185899778969e-05,0.0003219011595250146,7.666349862334539e-05,0.002861529276786205,-0.0008531298825992378,-0.0012550735927910894,0.00016088016445712193,3.877191585561492e-06,6.407886727070173e-05,0.0013273964976052155,2.1359354319501673e-05,-0.00022340670201359243,-0.005796249023477574,9.17974217641256e-05,0.7672151068512711,-0.009010470027883336,-0.0003550361563762726,-1.6465696820615328e-05,0.00276633640464434,0.00032592152715654743,-4.9352418323431136e-05,-0.00013788426743166493,0.0010930898723316568,0.0025936516793011316,0.0005751709419533658,-0.0012727622830040197,0.0020719249843493617,8.780000763046296e-05,-0.0001332666885571494,0.000360708903652186,-0.00027791381955069843,-1.0114341155807033e-06,0.0005654541934560567,0.001195925601155605,0.019185519100248592,0.00017503748193265617,0.00019339442666833039,-7.409829122038275e-07,0.00019857246387995978,-0.0002765035843578789,0.00015015187740337506,0.007186845280834173,0.001985004340589836
29,0.0021910426724141906,0.05551899731658955,0.012170749601742342,0.009772953552200429,0.07819776300048256,-0.0014021660335800518,0.005687338002559411,0.00030170999003461055,-0.000511390554631893,0.0011385262795558099,-0.002165871325589111,-0.0007445939904123094,0.00026389791085798704,0.04197519430052471,-0.0007898781466598587,0.0011928344821971956,0.001052985668353934,-0.018912966045083184,-0.0026579769126322816,-0.05151638050395037,-0.003325835260647954,-0.0005756648410836774,0.013362206406450226,-0.000690381112594847,0.05231228040052914,-6.596464130073968e-05,-0.003594787357723072,0.0007677517179244151,0.05044557546416609,0.922559965478373,0.018351687258313085,0.005511300012195831,0.015499975219138748,-0.03170297659407032,0.013625880153752865,-3.4853458463107376e-05,0.009676923972000855,-0.03577198752347441,-0.0020380958919605013,-0.06220355069251819,-0.0006123191456202607,-0.0005657681447823742,0.0012416278962197242,-0.010250001517992543,0.006008353652438098,-0.002838459519150104,0.0008350084876013217,-0.009003533996338287,0.010369573771369336,0.00025307378290979465,0.002546472366547664,0.005137329666920362,0.00048465556000962945,-0.002341081634598242,0.001698466814385985,-0.005079418331544256,-0.0027835773255426854,-0.004834299747307763,9.438621489341325e-05,8.116826559138158e-05,0.03178546987267841,-0.02252145830215804,-0.015287216565552555,0.00034113894571270015,0.0004927813610680943,0.0013272330727862912,-0.0003100351816841696,0.00037695152881140427,-0.0012001891716765418,0.02389075975786835,-0.0027881310174830004,0.008309845170414623,-0.013257897408019949,0.0025266965399841357,4.947806162427376e-05,0.03958084926381354,0.00030376611950262006,0.006256116310163191,-0.021115108604900214,-0.30627388517301707,0.035389001544082366,-0.07099285219400371,-0.02374692818049885,-0.1098311560763302,0.001913510354240788,-0.0011502596437229075,-0.00696120951393841,-0.0010650742147311812,-0.000299284305822144,-0.01548346434949607,-0.02554410261175445,0.001114989493320313,0.00016288003303154604,-0.007188721913291583,0.0031516954629690706,0.0004776702463457033,0.0009531591376225473,-0.0023105133716430533,0.051202029080653425,-0.025411495746079593
30,-0.0019650248918264813,0.022441014347338493,0.02814590740578596,0.014980813035660134,-0.19087536902796323,0.0030808550133641227,0.0023656471214645453,0.0006705638308623328,-0.0025030597421353273,0.00036726784012483527,0.0017794697024372669,0.015081331224251739,0.0004449898526190394,0.011661903640943702,-0.012496944450624936,0.001929547379482227,-0.00026937793450763914,-0.06396802306326756,0.00010809809194673933,-0.11894205401000231,-0.0018863788187714475,0.0012469447327432858,0.004681419282256807,-0.00014009645410262284,0.00897844261301526,-0.0007669270773001155,0.009931577369687082,0.0004487050645348369,0.014757784131663024,0.3083187190202539,-0.00716201389703078,-0.000648807220329669,-0.0023533196177107103,-0.0015060724690708848,0.0025620387223282953,0.00014407119343699815,-0.010850222784550338,0.05072568913325151,0.0009243427020326471,0.1627560869451339,-0.0002591871119433549,0.003272576510829122,0.0015317963955785866,-0.009346483839810026,-0.08484807048010806,-0.0008417662123921275,0.002745635383839814,0.008433383197714856,0.007165516028542415,-0.000956542522250086,-0.0016269953463525014,0.0014534429864225163,-0.00033264846394079166,0.01170263208840047,-0.005859812838777508,-0.0011081125428194787,-0.0022112747252445997,0.010393032934744332,0.00011737541513030054,0.00027203280103592716,0.01003585842396593,0.00010415929673191979,-0.0038437041848951164,-0.00025271566901622624,0.00015489517809233987,0.00271717240251759,0.0006464203099846759,0.00017686921059353,-0.0009215841029561713,0.010362060290590114,0.010184461535134278,0.02452794610222957,-0.004726042230713293,0.0005427898109799482,-0.0004609316901729166,-0.3991192066141237,0.0004035965386992024,0.001924326239420375,0.004662544917395154,0.7609807582480724,0.010719826548296289,0.1624807916522479,-0.011274912874827165,-0.03153637422528859,0.0013436317563053067,0.0003495967073351236,0.017749778761550667,0.0010510291102195798,0.00014913469604967622,-0.0028191277185592506,0.1289599187567586,0.0006218267309334139,0.000663966070028825,0.020175325250046332,-0.0017250436852017544,0.0004999822349528241,-0.00017696518632963343,-0.001043034082055437,-0.16179588511028586,0.015608355851270933
31,-0.0005951931893358357,0.0037590785711940026,0.0036482913385095695,-0.21332244762396568,-0.012246741661741476,0.00018387601165717124,0.0003303059251991373,-0.0005765826156233951,0.00027311597114459095,8.09333827003142e-05,0.00013607165796385157,0.0018847496692627336,0.0003263602992836438,0.0021074753989982487,5.667288460493511e-05,0.00032779632424584024,0.00020130676888920757,0.8955046087381245,-0.00019289477091471042,-0.008778279314214864,-7.587701065307068e-05,0.00020069830632918117,0.001486367290683394,0.00011151110064929609,0.0015031761502734987,-5.1548781426542616e-05,0.0004999266586046453,-0.0001489920923689155,0.00286611647524458,0.04091744438437801,0.0001627726925678332,0.0011098280582203801,-0.00039497393382635203,0.003027750277949423,0.011103045781205509,0.00016891415240726827,-0.0012103842818188895,0.0026030452485411026,-0.00017413182496039297,0.0098482002617557,-0.00033183032452682726,0.00028451808201936557,0.0003165772206641012,-0.007198776534468896,-0.006543838797779353,5.3927037339628406e-05,-0.030612838905128156,-0.14981477230843637,0.0010374978957358415,-0.0005946073102101086,-8.95913222541539e-05,0.02019192463077484,1.0686334381691809e-05,0.0006756435954545711,7.802344745598544e-05,0.0008056021361307285,-0.001954121308741571,0.0007969331076034296,0.0006642550897234596,7.002863792921469e-05,0.0044202717352506225,-0.0013987007273991992,-0.0013261886642351173,3.611620709571871e-05,0.00014439809354774882,0.0007782657546910779,-0.0001740794806240238,0.00020337637510288713,8.766350432084125e-05,0.0022594480575283205,0.0009834096321487931,-0.35053348492140624,0.0008598693553267078,-1.902489031222962e-05,2.933111120786286e-05,-0.026702767000786526,-0.00023313459870813458,0.0003540368429825623,-0.0015987104058937732,0.04816733642008983,0.016439376759823675,0.01078872909175264,-0.0015954704449014506,0.0026475097166186942,0.0001206194672564863,-4.4569675571394074e-05,0.0011249543933918424,0.0005234211737675117,-5.7375746292153e-05,-0.00025065907768676834,0.004530179868726577,-0.00027307319344707756,0.00011114849704615178,0.0011481323452713858,0.0011802420361921046,0.000375925957467249,-3.7426624431382595e-05,0.00016265004868166143,-0.010911649770730072,0.001572194174660594
32,-0.000748115697655445,0.009785156969914765,-0.030942281314499904,-0.002786688363902153,0.15861581510159148,0.0025346720081652133,-0.006271272864773334,0.0004007054673547186,-0.010848228457106706,-0.0006722142435227167,0.00019418331620937174,0.0036984481778939877,0.0019539483202343287,5.352326563315413e-05,0.14763332401156626,0.0003095077744283796,5.2500081694727835e-05,-0.0018708223579373892,-0.02166378378148631,0.006673503760488784,-0.0025979849057889276,0.0009255779008159497,0.011511907917446065,-0.0034867910838112803,0.0003013504150104745,-0.000708340635935667,0.0002847497588348519,0.0007020758712720271,0.0013979490640061466,-0.010038319672853933,-0.0003568157310646139,0.0017461429518319765,0.013516897363217421,-0.030227521678270176,0.0012731888476680935,-5.348816931994432e-05,-0.0006157307423078837,0.030144543422464715,-0.0007592532717869389,-0.09660282934588736,-1.6749860374660336e-05,0.00027012396926356,0.001229873499796745,0.1323298850468131,0.008239650726920525,-0.002421058041700312,6.368383804328216e-05,0.0004795397534087635,0.07899567612420799,0.0003973222496364199,-0.0006339264965128358,-0.0015484051498301347,-0.00739741126988562,-0.0035081319647331747,0.08075709639498702,-0.0025185200992057922,-0.0347722663250162,-0.0041650097083739445,0.001394366411374998,-0.00019104044003165894,0.001542410842847309,-0.015320137077609704,-0.012711123901878285,3.1448514038222254e-05,6.067397178275509e-05,0.00035587711243236506,-0.01894783433704153,0.00033937077973492666,-0.001974446074267061,0.643430926796694,-0.0038130520914295063,0.004163351936003328,-0.05475707703318309,-0.00424020388900527,3.282237565690321e-05,-0.07001923816370771,-0.0013978511819038204,0.0013318082562772007,-0.0016676817886319482,0.13429087715190344,0.0019968792970869067,0.016009722501305154,-0.015069546505411724,-0.015058440762838243,-7.567770418566043e-05,0.0003324914816635468,-0.009483841674072239,0.0012714625095872904,-0.00023403910853990635,-0.011305150137336184,-0.6823394906300778,-7.666875522370281e-05,-0.0003904748407611491,-0.013230624820167654,-0.001216843711910949,0.0009251152329708815,-0.0005618884627616402,-0.0030803082416785677,-2.0700401582321448e-05,0.023819122834491217
33,-0.0006537216935295991,0.0003702908030197398,0.02422209775988366,-0.0031730809267561206,-0.14389486769183094,-7.385665591212731e-05,-0.009337121851421281,-0.0003386729410182424,-0.02016628140256268,-4.354925261738918e-05,0.0018568201166228905,-0.0040332318312714145,-6.572516993500139e-05,0.0005168250633236678,-0.12398254308527411,-0.0005550770616951535,-9.169437401703937e-05,0.003414325047126966,-0.021667783940734844,-0.0029173695650981015,-0.0029946983432800126,0.00043000283596439045,0.01526182069721748,-0.003932529436811091,-0.007110136137447175,-0.0004820050553640948,2.5811175669056274e-06,-0.0007823301096888709,0.003646917885466266,-0.02664132351238586,0.0007281573778596137,-2.1229874811470005e-05,0.005388987118319944,0.021901210645552414,0.00017806140347843358,-5.4938256292248744e-05,-0.000415197945481581,-0.02811522174191866,0.004558246677795604,0.07634597503600073,-0.0012772208698173318,0.0017271908870334027,0.002130804490076849,0.32991506995166314,-0.0013025725236330277,0.0030139062014680187,-0.0009101746887226963,-0.002058683511533898,-0.057756786708092304,0.0004790666608063005,-0.00016267807486754562,0.0005401573357637688,-0.00724218116285353,-0.005410491263615064,-0.0726308989813908,0.0077615497279206755,-0.036289644977780165,0.0037548834739895196,0.0014131261410673403,0.0008616054344508268,0.001986442223280891,-0.006731795761682539,-0.010952929051103724,0.0003584597649818004,0.0003546128219105202,0.0014612013178939513,-0.03173421708407702,0.0001325881380232121,0.0014986896726630317,0.6763743299939086,0.0020723656410307116,0.00039747046224093696,-0.06506038273831337,-0.013644846453808993,0.0002336107428366485,0.05725747858507367,-0.0017422664038965197,0.001259265686161378,0.0036106949198786605,-0.12490179828420948,0.0004803320746876571,-0.0004143674355021551,-0.018971435091938587,-0.0187456502737054,0.00025879174569438295,0.00022180564674838146,0.008357367327515167,0.0024667682958850958,-0.0002748333078538964,0.04544643632637359,0.5909243005712063,-0.0003608263537674144,0.0003770039104742783,0.012047511555778878,-0.00013246440055720687,0.0006080864477708498,-0.0012275286409258426,0.0014564941769664805,-0.024424179027099095,-0.020238607145212775
34,0.0005957965269804209,-0.004636509665056658,-0.0011949284132533337,-0.0034262841405921095,0.028340287184748746,0.00198474510809255,0.0010984864791544254,0.0003582428707949864,-0.04842867923904971,-0.00032659407153928094,0.0030009717208592072,0.0013641782398811052,0.0007153143621315989,0.000586893362623412,0.025020209339548526,-0.0006772272294367776,-0.002186256129993739,0.0050266357806692105,0.010600374018530178,-0.013131636811503002,0.00044201879515423474,0.002181005831843913,-0.003643865226838364,-0.0023377690704163914,0.001957069000987145,0.000740010041154276,-0.00012720736774847455,-8.38582709997125e-05,0.0013309306857440728,0.022194755380786378,-0.0005674691045481853,0.00251245089682039,-0.004942937247534199,0.03608684763558215,-0.00098350540171575,0.00012688245611558653,0.0019268305439171518,0.004478329635816139,0.0035214258000865898,-0.007244409929283577,-0.004815402143733282,0.0008769269284679516,0.004376047077102236,0.9261813452958144,-0.005942303820407134,0.005109734898857436,-0.0003771993777318429,0.004478808443786526,-0.007721237991797334,0.005435616176370857,4.511803404397968e-05,-0.00011323864692390922,-0.0067881126396727495,0.0025955179203535714,0.018284517515137114,0.008969425751398096,0.019520948021066374,-0.0005837610429619326,-0.000491809837097555,0.00012541243393931573,-0.00061226156177122,0.004160484273808392,0.008553242498952361,6.755258566215833e-05,-0.00015950115170007396,1.950483594044292e-06,-0.0431754075880542,0.0003992310181583107,0.002880253577393717,-0.33868297823149873,0.0007640421639104706,-0.003479906483047624,-0.037226510812308704,-0.03417237622417448,-0.0005706349006701205,-0.012119466279605553,-0.0014686935598616727,0.0018052793419570837,-0.00010380133780073437,0.026337042407901308,-0.0019399641994940278,-0.0030792323888907797,0.008863384372312152,-0.01803338416438434,-1.1486570208891529e-05,-0.0001343284116025218,-0.0010103655706354226,0.004111996753786876,0.00031098745316494766,0.02380795531540612,-0.11742662847006685,0.0002658790905964866,-7.196969811186878e-05,4.335396844201586e-05,0.0012218999757800523,0.001981233128417269,-2.187902572912926e-05,0.0054402115143329394,-0.004298849166438375,0.010534221722469327
35,0.0030619124707588516,0.023711588190269736,-0.3509984513696616,0.0015737466143515462,-0.015242439700984968,0.0037429821548427417,-0.002274746903940937,0.004822316645107232,-0.0008910276937911712,-6.470436992583872e-05,0.0026794860850240243,0.0018150427824418225,0.00907677060086344,0.000626714206352269,-0.018228969366360204,0.0021147111992509543,-0.0006171046314261269,7.890168546467041e-05,0.001620708510152411,0.006968067368272324,0.0007229357981967388,0.006945395721292916,0.00021613115384407273,-0.002654826791518905,0.037734135857950935,-0.00040001362033679154,0.0004934026318375264,0.004940395345765706,-0.0034910861131083257,-0.008010801981414982,0.00862191538670897,0.0015081564846473293,0.009607666010918468,-0.002870672724086214,0.00045107143478312784,-1.2103735618659156e-05,0.00688368216724437,0.03442477784766744,0.0029593244874965945,-0.004570696501604115,-0.0005152458458831666,0.0047381539500278,0.0009296263018275336,0.00801189045516057,0.11928039253115844,-0.0011667680201784293,0.0006744644729203676,-0.0015186160065574041,0.7471347482364852,0.008705831777169812,0.0038111350224423607,-0.00017216646432260832,-0.014437688685573657,0.003263567557944415,-0.02495915725876484,0.0017412818465617035,0.00016364760876531187,-0.0006345138161157635,-0.0004387095381744226,0.00015096370670152594,0.0022866996127546245,-0.03803114690514154,-0.025009820854216044,0.002388314121221733,0.003304766160636702,0.0032015007474405595,-0.005487632733403577,-0.00018053401029491465,-0.0004159240336147646,-0.017210899729399473,0.02097198196828358,-0.0012432668415088789,-0.020675293835010027,0.000273260516563463,0.0010955384889927977,-0.10338694765764589,-0.0008083880993277892,0.0013187657848421496,0.014304746362307483,-0.08363975579033794,0.0005854685037912722,0.024577244554907795,-0.0005460791801152817,-0.0039036121734508204,0.004470401546982392,0.000937988625133858,0.00244655402548478,0.006867559116062111,0.0016164147785295863,0.005138809358435468,0.09750206731529967,0.0009048049381042405,0.001812010176120855,-0.0005895189817887322,0.011166083438206173,0.0016599032297231866,0.0017334387462147813,0.009970419315539329,-0.06384852842178251,0.5130786729565864
36,0.0006010683157298982,-0.002854456843259981,0.003073602676291444,-8.565842395833259e-05,0.0033794240337633695,0.0030886234452865494,-0.03290845483338721,-0.0006364218949788131,-0.0029070408230181376,-0.00016126201688714328,0.019906216277313135,0.0011045964885961906,0.0015561742075883662,0.0010098758111745272,0.0010519957396258432,0.0008876270995024187,0.0004146681536716778,-0.002744005965534831,-0.003619079276828853,0.0003241845560398894,0.0006743767666022953,0.00640275586583426,0.00017956437138868598,-0.0012691005645063776,-0.0008036839863947431,6.757787258623838e-05,0.0023949902395321563,0.0011153508931170046,-0.0007017164944697852,0.016133214899388685,0.00027644792785568636,-0.0004194148894995436,0.013139115079131382,0.8227426056739204,-0.0006756708209994776,-0.00010072493273571848,0.0012364152412679477,0.007604090345721938,0.03559940519787857,0.003504790972028633,-0.0005967479353426973,0.003541267537990494,0.0016115920351610078,-0.05607402107315703,-0.0016387183160139138,0.06610373432291201,2.9099560148357643e-05,-0.00036634249304371563,0.010548847888265645,-4.2206166777142046e-05,0.0005446402385769567,2.7504172706721564e-07,-0.011132415897171573,-0.003248303624772018,0.005628613383010152,0.12254854175779509,-0.002555335307465171,0.0001852540871081959,0.001957522078638472,-9.195654099850457e-05,0.000495266992287404,-0.00025768276275204074,-0.006296149489307078,0.000521883523990439,0.000842291009959236,0.007080524376172256,-0.002410896087761496,-0.0003449178692326011,0.03003972678821944,0.0017367284334237959,0.013866958669999097,0.0014014433911363464,0.0003275326790908458,-0.0033539958769624335,0.0003209209027782607,-0.0032752015164627998,0.0007570981653560525,0.004387985797196259,0.0009933796413501969,-0.005553484783887806,-4.649904461594438e-05,-0.0009767335836785278,-0.02664186859609588,-0.14845004581631205,0.001010711915682352,0.006727657423497224,0.0005524416957547425,0.005132300263715176,0.0009596050269014164,0.5198762686914614,-0.04885095847000299,0.0004977714607189243,0.0007117611241669323,-2.213476144045706e-05,0.0004527991068998538,-0.00015068731133033016,0.0009264770799204821,-0.0016433564301382934,-0.006590064182445215,-0.008914863752294493
37,0.0002454557951145714,-0.024013433660333303,0.023032246705559742,0.0009932880377577949,-0.0005971016447747081,0.008133519886558721,-0.0024155886982778784,0.002171232992481009,0.002912544249691349,0.000943735483589469,0.0034684425455562542,-0.008405219319465515,0.010800639407068168,0.00026725201220187313,0.00556450391658905,0.0010101420589886632,-0.0007466188802782009,-0.0010097403088024075,0.0021745094523776543,0.0028142276889807786,0.00021975097727024075,0.008405023041090531,-0.006033633792705968,-0.004794487160085428,-0.011717149732593047,0.0008127264778003383,0.001988624785592704,0.00018817750250441783,-0.007734185324938731,0.027957065672754335,-0.007588098477307761,-0.0010237066642444885,0.012235110387238094,-0.002605162772307928,-0.0029220017866649385,-0.00010785841778901666,-0.005835686346452616,-0.05330248503139156,0.002196978206847642,-0.024884987231747764,0.0009281734956136857,0.0057233667545556295,0.0014781251017783191,-0.015216671169094644,-0.10097741335206778,0.001258921477821185,-0.00029180872393996766,0.0002290879333127307,-0.5312011791743936,-0.0037840044428385775,-0.0020101976194755334,-0.0005992098626675999,0.002798142147043844,0.00028805615585132,-0.009178357541236831,0.0019495961656428853,-0.002756917589128301,-0.0030238791563325187,-0.0011112991279064535,-0.0001156244999216929,-0.0005183690553123373,-0.010876435081760371,-0.006886538836983063,0.0027719113567635585,0.00017828164529960352,0.0025408157346688137,-0.0013975871622056723,-9.314649950574938e-05,0.0008795252506609936,0.00997890769324991,0.02608467926311648,-0.00042223305893593994,0.015397482602107819,-0.0011443850902482205,-0.0001944424857566315,0.07061283011832173,-0.00043725460052463846,0.0002064778417112664,0.0032667063053495714,0.002771881078296486,-0.0026070386867346924,-0.009776955553585947,0.00032265614901652497,-0.0057081357746718575,0.0029178328626261723,-0.0005797176175964722,0.002569327125072806,0.009369672699371525,0.0004788806228670021,0.01899909775340159,-0.03570155063581073,-0.00028609361777076213,2.5477314966233745e-05,-0.001267601171241617,-0.0006344081565770026,0.0012633135392484203,-0.001595286384005047,-0.007701653942331998,-0.07644753515509903,0.8288307220186055
38,0.010511062798816945,0.0520906815641205,0.020089242823943143,-0.0031092495748141318,0.009836926705645982,0.0014184877337763413,0.0003807366973130888,0.0005122047369766625,0.00022492466797454855,0.00038662000688274856,0.002068565365474173,0.05131213400722501,0.0030868532184944314,0.0029414294214315795,0.0011959290701744063,0.009599415856269167,5.300621458742549e-05,0.0010600697841971034,-0.0003129782440675459,0.009303538594520627,2.938988025192983e-05,0.002428712858885549,0.0010686996496917008,-0.00040179151800788515,0.04840111815980169,-0.0014371815041263618,0.0024781864543722736,0.003061040931073269,0.0763711073532779,-0.029423804268417536,0.03943035614562117,0.021766967927604186,0.015390511025655584,-0.0050654094491975575,0.00018315280629587274,0.00047304925461218866,0.03653008623157944,0.6253757604420198,0.0016753388226600427,-0.09317556907488858,8.324091628302e-05,0.0053573642838441035,0.0019962547921137746,0.00046913964957232684,0.5971106704592799,0.0015716811430132914,-0.0012805198715974055,-0.0013385156434621345,-0.20816163519999248,-0.0002442957728503725,0.007953745173322133,0.0010966845875275593,0.0024186961407537816,0.0005158927656183192,0.007050089060231565,-0.000998761654322897,-0.0005260811767403284,-0.0061994268989077695,0.00040736168193253444,0.0004102020433794047,-6.203625305425259e-05,-0.0007686801304662323,0.0018955221714894166,0.0019085846792748114,0.0005412552282113639,0.003222847389494149,-0.0018693227406502803,3.527468975898958e-05,-0.0002204149619167276,-0.004240428480836861,-0.0002986082775045303,0.002663198257973471,0.00368450082376007,3.483441298600398e-06,0.0012068834547278862,-0.393846166116484,-0.0001899797189567412,0.0006263932371118975,-0.003336214394050893,-0.15381764501962744,-0.002205205015392387,-0.010698099733182712,0.0013325460421717908,-0.002986252044398727,0.005241336630385236,-0.0004005388630238968,-0.004341245478414833,0.006165030331208907,0.0004082525104847634,0.004390843582328805,0.034962222256514186,0.0001368151376569815,0.0016762850869424207,0.0006017520069137531,0.023971098761507808,0.0028305697053596823,0.0027098391691592894,0.008598054867716289,-0.008555143670015326,0.015464479503676548
39,0.0011539991894293927,0.010571423652640011,-0.010761352908912602,0.0007054627259102959,-0.018935449573646686,0.003331124031480913,0.000893686272661804,-0.0006017648675939492,0.00021524937312733744,0.00014457056473701942,-7.623118406102636e-05,-0.004369491782932462,-0.00029966088561980686,0.0014500320610528923,-0.05711977772808,0.0013113929656169282,0.00030885980661754346,-0.0003797643569997478,0.00016737332609813793,-0.01617542270380649,-0.0006411773264522608,-0.0008694300343259634,-0.0004424687261862512,6.339873472837806e-05,0.005008246560795786,-0.00015623627944528324,0.006510734326909184,0.002081702938989562,0.013216921984856014,0.0013090917825539388,0.005654713003281529,-0.00029167785055016736,-8.954972517520078e-05,-0.012042648218625772,-0.0008273774115388015,0.00013295406575055627,0.006630565885613213,-0.010739594143797099,-0.0021484963407827655,0.9437504094741496,-0.00022366234729030102,0.0036031136419915864,0.0013584824708060131,-0.006278759447558589,0.10698232293354928,0.0008223990221772951,-9.864527891240484e-05,4.1561780895986835e-05,-0.03054945139260313,1.0439672660796692e-05,0.0004745543381043356,0.00024621237896254287,0.00040602757993602953,0.004346574000013703,0.01896455610712664,-0.0019927845767005077,-0.0006814546324582593,0.07325529838518492,0.0005669520292476437,-0.0009351062123130865,-0.00015361347279912443,6.655389978395265e-05,-0.0004630020496702563,-0.0016884156854839235,-2.016385811717125e-05,-0.0016715389730223116,-0.0037161130529353038,-1.600994843193706e-05,3.085981737547345e-05,0.004438269160075853,0.003814359143387914,-0.0006820883380404615,-0.003607186994944266,0.00019003820410342862,0.0002674628164807385,-0.0006425483012834788,5.5109677870073676e-05,0.0007288305273073382,0.0011794423295445429,-0.19625639854635324,0.0007273845226192885,0.09517082870941113,0.00015547691101946764,0.0029598500190230904,-0.0003255040297695821,-0.00022295129357459732,0.03901381777882993,0.0039010018115553926,0.00020015512770650502,-0.004921378627422589,-0.18421189417563555,0.000158171043114652,0.0006929722036516624,0.0480525335026427,0.0027828940951424097,0.0004423545597641229,0.0012150286399835299,-0.00946458128896516,-0.025663973104776663,0.013978117998855347
40,0.0016731650123659816,-0.0032006221901408616,0.0035292082734586835,0.0003902795718508526,-0.0020625189444804584,-0.00015011228129469673,0.0003859878460846268,0.00901615424735498,-0.0006438292279963035,0.00026803795178536455,-0.00021158816705145467,-0.0013158162789717667,-6.999735273590171e-05,0.0007935579680170973,0.0016488450001334101,-0.00015049760235549825,0.00013784279506790995,-0.0002980635516149914,-0.00041824597387994894,-0.0005434642672508738,0.00033864057441982277,-0.00031577422351157936,0.0010805599254655612,-0.0013782610348621657,-0.0003589087918819331,4.92270064950598e-05,0.00020100924944615556,-0.00015617426969423545,0.002052770966209601,0.002669012638599244,0.004597794188487555,-0.00015030423755101833,-0.00043587211342736246,0.0021978382539434805,9.587491302373661e-05,1.3536261499804206e-05,0.0011021101493570648,-0.0291232140155829,-0.00034468001458828727,0.007301357735160024,0.0005405019644672089,0.0012683530378544985,-0.00017506695192932208,-0.0063280078830606525,0.015037284225690693,0.00042841510463585003,3.278066616579472e-05,-0.0002815032726243897,-0.01284053559063005,0.1013499348299676,0.0006805454200161428,0.0003173224752852563,0.0007378417636037453,0.0005251055760288819,-0.0008659419221900624,0.00021888727808199598,0.0001241422627117981,0.0009348845504454872,5.328686041067068e-05,0.00011923483235725318,0.00016849387970023456,0.00021357951381912265,0.0006239128116084877,-4.329480471571692e-05,5.2769909000501846e-05,-0.00010946172199726947,-0.000594214981148823,0.0001165430117712027,-0.00013096207258670388,0.0030829926440971945,1.572192151785357e-05,-2.5070575747583156e-05,-0.003341678120149158,-0.0005044703808002979,2.3319890269881197e-05,0.0016499698031225245,-0.0011753975724281916,-0.00012421044277134723,-0.00041244961037918747,0.004264051470752719,0.00016402794537730093,-0.002228293055613087,-0.00016615200022255933,-0.0004691927838662794,-0.0003530280374092901,0.0003713221730732609,-0.00037873564042330027,-0.0004162266893917128,-2.657094208013825e-05,-0.0011187169012758813,-0.006029592628409833,0.00026565633067053844,-0.00018475449538682615,0.0015807720003036358,0.0034430056017492653,0.00014006320634558518,0.019997572631643312,0.993844449857784,0.0007677875615018745,0.0010085072640240098
41,0.0004243144329117412,0.0012899440116613354,0.0006758356057858525,0.00023074872225168795,-0.0012333807448961134,0.00293781947438788,-0.0030154852358475473,-0.00020356098947052134,-0.000687499146250774,-0.001830295838178111,0.013605005158140213,0.0013466086273541886,0.0006535252287194499,-0.00010513313665841948,-0.004980061416627306,0.00033631464093991127,-0.00028743441206473437,0.0007089776948823441,0.0045065395937807515,0.000519723225431667,-0.0014718278670862285,0.006577561842402216,0.004711040595406097,-0.0030776205203151756,-0.0016192408210248845,-0.00011085765548781443,-0.0001437250642848561,0.001619378307678294,0.00024361319745410878,-0.001023112636959999,0.000834245414586235,0.0008116226661793205,0.015548442652099297,-0.5399910942589631,0.001819918268598355,0.0002752433551773152,-0.0010251417125465593,0.035933394778957156,0.02788501071425638,0.0019729469683958615,-0.00016152149280151788,0.004594654211053558,0.0024634348212343904,-0.010639409073766846,-0.044036279995490965,0.04427345659358791,0.00011535786464889644,-0.0020279011532382913,0.01118375936548021,-5.474883995244291e-05,0.0008656836603964106,0.0010653884242977445,0.008005745888306916,-0.004060961541350613,-0.006678745849319106,0.06374668281600883,0.000495337512563514,-0.0019336792629097387,-0.00034214546844476006,-0.0004931571371593775,0.0023426595579846927,-0.005407697207993859,0.008565016077447954,0.00018699524748901859,0.0018231035538333585,0.0036915222978304994,-0.0023139568171480483,0.0002220841650194379,-0.0041215605510263355,-0.02192336138988953,0.013920164087169873,-0.0015281086386377412,0.0006710163988060708,0.0045237855649979414,-2.793042254207751e-05,0.00017692914821000431,-0.000731905927257536,0.001107140619101862,0.0024074439708992377,0.00018511810153020933,0.0007968756585935321,-0.013234421077427616,-0.001598520625072489,0.02315489559458609,0.0006338767756646775,-0.003020416597335543,-0.001146762834716395,0.009498582327181605,-0.0007168609947043115,0.8337366894479958,-0.014416646251712677,-0.0004333190883039976,0.00026821893497445216,0.00097678048318111,0.0003759237820820965,0.0005574338562233123,0.001054755594359917,0.0038601190353927295,-0.0040932593533601356,-0.018843440192154608
42,0.0006808089324952257,0.09520410392206106,-0.010816111372590446,0.0018788850001272511,-0.003212535645854231,0.001582359080794283,-0.00039235902473868864,0.000961186339377109,-1.0841750848993807e-05,-0.0007205827078084585,0.0007132481995775278,-0.009866309874082064,-0.0007172184901018241,0.0035932427056724935,0.008582984228942887,-0.0070991683916296205,-0.00015671625293410194,0.00018684943100251542,-0.0007618166100395417,-0.01603233368196513,3.1111390345044815e-06,0.00040496542862807083,0.0017146233108863195,-0.0006865953185302494,-0.011649916356870418,0.00029772722255882577,-0.0014048813903807216,-0.000601571430535454,0.019167504465627472,-0.0024320573676405747,0.025242523998595938,-0.01590420418485619,-0.004453075051662321,-0.024574175370830512,0.003251580578690246,-0.0005458719651133363,0.008788400762721756,-0.6933500010704396,0.0023222822600054748,-0.08441775387551477,-0.00016853915469168274,-0.006781780565150306,0.0016434774271881247,0.001155237922226968,0.6754982787886918,0.006196578188468484,0.0002752821464526467,-0.001548047924570731,-0.07859450177969309,-0.003114894417935825,0.0038366917651295462,-5.874222942951826e-05,0.002333777887900623,0.0008956635631559369,-0.004276270908132036,0.006085289090656292,2.684695016309021e-06,-0.007872888314680623,0.0002609670755678133,0.0001100829064435319,0.0017106447829363673,0.0010379115780728924,0.00047586193036081243,0.0001683260954112239,-0.0008921382517245927,-0.0017139171203679724,-0.0010102731547052455,-0.00027071206762945325,-0.0007175760187818397,-0.008005252639540456,-0.0004907696248614123,-0.00036932452368757017,0.0012705951219057477,1.2701343856895376e-05,0.0011010390987477078,-0.03847630704846556,3.4609877650609855e-06,0.00047141678211886983,-0.007260624439713459,0.0863827119070497,0.0002323815840952969,0.15615177656865442,-0.001534111042869327,-0.0020763090854206,-0.004931040548151119,-0.0004186518526646271,-0.004405029891066363,-0.00011003324297355837,-0.00021141039383683552,0.05235483515736857,0.0002922327038957927,7.560028272224958e-05,-0.0009558961716546494,-0.013461181258466057,-8.88387847423136e-05,0.0007054586253980193,0.001278949399950196,-0.030317038854075284,0.014483101548618468,-0.00708944791935285
43,-0.0002679764537229277,0.10256099644772315,-0.037598516035934754,-2.2471675802128e-05,-0.004753812420947994,0.004497697244967635,-0.00011556916345814485,0.0003429891731688284,0.0003338748581566556,-0.0001849643492863606,0.003076696549637975,0.013119697572718112,0.001559716718120685,0.0010791071308101719,0.009678607951144402,0.006528767643292848,0.00046908964798341845,-0.0008844950243210611,-0.000925443938064869,-0.04798809323460527,-0.001524682708496563,0.007713240381703714,-0.00039767223167668127,-0.0008863723803605762,0.0010619240780867165,-0.0025150814236859424,0.001133366624723298,0.0002853689357828406,0.02148064395052087,-0.009142785589093165,-0.002742084182743708,0.006044818423093649,0.042070003085810354,-0.0033333690592793766,0.0004177983540893126,0.00034468641940635543,0.002739796825402374,0.0741585043181505,-0.0004671926164486423,-0.12538056882125598,0.0002536633533383702,0.0019633749416793794,0.0030049070778628314,-0.0001865184039176022,-0.15172228693132686,0.003830269026957587,-2.857556508450095e-05,0.0007946262780251599,-0.035804416080462656,0.0005594566630995532,-0.002200839733887648,0.0010009899859802166,7.132392519673117e-05,0.0018117826683833067,-0.017248958795903917,-9.762658452128046e-05,0.00035645152363046487,-0.008630810045886781,0.00010208981205528714,-0.000442368882544458,-0.00048655015143598667,0.0012070259466429225,0.0011841146855744167,0.00011722492517318456,0.000883248663325743,0.0059888763317585015,-0.0024670567749506293,0.0004418149970279936,0.0010301610525664754,-0.013723736773362376,0.006836072831759587,-0.000502936370909353,0.00042663269453206096,-0.00018475539457597345,0.0005288267208805181,0.008212132752302795,-0.00019261958068023805,0.0012078236142265579,0.003604151623813289,-0.2026223373450582,-0.0007238738361732993,0.9452476976855549,0.00030743827556121896,-0.007926466467842936,0.0016371707421750639,-0.0005260306366392368,0.0066952176984701635,0.006247698998300839,-0.00024522199239388376,-0.00034275387174812996,-0.014603867429531873,-0.0009117968295543257,0.0007303796706523153,0.004858460123403896,0.009463152674862937,0.0010391003236940254,-0.00037599488494452493,0.008254417099338997,-0.026921500827231232,-0.028824434361059952
44,0.0012769926592026493,0.03771953281105368,-0.007974411774895784,0.0005194786099826709,-0.008743709827473892,0.001961192257255679,-0.0015430367114624248,0.00011564901525917305,1.887865064161172e-05,0.0016749174378337113,0.0021447237028460343,0.061479159759295396,0.0014612891127598372,-0.00015044069920895197,-0.0039025970929588093,0.0010003364901908906,0.0003075603429232056,-0.0017161501460147407,-0.00199653300355704,-0.002375584963039878,-0.0006149818742416328,-0.0014848254915823325,0.012679480131316333,-0.00035993240654992424,0.021513342043283076,-0.0015529640691721565,0.0021217037386463285,0.001293925217966594,0.023383993092567158,-0.024550995337511306,0.0062929441678324875,0.002865315225948183,0.9859835567475886,-0.0019244135512064737,0.029815175483280602,0.00021466673355385532,0.0041552445013598414,-0.03298782858567123,0.0009063043016590585,-0.0001410214916127493,-3.937084201824717e-05,-7.375307504466132e-05,0.0003220821274801715,0.0004651363587655777,-0.016905885774834605,0.007817844148846766,0.0005279745410678249,-0.0017432223252128666,-0.006027502325470977,0.0005450365364107239,0.00149155240423628,0.03261254125217876,-0.0012530240987408828,-0.01738011120137863,-0.016954097826037122,0.0014963270453537364,-0.00027523521826555535,0.004834623581740845,0.001177326738115851,0.0001669916537851488,0.010705729140101376,-0.02066557800664029,-0.0013105254941776666,-0.0005984950125038329,0.0006181422650618621,0.0018422101719564046,-0.007163930000807757,0.00022235774047499844,-0.0007452793258170273,-0.01630187196878495,0.017699943966326535,-0.001625869507198249,-0.00048206159752773366,-0.0006814650949140057,-8.481957561405282e-05,-0.00881910516839144,0.000170842441497265,0.0013716647040127896,-0.0026727748176171434,-0.002531781308226691,0.014586683025167638,-0.05533310611365173,-0.0026386018409217315,0.004100053702700681,-0.0014785450656593247,0.00048318791584172477,-0.00023975299918414447,0.005794630513338606,-0.00024511291162393326,-0.02326212537829922,-0.0028173795348173103,0.0023959454506581133,-0.0005242401848899424,0.05673098713347322,0.034054697706649456,-3.3229592284505366e-05,0.0020357115882687314,-0.0004949344612079146,-0.07934735745884337,-0.02649114772644621
45,0.0015845818360958682,0.9539269313384209,-0.0016719903198282168,0.001754585088882251,0.001995862830899529,0.0025690988996829017,-0.0014895173879158532,0.00034889607966004724,-0.0028243620593833294,-0.0005265454991778551,0.009936725554081078,0.027670381505859612,0.0013336441794401226,-0.0036056370447061035,-0.0006427692304571894,0.0036745011757770944,-0.00017349811540304932,-0.0013750154428779741,-0.00722432684703676,-0.017702306926663254,-0.0030869971018115186,0.005905583292171104,0.038316558951194415,-0.002399421194538287,-0.008645632818739979,0.001039957859103385,0.000575142747814391,-0.0003109647335592172,0.20848580295554037,-0.07770356411090283,0.036139246104638006,0.005386272581564017,-0.05490095192201708,0.003785065766383674,0.0006774101890918496,0.0005085562970513491,0.0038947051826691004,-0.002177870320692138,0.011072144723112711,0.013209079703784833,-0.0008645410703412917,0.0014246645628194013,0.015560906717156467,-0.000949428359009811,-0.11637624960741598,0.0024499216120549665,-0.0005441072505713263,0.0007764662835812695,-0.014419973269434325,0.0012386150292876185,0.0032491744495952712,-0.0029617750280916053,-0.0027474626572788485,0.0018316568746246098,-0.0018267710931476264,0.002267967349769425,-0.008322439933201815,0.0010341952942512752,0.0004964079462277519,0.0004903148466184628,-0.000524219830255062,0.001516359981965254,-0.01830818464144783,0.0023063682142228574,0.0007740629097370997,0.007152562659953728,-0.007108340356857486,0.0001503082010308205,0.002357840511500473,-0.01097134377286801,0.018708148756249463,-0.002111215152694766,-0.016891258772157774,-0.0003703572602466801,0.0006222707840490005,0.002969862120301675,-0.0002925061551024809,0.009216940496366921,0.003248541594725915,0.007897345536204622,-0.003895432982570817,-0.1240514010879991,-0.004836543089113944,-0.02245267032131191,0.0010733754822145058,0.0010242762089434799,-0.0011905352335097284,0.03637043195370811,6.884767010791222e-05,-0.0072804914616253335,0.0012374516076597286,-1.9353300001467844e-05,0.0027680069167362077,-0.004282132920019863,-0.0010653614954159452,1.6235779740175066e-05,0.005566258753011005,0.003479807433126727,0.0026687265096146454,0.008368098816263075
46,0.04810121533065289,-0.03382555227199863,0.005657108017699371,0.0023010780943771465,-0.001145982572228324,0.0014268083402868836,5.2788366270206666e-05,0.005779778735066909,0.0011015443337440423,-0.0013273235634522623,-0.0020941848499565208,0.014302934917088783,0.006679352958393281,0.061956844084715385,-0.000300363254660832,0.0031466298482197216,0.0004015628318211062,-0.00469725456745196,-0.00558876972436665,-0.002110137948903759,0.001495512482850899,0.01005719063109789,0.03388026625951365,0.0005713340890939854,0.9643595498625016,-0.00041410854034622507,0.00121202443328949,0.008178736056680532,0.10448992683821035,-0.07183067662603555,0.04979289925472262,0.02099582746262551,-0.0369314873728811,0.001277579247891953,0.07257925985288051,0.002120190797106923,0.07679261699453818,-0.06221501483186648,0.004027479900573158,-0.0013885959281859424,0.00048600696916163005,0.004638168308711714,-0.001253212415186779,-0.0010509194873339202,-0.05355968728575965,0.0021860668063356874,0.0009027733769097606,-0.00659454254003632,-0.03074946720663866,-0.0005678430142493805,0.02101321434347636,0.014357602264731638,-0.014817726327698698,0.00048704143818811135,-0.0007017261016547399,0.0004491310733370751,-0.0013458929738746073,-0.00026998367999872357,0.0066268616870548015,-0.0005140337081805254,0.07696221547169807,-0.027200199509142285,-0.002080460627032474,0.004849205730720882,0.005427567452862471,0.0031960495793996184,-0.0023622369456266345,0.00045579783662499235,-0.0010139654436591113,0.0015001745821711567,0.01418940154164491,-0.002239150306041297,-0.009530982931089213,0.0007928951207309249,0.0037519969832739072,-0.009573885236424606,-0.0012430642185052923,-0.0001299349191651849,-0.0005210208522510446,0.006849537947005782,0.11215189622068195,-0.003469599904260429,-0.0008469772061636023,0.0015382967824824388,0.013683750969085612,-0.0008327908796913019,0.00307879762795914,0.0007829596258977717,0.0009465393839383244,0.001796093017822343,-0.0011724098797762858,0.010006230812539454,0.0040293111651564795,0.0010827932800161859,0.02006657887524125,0.0028032939023133127,0.009648226854226807,-0.002045954551098718,-0.002645476841485042,-0.01227036301706106
47,0.014373887864893528,-0.2269651079014825,-0.0004111979032151436,-0.0003027017501418044,0.004742123425616758,0.00129171688015179,0.0009574833556128398,-0.0002130040841117481,-0.0005031620031117345,0.0011003571908394724,0.0056552260576639875,0.09806609629407506,0.0037787296993192707,-0.010764647901553348,0.0010306203613702977,0.024688453042551902,-0.00010485373486887606,0.00022871548937668023,0.003340656149545724,-0.013821563946156249,-0.0003417211475058735,0.005181764563842091,-0.017075747423042142,0.00047990436217674494,-0.12708013082905079,0.0007729773904722997,0.0027936269440173135,-0.000679044661481918,0.9455442509749862,-0.038539590264309996,0.03737185756859994,0.038334915396725434,-0.022479981444601223,0.0002492776549614139,-0.00716453817020727,0.0005348840343774382,0.07959298392806224,-0.06931276488010027,0.001669228785080985,-0.0066747717850233,-6.095644813144951e-07,0.0017319296609223473,0.008296607124932623,-0.003792676776496749,-0.06563571595257398,0.003306643386799431,-0.0007813123461165974,0.0002790325124491285,0.01841720236584246,-0.00036981546299237177,0.0026275625626736437,0.001960368749017963,0.0017217969640176273,0.00037577979161386844,0.0006365641560327779,-0.002805307370118135,0.00133935963211234,-0.0024285547725783176,-0.00014016328798911932,0.0010934780659008145,-0.016196837632483876,0.0022126848745291153,0.0005333445832329253,0.004524454817223436,0.004830791975511129,0.0037352361305503273,1.6623830702898945e-05,0.0006020499200426847,-0.0008044391782415179,-0.0017802903643707481,-0.027063083294745653,0.0011322961848738702,-1.3632244276810552e-05,0.00047010761089798236,0.0028912053228090694,-0.04222569050699025,0.0002204882959580619,0.008236666687885323,0.0033688667243632966,-0.016858536546670088,-0.02783272192910506,-0.007538497655374868,0.001000605943362367,-0.0036467536221762675,9.772048008478695e-05,-0.0005810105204720156,-0.002099383997282293,0.04218233639033989,-0.0003646322077109406,-0.0005853308221498016,-0.00199987817284482,-0.0018236044240140387,0.003952347338159779,0.006379578833200326,0.016632397006499405,0.0006828516561236614,0.003726338387950251,-0.0034913947149827415,0.00035083130344181596,0.006600745286797428
48,-0.003151500937357897,-0.03882259470372425,0.0010876871517341994,0.0014832058895536842,-0.0013246483890344395,0.0010755817638275905,-0.0020687420216044684,0.0007219528893715396,-0.00030285043454037104,-0.0007103616559556714,-0.006486642757763943,0.008814186604330414,-0.0012472253257851534,0.023237770881167116,-0.0007434134418418305,0.0012781527905989225,-0.000778171671233968,-0.015937772972983134,-0.06498368623553642,-0.005047417721604936,-9.186068793556879e-05,-0.002454989293803541,0.8781536412193744,-5.3615393642769335e-06,-0.10604335750667818,-0.00019479105932397795,0.00019476043480335943,0.0009761043860068944,0.006662036981106843,-0.028359946012266633,-0.0062870244104250884,0.0023708028728288933,-0.024161445057551755,0.0012792713136438906,0.19283273759001796,1.800319627659648e-05,-0.0028843874447396223,0.0049774407505562505,-0.0008898685345431432,-0.0006370155199011491,0.0005636388511083036,0.0031735246969461276,-0.005012297170439291,-0.002109264356484495,0.004045714682553158,0.011648730399542796,0.002379304440112277,-0.01986694676710111,-0.0005170727112029294,0.0011700400804415647,0.00036734290257493807,0.07072921707397076,0.0018577247055158418,-0.0010466327509046926,0.00033863061694128596,-0.00023503354663826335,-0.036898322951264696,-0.000728856599872627,0.029266491299386053,-0.0005550102076732409,0.09438723180162766,0.00044678438575408117,-0.00238874444579471,-0.00019967066319901013,-0.0011739585766660343,0.0010259262557780642,-0.0008133699174002864,-3.594521030452066e-05,-0.0013170842164534498,-0.02389451432472171,-0.0014152955769619572,-0.003641790261284675,-0.0012338980536407852,-3.457238616461078e-05,-0.00039393059531110143,0.0008937777337329877,-0.0006499288724771701,-0.0011149090232652756,0.0007153815606661959,-0.002218487153764867,0.3916817584612236,0.004710071570125643,-0.018598093136698753,-0.003974245684777984,-0.0014149780264658904,-0.00014086279511335646,-0.0007657240257280572,-0.02703508685405373,0.00044431068390457745,-0.005176342326472408,-0.002868628300819117,0.010822551598689428,-0.00032372344363563077,-0.0016155687564316415,0.010372160938683738,3.261067841742269e-06,-0.000306266919666232,-0.0012613081129614937,-0.00020710747866092057,0.008273115971062648
49,-8.791765570902137e-05,-0.03626330675914571,-0.0014341340642074854,-6.141952313565345e-05,-0.0027389925922972486,0.028573804748695614,-0.0005915296600071377,0.009661262471738055,-0.0004927406861562793,0.00238252839826199,0.16978362466211516,-0.006342597058704508,0.03823054513907662,0.0034007142683066083,-0.0022179623826204475,0.008288529869783559,-0.0006550612220750371,-0.0013318589507301613,-0.0011369912300090781,-0.004607596030375333,-0.0012240775184056904,0.1158202979017395,0.011500847329039082,-0.0004867780674181175,-0.007747317066310964,0.0026831666601169193,0.0013629198151428928,0.02916710270714646,-0.05134837244747963,0.0010579203074561876,0.00510788060162479,0.0017316460377567906,-0.009071307796456485,-0.008769125466750901,0.013616732447774092,0.0006513082923312076,0.0006440789039148798,-0.0038643229356560456,0.07551855686930772,-0.004545082416394978,-0.00014079920120757539,0.022690204036284738,0.1506356532119021,-0.006669699533016533,0.004056855764463935,0.02420522760079409,0.0012661733195786233,-0.0009394896566017191,-0.0015425891577269934,0.0015223164827490184,0.00041505616164143333,0.004264945602196528,-0.00899789488158774,-0.00039321385847808366,-0.0020673099693910672,0.02399191408529406,-0.00015721612149924638,-0.0002750270701212307,0.0018617006070445858,0.0018182619133355674,0.005411296742634377,-0.0003053842863563038,-0.009062748065935246,0.016557803484670265,0.014076333183511489,0.05682774724731814,-0.00021549744951957633,0.0007767030166703406,0.011197218154203478,-0.0016711919151548623,0.12584868860422005,0.0001416882835040276,-0.00411174597264753,-0.00025705189335032547,0.0027705909696360553,0.004566955291559126,0.00013514915889773025,0.05645947256491824,0.0006972465034750077,-0.0002682045400857133,0.029712645945184395,-0.00561271332616484,0.0010251537203075506,-0.012232830762752295,0.02103040070053812,0.003321951037609724,0.00856732211860229,0.9451861214158076,0.0018627807713615307,-0.028702418638840595,-0.0024875342392362545,0.0010091304314194458,0.00970299508070541,-0.0007235603179399489,0.013004125291418245,0.004703862748828308,0.0024186348602204012,-0.00013160980695320346,-0.002947438370674755,-0.020943162683210947
50,-0.00702498428843453,0.016594158972394087,-0.0003967041773863065,0.006493551885754176,-0.001270397046680066,0.002329968678681061,0.00123885745373312,-0.0020931628268982087,-0.000403059690860217,0.0004437571111139717,-0.003053181497674478,0.0010886904354112641,-0.0010492364432302531,0.04445848597908649,-0.000315413912816212,-0.0003325882262476751,0.00036272150497264344,-0.024152038492417458,0.007763802361543467,0.002008583867736405,-0.0001328491191045847,0.00018266192902029231,-0.4664366004067273,0.00018024428286543548,-0.12097380365069292,0.0009268612801878725,0.0011147665463475283,0.00012442440589829798,0.008536678017822808,-0.031369438778753166,0.003276216397360355,0.0027247517847813875,-0.020172074422279637,0.0016499040244070194,0.3546303013877218,-0.00026779044325758034,-0.0059589819358228935,0.007032885533294401,0.00013646803381592412,-0.0004279417428891025,-0.00017517106276985876,0.0023871826448326893,-0.005403525673058507,0.0035805174590555896,0.0016721642352095362,-0.01368455171197433,0.006782440952363557,-0.02731646646602698,0.0014614278152599441,-0.0009293824310499843,0.0019046625091737185,0.09244808461653824,0.0028136381827397828,-0.0007253541720536947,-0.0020590822108543325,-0.003513431085506177,0.012281233543979319,0.0007655287603084023,0.019606147744726278,0.0005753596034656701,0.16705150120665985,-9.018876211181089e-05,-0.001406518915271597,-0.0003966459935843445,-0.0005201390250356968,0.002698342029069399,0.0007076499370509224,-5.0929581248697516e-06,-0.001112374799932479,0.005695331122147082,0.012259209583242165,-0.005376896251240041,0.0008879545710758543,-0.0002780229319442641,-0.00045679492162893284,-0.0007853147570186618,0.00044194878364855767,-0.0009648537114196482,-0.0006839907793270601,-0.0016947902454682601,0.7732282938550411,-0.0014969717686506745,0.00011199801844864223,0.001614793081299524,0.00025802169659584675,0.0007465366911492681,0.0018748031967281455,-0.025303370899805167,-8.572366370369683e-05,0.0025921161131770443,0.00019979421052089032,0.0239526232531014,-0.0008258512260555421,-0.0023230651954931555,0.006153681975985269,0.000879619585568386,-0.0017713228236591457,0.0006377010340418334,-0.002726183257864572,0.0018992333333574954
51,-0.00015337062929787954,-0.023195996938163408,-0.005815394883057987,9.820991846053882e-05,-0.009973098848897034,0.05601367210936856,-0.005627440352323349,0.0006669440716061229,-0.0012508634074278459,0.003939257440383748,0.010077776422929948,0.003377684965276106,0.02005645693855154,-0.001413860013714349,-0.0022171225745428427,0.005288846684019511,0.00010437914760162078,0.00013380439639516795,0.0011900170269638632,-0.023930546590796527,-0.0004816822362402008,0.011813217978117097,0.002436022800808353,-0.0008447525950773527,-0.019173950415317404,0.0009318095849474349,0.0036929357239296034,0.0169666212691021,0.023152185051553257,-0.0020590525338246676,0.006333741946980629,0.0022338314796016426,-0.02061867195127404,-0.008366275775938958,0.009034374529855555,7.38204544558801e-05,0.004276109801952095,-0.0036046853109797158,0.03494065970340717,-0.011289183369454957,-7.4355777527132e-05,0.03138530748140141,-0.017106969309210664,-0.0002772207857812567,0.0026241267205723215,0.02490703889869334,0.0013548871885258084,-0.00020608326296615235,-0.004855233137227568,0.006922874852165695,-0.0008422363741985087,0.0003210862112913513,0.0004860146025288149,-0.002600670338344078,-0.012077450732586235,0.02101094915600121,-0.00107097666740231,0.007873612208814237,-0.00013248985642662782,0.0016013588047070623,-0.001536821378389045,-0.0006345341334943492,-0.006450586050225279,0.009108742397341928,0.008794754680688749,0.01921875059476306,-0.0008570690863008762,0.0009281185288211485,-0.0012481109852749697,0.0013705919660550962,0.9803862486884107,9.813878764772184e-05,-3.298046494670131e-05,-0.0004398894141918164,-0.0013620178484260318,0.0031293569856256586,-0.0008033887345885084,0.00571759778250244,0.0030814591731650187,-0.012183811465860537,-0.025731858158439324,-0.011335653297487017,0.0006631435093977346,-0.00120864831436186,0.028654422497210764,0.0011287506575673152,0.051568863997344117,-0.14331589173448495,0.0018472538276124559,-0.02546861430390387,-0.012337992967421475,-0.0013137719017024274,0.0012662324944341693,0.00206053325942371,0.00037997948412329605,0.004346111942734436,0.00017303548500009844,-0.0011232010046093861,-0.011876151135331239,-0.035971789144343166
52,-0.012387489971980524,0.0011521057029500043,-0.0002991670720252932,0.003205114298088946,0.0009634850585191019,0.00211179491104693,2.2935752684668034e-05,-0.0030268880486690273,-6.766715000019671e-05,0.0013777676056878595,-0.003516287060568876,-0.21359708562644927,0.0032762391864562986,-0.0032656738397445224,0.000589632317306096,-0.006249332226908797,0.0003559278205918677,-0.009994653806515609,0.0031267712324768784,0.002629717248046703,-6.441432622104892e-05,0.0018989035154600403,-0.015041475135200742,8.829912951015088e-05,-0.019782784316264047,0.00030907439339524835,-0.001487694912738615,0.008120663942447053,0.028184411136235852,-0.0014621359316652916,-0.0185419586744904,-0.01403605397889488,-0.006861830044342657,0.0016283767401389275,0.7885869035583295,0.0003392927503283391,-0.0856570287460699,0.019129546838031555,-0.0022455318219405107,0.003894142267199616,4.7708000582652454e-05,0.0014952736254276245,-0.0027284429111000003,0.00025892451111435896,0.01070870339227512,0.0010484300368627086,0.008031480662653023,-3.9446138232101385e-05,0.00027464670044338203,-0.001445259699010021,-0.010019330227126054,0.16103812804685463,0.00055248575905072,0.00038122243078920863,-0.0007218638051612256,-0.007493170029421514,-0.0003939617142299512,-0.006858691485256402,0.026986766779288678,-1.5290142979019345e-05,0.283244072969577,-0.006904874928844777,-0.0017052605143984614,0.004666295843997126,0.0013293466928188894,-0.001588572596101194,-0.0004539426718140529,0.0005362013282093285,0.0008781761273390948,-0.0011013039964584052,-0.01770220935110398,-0.012647518641983511,0.0001237565847456712,0.0005609820132279784,-0.0015770289046473096,0.008783031111281127,0.0002967211010921223,-0.0003945355260646572,0.00033549215308416314,0.006086486494944931,-0.4571656773031902,0.0046692020830504406,-0.0034360706567200146,-0.0034513849541755047,0.0036592089873010037,-0.0002955321162241779,-0.00486318420371272,0.004372712346983757,-0.00017830020402683248,-3.070840804694167e-05,0.0006989691794292725,0.03960470851050239,0.0007532786201818447,-0.051420659115734804,-0.030635617359506866,-0.0004282138112155767,-0.010071262451948644,0.0006941791877689563,-0.004810615430859668,0.0006350529483161284
53,0.07908244926511195,-0.009933463550451826,-0.0031045115914139915,0.0009042127899108604,0.0003949291771452937,0.003946819128154844,6.222846023723472e-06,0.007659323472864452,-7.028986503100632e-05,0.0044577907607052936,0.005050351251192006,0.817957682218903,0.0013384330775374972,0.006630461073293559,-0.004608557307161587,0.02614937710906909,-7.362585648687525e-05,-0.00343998656605983,0.0017985084172168209,-0.003009684135323893,2.7756124461417175e-05,0.004536924187792185,-0.014351787749837013,-0.0005442887457203366,-0.05929283595760032,0.016511681816626246,0.008993691044334385,0.008307985952677689,-0.15489874926627062,-0.0035520671777639623,0.14203055190099806,0.06560837346368409,-0.07481310240195806,-0.0022468700723080187,0.18506594290810213,0.002261516513931472,0.3673650802988148,-0.0643983162108769,0.0018229110206991663,-0.007190386867686526,-0.0002648233190030158,0.0024837660830855576,-0.000708430578481284,-0.0019211960222283286,-0.052975537458305376,0.0431352099631267,0.002246826921604739,0.00026398954323279475,-0.0044434903644717805,0.00494002893221741,0.048211974379406886,0.060393871259949966,0.001061177193759838,0.0003244685416595363,0.002491170136732522,0.005753837949593454,3.838668627237363e-05,0.020636774713355437,0.005741941158426517,0.004802025816373622,0.06212927844294745,-0.001674961820762308,-0.00213645612952576,0.001992433291810431,0.0005153930108325941,0.009383586143608444,-0.0015150492899164841,0.0013482928136630235,0.0025683572148178634,0.0031037900354081143,-0.015089589722385612,-0.0035017005974057533,-0.0017287182358486902,-0.0007698983115873789,0.0036791715535153535,-0.036990383753923856,0.0001804286754321094,0.0003272974836426258,0.0004137002589357508,-0.023287778749631588,-0.12293800016513444,-0.016499316143502946,-0.0021833801118437274,0.0008521830435112426,0.00038709214805629673,0.000297605385580821,0.008672225788049784,-0.009832932358506859,0.0019762418264204495,-0.00475264497335064,-0.00363390509507195,0.01618373801580518,-0.0001253726088280907,0.16740500253216686,0.17296273501068488,-7.031377156424198e-05,0.028441254794654876,-0.002967674988345898,0.0052137072115336185,0.0018393054272057077
54,-0.0059305871794534315,-0.0031596572060037416,0.0017618297374843639,-0.00026856514153849806,-0.001810382600984635,0.030807150329072434,-0.007968476790982785,-0.002933832597302773,0.00027135910197157234,0.002547367793488388,0.11902073718704426,-0.038136444348196706,0.02577130127491136,-8.470544583264296e-05,-0.0045688682187887426,0.003017381368030132,-0.0007506266838101846,-0.0001527427300691891,0.000703472034522569,-0.005382000966318884,-0.000374764901812194,0.01982881934714119,-0.016588802688714054,-0.0027741711075051356,0.00017319141032184297,-0.011174261670684823,0.00496390423919962,0.01696736407918772,0.0035812273756929813,-0.0005238048751962342,-0.0005987829357248071,-0.0031667032070683797,-0.006982442235881091,-0.06198955820119581,-0.00480479323968697,0.0004705454936055082,-0.025657926897070936,0.004042456865533388,0.07892700413024978,-0.002506165386648513,0.00020372624651042448,0.02602508709396731,-0.003928842164989548,-0.0033444801209972855,0.0007093110571225539,0.9002508545300235,-0.0007958457489634377,3.716052122091978e-05,0.0017479338713588775,-0.0027754744037177892,-0.0013600286089387875,-0.007196698185566132,0.0010689620804387387,-0.0009316849238651496,-0.002960792548606891,0.36296769656997163,0.00010004065560509368,0.007373439427695099,0.0012008525550651974,-0.0009132222534921434,-0.0011786690085910155,-0.007745305618407984,0.00045362451726971634,0.01401217226008699,0.008570947488267738,0.024623723208094306,-0.0028207689384736187,-0.0002435229208542812,0.0577986555483675,0.0011603759576537635,-0.05437714932355119,0.00011623431960637413,0.0011421959493605573,-0.0010195543957457684,0.0008591475757598575,0.002059824801716015,-7.324463415302532e-05,0.021599913863087607,0.0011659443551408884,0.0006829274795972645,0.009984266640007825,-0.0036536348006587557,-0.011222611104063559,-0.010492654480099773,0.01763239871116116,0.005319317094555303,0.023912802609571092,-0.0666353519835281,0.0005933016920839107,-0.11873454408228307,-0.0006804502985018222,0.001016951807361344,0.002081989202787661,0.0005792763050802335,-0.005464751794966279,0.0038161270575169538,-0.002623501196275562,2.7026198052296224e-05,-0.0016545438791818311,0.0007359635236297551
55,0.17545294265743785,0.006076800561388596,0.0008059418610953939,-0.0006160504692781094,-0.00022388884419809185,-0.004042805517008124,3.924325725356004e-05,0.008730438481671376,-0.0005671489681916553,0.00791970877939363,-0.0025579929573325555,-0.4250784432607957,0.0029171222172203193,0.012376306886192085,0.0017498853845755863,0.000647915796757742,-0.00032597433367620443,0.0010519226611286712,3.223303744198658e-05,0.001922030994513095,0.0001347796029416634,0.0010448880304646363,0.002841769736885002,-0.00017195584156571263,-0.07982033593085558,0.022204560430344328,-0.006041367138414239,0.014193924480917483,-0.05140066895356521,-0.003376555606905472,0.2591255832440891,0.06612975286566919,0.03131688123025583,-0.0008665398276963658,-0.01133955604867733,0.0021858616136869458,0.8252152991369126,-0.0010413474034556003,-0.00495072678745718,0.006314947866190291,-8.622274815392461e-05,-0.004477672371942303,-0.0030931546519428993,-0.0009643904353012992,-0.03312714913049744,0.005662987389843095,0.000920065656523293,-0.0007868297459318677,-0.002255669679584252,-0.002873155053027817,0.07918900184753513,-0.015147129567582773,0.0010187961349467714,-0.000675045738147341,-0.002187354554592555,0.004743385408431979,-0.0004964340046237914,-0.013522366840274984,-0.0013193211881237811,0.0014524896923540371,-0.012186197576222196,0.001127550296167651,-0.0005362674456487401,0.0057157381183305656,0.001079931791541663,-0.0033159794871175687,-4.112958381774848e-05,0.0011389855890726068,0.00010247915420061955,0.0001696656500956087,-0.0034302157695091165,-0.00015198444046454762,-0.0006183987193587939,-0.0006726145067226276,0.010431066658606214,-0.018793192250197516,-4.25653322019548e-05,0.00014947126746965274,6.753331047038014e-05,0.014398112652275877,0.006265673211671145,0.002950371423627125,-0.0008032128511601747,0.0005422359695973142,0.011117934150958644,0.0005341765948405162,-0.007859801327015418,-0.006841475105373015,0.0012576294420405115,-0.0018908825074922739,0.0032548962443799817,-0.0002699499264495406,0.0021547611442101627,-0.12178754408754444,-0.01709328728091722,0.007900109185695491,0.021038880510628084,-0.002473762061815224,-0.000839764262023264,-0.001544532737216664
56,-0.010066813381042336,-0.0004076747135970289,4.3145803744770034e-05,0.00016081019571201425,0.0003365592270689645,0.013977420359404587,-3.272830726922752e-05,0.0008127780872192849,-5.800376405492441e-05,0.0029017234722652253,0.004088891906811257,-0.0060014243249241275,0.036265859497382674,0.00022146255859973414,-0.0012927448203969515,0.0008029255951933932,-2.266222662866517e-05,6.556315528663233e-05,-7.039693292154245e-05,0.00024743657986181066,6.788678402964293e-05,0.011789272899701454,0.0007620636430502566,-2.3137958418302518e-05,0.002201580788187948,0.9904710842941576,0.009595967825456068,0.04298171813349161,0.002611218407632225,7.16975615872961e-05,-0.005416409031138142,-0.004153793606787465,0.002028270994622538,-0.0011909509344619922,-0.0054406730489465266,0.00030056351423544524,-0.025680498748660158,0.0016341188925400162,0.006567097587612869,-0.001702669991742204,7.253352333094071e-05,0.018553676001113205,-0.0026143099701629604,-0.0005373308183549966,0.0018171085729537777,-6.50828760591793e-05,0.0003606374933911074,-0.00020810081834172242,0.0002591976352087424,-0.00025553118935701155,-0.003330297349492181,-0.0008856743722865972,-7.232142574950182e-05,0.0002817466087292461,-0.0014319099971499185,0.008260667197918788,-1.3467063078519484e-05,0.005192520939182068,-0.00011859772033796334,0.09939240304574647,0.0010530922543119394,-6.105024724396276e-05,0.00039165389505564164,0.05141952728548959,0.009858333567057868,0.0029198713582618387,-1.9209521900260054e-05,0.0009125649650783463,0.0005422913210801244,0.0007053885047251024,-0.008391850037941772,3.078404027470914e-05,-8.153376490433405e-05,2.180817475605154e-05,0.00038672927384965534,-0.00019050363800458435,4.930894666037994e-05,0.002191418819636588,-8.567561723319718e-05,-0.0006072529599327053,0.0014656649304099316,0.0021412679777003635,5.347604366817693e-05,-0.0008532925210050779,0.027880488312254918,-0.0006650317661118065,0.01593423727966954,-0.010114274841490651,0.0029091940514867163,-0.001639083649551264,-0.0006060427615269471,0.00022226501002158613,0.004153579572967303,0.005866339197882884,-0.004431824238003155,0.0026538601151683103,-0.0011827414717591293,8.442412899645722e-05,-0.0015230110806235416,-0.0018164082517800897
57,0.008242344119251973,-0.0020840646206492265,-0.002768712685986544,-9.078019002470988e-05,-0.0015740248549170836,0.13733292092882696,0.0011898088384634808,-0.0005723633032583197,-0.0009670500603461982,0.03619149731674011,0.19656038845219845,-0.01945156579431532,0.3690544177931578,0.00445199184368176,-0.00963145001225784,0.02720369546214112,-0.00016973433512933699,-0.0001133621462449455,0.00020074688497341564,2.32076552506566e-05,-4.4743351332542786e-05,0.1825985291826021,0.0024987768345651005,0.0003371227191512616,-0.016144779117139824,-0.08052339122268466,0.013141091180959835,0.520506958944514,-0.003811248768666106,-0.0010987523861740733,0.015581550931854864,0.0013365959858195157,-0.003098558605757141,-0.021374267686028868,-0.008841613184930285,0.005579195404236084,-0.02121102791206305,-0.009057604623392786,0.16846637074551754,-0.012590759851468285,0.00011882718588629437,0.2043907121967185,-0.009107636963758348,-0.0025169122054456306,-0.0013970303879676377,-0.24182347364614626,0.007002368361649575,-0.0001270622974998115,-0.005162031137061011,-0.0021701618952381942,0.005437652856995184,0.0070359920585031325,0.0004983847447783268,-0.00011266346215031697,-0.0011921546422553773,0.3036727411604946,-0.00010849309266630636,0.040891923678644186,-0.0023542908087523674,0.004502294508252862,-0.00740978928582872,0.0027927167092895097,-0.0002774365645781887,0.28393383246162945,0.14317686794077225,0.05979374266399818,-0.0012109575214225773,0.009541363736323014,0.03608059838800648,-0.001745906331696974,-0.08436936570160934,-0.00029409780404070045,-0.0009427704584429805,0.0004427398320830875,0.010006299862333506,0.0005128806347598283,-9.213013311915735e-05,0.0257914793862606,0.0003970820120529489,-0.002616302573949972,-0.002204601001659064,-0.006004472574344263,0.0025733117439603534,-0.003205504135398843,0.341122145704477,0.00608542151343259,0.1127122194660486,-0.12464048173740551,0.028655090957415745,-0.03520544282335543,-0.004505460175423851,0.0013025653636692825,0.04358118763197884,0.06589550828581857,0.01687455193279945,0.023117036762620592,0.004748957843186588,-0.0001978622563483176,-0.005832323162671765,-0.014499235215595343
58,0.0024805898211780935,0.0056297566069117115,-0.0016347430217782837,-0.000178079983124,-0.001701322161690993,0.011827225243909271,-0.0012272542435827337,0.001833240709865298,5.071204847106523e-05,0.020287624962031778,-0.25379372485689927,-0.005288234885354759,0.1826492771173255,0.00016515058025579218,0.002058154957623722,0.013049863124833973,0.000529788654805353,-0.00040836988473475855,-9.550584547786747e-05,0.0006098577030072827,0.0005380585660932219,0.05212926705010618,-0.005495590598502978,-0.0011077844566999562,-0.006605707462934197,-0.029894206377030372,-0.000848068927501687,0.34203351627829415,-0.00357450691633185,2.0751530154204667e-06,-0.023206832314418845,0.002848887028536963,0.00035759658838155524,0.04848088770727693,-0.01660302211664445,0.0031574774250820135,-0.008208670731046162,-0.003129124812807929,-0.17441612941135776,-0.00042085109353152267,-0.0002585045614207429,0.06483580287353861,-0.0125273939072439,0.003169874602445704,-0.00017341020387193207,0.3438793958887116,0.0023264425856288798,-7.231917817901272e-05,-0.000727579276795948,-0.0020717958764455697,-0.0002671562897524375,0.0322650987667128,-0.00012269187642560686,-0.0005466186242587059,-0.0007135073835540066,-0.7320476478632922,0.00010698376798090603,-0.003436244379905028,-0.0015703150433699175,0.0035955644530198294,-0.01687692074051334,-0.0030939371945930307,-0.0014221781142152931,0.15985744529837692,0.07531766415133878,-0.033517851932902555,0.00021925528510252125,0.007025393785749666,-0.07451852263990218,0.0005326029952883154,0.0037213483561062306,-0.000856450442241293,0.0011758943860797327,-0.000656593976815556,0.007601162584720447,0.0021550378224525074,0.0002161623865922259,-0.02879912652939623,0.00018456784088329015,0.0017801620209976325,0.005430039792401698,-0.0025059117380561036,-0.005196303138071463,0.004190566090469256,0.19751817498730542,-0.0032348675404593736,0.008507069306965645,0.042935785880440364,0.017005029557173142,0.07642628204524742,0.00031822734903343315,0.004684684879758799,0.022033741446271345,-0.014947235760022335,0.016531208810638506,0.010637435784207096,0.0011688953659933447,0.00014031055213323414,0.001334126199483119,-0.005280170718946934
59,-0.014290045846590917,-0.023805975507696475,-0.0014594928009136147,-0.0019461047220111173,-0.004066404829154291,0.01750783181540307,0.00026463560380399155,0.01707628878052845,-0.00032189200290852135,0.0009581926350005661,-0.0337922412849807,-0.14317793690448094,-0.023562114617236618,0.04840885684212483,-0.015431970028716005,0.003838121139089574,0.00013078160885192543,-0.0028890532858350934,1.8156731180909297e-05,-0.001588899282709404,0.00023795031194704525,0.004696678895675589,0.0029593466133198713,0.00011050675729670084,-0.02239228329928636,-0.003391771622101419,0.015516262278103746,-0.05141498603749472,-0.011630143528025348,-0.009108549001449877,0.7805181261452103,0.01229185572684608,-0.025792854357838332,0.004467997166971295,-0.02693565734183035,-0.0006343650847046717,-0.24443811199773088,-0.005272217842012836,-0.01476751512417721,-0.044129608149872816,0.0003436222056577287,-0.005757676867394661,-0.00237253986968365,-0.0002558351834027182,-0.023376341352725025,0.01026330566362718,0.0009722336208779146,-0.00031883394076521587,-0.00024139870760093128,-0.0038992904460695647,0.04155924623908769,0.1034125598390709,0.0005454573951205817,-0.0005003417887766218,0.001399952129418864,-0.04457760694477221,0.00022332953696363976,0.11785403778723856,-0.001793134988119345,0.0025907374246578302,-0.0233943529842921,0.0011648522919490457,-0.0014776082610695289,-0.022501345072206132,-0.010661562965922092,-0.00479383457185045,-0.0002274828288031422,-0.000769359422775987,-0.004579641225303766,-0.0004803375350685393,-0.009702797059860508,-0.0007389280268277343,-0.00031729276899484767,-8.428211671849227e-05,-0.0002701791166083642,-0.007272782693893899,-2.905138606257296e-05,-0.002711721805011852,0.0006318746013047501,-0.002256049688256462,-0.00409465591059062,-0.003190232374917468,-0.00037084708625297665,0.00038694368156339844,-0.02322180024869484,-0.0007566153445122655,0.11877710199247879,0.005071240946478361,-0.002261736517910467,0.005177460781632479,-0.012787142840091633,0.007517188997987156,0.0026507643701267998,0.5019559578984224,-0.009038999910946482,0.0028460860885030446,0.00485825408706884,-0.003877886178349212,-0.0008573683495475748,0.0005156903222446928
60,0.012096405062403481,0.02372718421158947,-0.0018570035242013103,0.0011809035536049766,-0.0056244772615025845,0.024636187713671435,-6.289231948104225e-05,-0.012417134903881204,-0.0007925615784338353,-0.0019173019573556875,0.00018495580778169797,-0.16517280718590743,-0.029205867317638724,-0.03264487890001471,-0.023912478553156355,-0.012192479192640741,3.944471161783543e-05,-0.0010109334670770466,0.0001713332263811769,-9.22578717452193e-05,-1.930468773674726e-05,-0.008602987156540457,-0.0022964378313165474,0.00011723128295372011,0.012770425637762602,-0.00156378949525638,0.02547276072617961,-0.05919343117824405,0.02430242648304861,0.007063645855131919,-0.5215954005558565,-0.011801851727036877,-0.03540479192839932,0.0012214783551735661,-0.0016447954704650455,-0.0003334335075210332,0.20587357546897778,0.0029575666412593425,0.005226693113910294,-0.06834176692203055,-0.00019085684494504762,0.003390150713736817,0.001186145526262681,-0.0018686060971031572,0.026970369684041078,0.009849614037016506,-0.002110877554932076,-0.0006050950782268347,0.002332025785199324,0.0023349356494590436,-0.026503466538329964,0.060399338968769214,-6.897618314272852e-05,0.0004997534157698599,-0.001039997062989028,-0.04084809013815859,0.00012452466491978675,0.1820435087387982,0.0015330840501160058,-6.504609067646631e-05,0.011222915793756904,-0.0003736921824330358,0.0009498574347453007,-0.026108027180459438,-0.01266518175072073,0.00713273472041026,-0.0013825657910839415,-0.001432778987909989,-0.0031954420207561058,0.0006168213200225376,-0.009767331242585272,-0.0006467495517848247,0.0005906063710548986,-7.54138920306506e-05,0.00031887809115131727,0.00892281208174553,-6.066107112542331e-05,0.0014899351488302335,0.0003735277783656274,-0.004403093465208147,-0.0024340679499569896,-0.011161363731874874,-0.0003104290504333052,-0.001040835031016814,-0.02646049717805335,0.00012772104587639287,0.2019522339511143,0.007257516347781165,-0.0025758774886869094,0.005630390232867317,-0.017812153026849326,0.004389845720086878,-0.008734271818312156,0.7477034345911873,0.02088204869310115,-0.0009591481801023965,-0.010439109707778959,0.0007767470040971371,-0.00018547520955289332,-0.0005425340887284177
61,0.0027662796714604397,0.004819330777550225,0.0009314615202818602,-0.0011891068011915182,0.0014588915280174994,-0.009281513020517785,4.459705760251532e-05,-2.223317466859044e-06,0.0005093520012569064,-0.0012988202169796825,0.04044718510879821,-0.009711830744470693,-0.006036425008573496,1.5625178770160147e-05,0.004327876491886798,-0.001760677938987778,-0.0002338909016385434,-0.022469846980315445,0.0006546698523886914,0.0009014157456610564,-0.0001262372418735884,-0.00465894129463982,-0.017236693573651866,-0.00018194179080545207,0.012209767737657322,0.002867731505316047,-0.005662949522546928,-0.010993058936502433,-0.0014064996639296095,0.0020761010176320546,-0.055410828644608015,0.011811380561491502,-0.019307649778481262,-0.0018386677979092257,-0.1764661154311793,-6.167545298086698e-05,0.011742385677920755,0.0008160981247425053,0.01952652859654182,0.010257051175873076,9.711978024297754e-06,-0.00533236313807929,0.0030135055545115574,0.00013500494888679616,0.0016067347867699017,-0.00692850667779619,0.018944414184382426,-0.005375442649930009,0.00045695404627464067,0.004236164659200992,-0.0033977143515983195,0.959778223036464,-0.0004900697762929979,0.0005532536173199526,0.0005382754750726079,0.019786266174448446,0.0007072249415011186,-0.03661494896275117,-0.004441959676236089,-0.0004691401219921211,-0.12294834287816789,0.0006563937170497079,0.0007987494586953244,-0.006665678457605998,-0.0025601404437573835,-0.0007811265991203009,-0.0003209516444571286,-0.00036189784668433454,0.0037239213262161125,0.002186581746321435,0.0029892614001929196,-0.008903954208374453,-5.455604940872547e-05,-0.00022978675763134573,0.00015965298162948574,0.0018048741089680652,-8.202352029868226e-05,0.004362089546179198,-0.00012022208092812067,0.0014471181236806584,-0.020369702568543997,0.0015822570344047977,0.001749432930300881,0.0004228525001993559,-0.003979302017938474,0.0010103006624390032,-0.049609628324638506,-0.00874260722873941,-0.0007358662278161318,-0.003224663996517791,0.001351122353629954,0.0937768469563535,-0.0012443446174923403,-0.0994362451334055,0.034297211133803684,0.00015548691421995986,0.0030937741277765867,-0.0005499502070801061,0.0018822877287919325,0.0007200910041507953
62,0.0008732921920848015,-0.006046387884041073,-0.001077871763897165,-0.00020551565779251997,-0.0007416353475652111,0.1819520885996043,-0.0008827477884544724,-0.0007851376664643441,-0.00039593112336838964,-0.004852926953421824,0.5487365513686936,0.025676670642519776,-0.036330283723504345,-0.002773515981087045,-0.011236310999205194,0.004444469495741232,1.6115022458774157e-05,0.00045769779731899725,0.0006524554143272562,-0.0028228662480069,-0.0002461548133044361,0.07331182187773162,0.0019027676278268848,-0.00091427526448768,0.000810184894335722,0.00026549207357287,0.016309027660501355,-0.22810295505835337,-0.004520681447543244,-0.0008330530240805295,0.02057279190447874,-0.00018795196886896987,0.009876417626807988,0.013830284814908887,-0.0010629291200992166,7.483621785236982e-06,-0.005721956853459519,-0.0027577782181033433,0.2801675591035637,-0.0226756494675657,0.0001439435579624615,0.10373690438078204,0.026401406849464452,-0.0009657307675910321,-0.0004986956325954972,0.024396734970687513,-0.0027818568012911884,4.2383683645369485e-07,0.0006194694414330265,-0.0014444595934484956,0.00037123540571590286,-0.009969951331516045,-0.0008582402488985785,0.0007339034856658211,-0.003248610105247282,-0.37821038911370664,-1.7450125188313292e-05,0.1323442844168874,0.0011229863732333644,-0.0003014642040766217,0.0037334879970905774,-0.0016136693203081254,-0.0013879106072652025,-0.07484713575529438,-0.027923137016961905,0.09441125067239377,-0.00020872316504182576,-0.003335907733752405,0.0012800277562512131,-0.0014310032381574384,-0.06452852858836772,9.163480204364693e-05,-0.0013886809767433526,-0.00046724688303298456,-0.005231909080675154,0.001045345434782713,-0.00030920219518967493,0.05392277639263826,0.0005396537471345497,-0.004952601915839003,-0.002928609788222781,-0.008550555103174925,-0.0011570973679631072,-0.00513688872498508,-0.04046060331329564,0.01278226758578236,0.5191418285088242,-0.12704499957844453,-0.005684857673325558,0.019837870242843732,-0.005159187527449378,-0.0004919503968069672,-0.015152366462714622,-0.20642457591088617,0.0028393803916882294,0.0012775067266567585,0.002458280145469005,0.0006312945819791048,-0.0059494890594763705,-0.0046231041215684665
63,0.00035880501845001963,0.003621750491157507,-0.002248272431939677,0.00035048683333113186,0.0008813612764135711,0.11374822160445112,0.0012697217702859157,0.004397224365877465,-0.0003951077335183013,-0.0017234359468752702,-0.5245616493059208,0.044893597900928346,-0.012810676260472163,0.0009623970605541854,-0.013374999358466866,-0.00248875217583981,-7.236901852635097e-05,-0.0014196878277417477,-6.664870284677632e-05,-0.000572293949504532,0.00025026138202539905,-0.03716313526539034,-0.0006827066192297638,0.0007669115796782588,0.0005516395248294834,-0.00883191540849098,0.013584318268453126,0.0006927904050949505,-0.0003632298452366416,0.0013629789303888987,-0.0073903137667180995,0.0038794439065812578,0.008926839459473195,-0.00751873399945161,0.001327677985680883,-3.4200847854048977e-06,-0.0015004077048407921,-0.00013299352333487335,-0.21566359511309935,-0.035284331945405645,-9.234872659166782e-05,0.009238909536985607,-0.02199955045515224,0.0009667922120028625,0.00024193012479757636,-0.021863212968692806,-0.00532067461808914,1.015871176443875e-05,-0.00033105909739990225,-0.0010738326653200723,0.0006308338662611157,0.04127391046074991,0.001028463572491034,0.0007915685508407197,-0.0034573508624383374,0.2415985356751236,0.0002986532174615725,0.19985497548643202,-0.0018444966395585651,0.0013882514235255172,-0.027497380134137425,0.0010646544125334292,0.0016031694309697753,-0.010203522946624119,-0.0010734068765497094,-0.017587539211921258,0.000435777519846553,0.0002178380619419721,-0.015383876226695552,8.746865931988715e-05,-0.01970843320597074,-0.00031094975658261734,0.00045336349600593167,0.0005827735275035495,0.0011503706471501507,6.279382249967103e-05,0.0005207657358646256,-0.04885678553963625,0.0001238080362417071,-0.003520979400730734,-0.0003253619787578321,-0.007714892899093398,0.0012461333145525472,0.004660166228227115,-0.000505561829163885,-0.010373539982300596,0.6987870991220347,0.11175419651829081,0.0013649321288384687,-0.006300975707862736,-0.0048709471361160495,0.00811682365242072,0.0001639130531520261,-0.22929571350710515,-0.02874453889807613,-0.0038344106873137614,0.0021112405711612124,0.0007313492539053647,-0.004120873182160999,-0.002016252451225553
64,0.033490054173585845,-0.0010937264273807867,-0.0009809421616518831,-0.0013011917688906128,0.0007424028429941568,-0.007479619692080393,0.0005317584495623372,0.01383593490477519,-0.00017533703480985359,0.01191390290798771,-0.020149122073518114,-0.06316340772216679,-0.0017496920695371163,0.05353991875151043,0.0006234542563082375,0.003708917503579063,-0.00030993093264010266,0.0011223565761785536,-0.0009242472229809605,0.0005677384080438972,-0.00015830304709585005,0.0006268607264566829,-0.009649039518540684,-0.0001788920402782338,-0.04931863873887535,-0.0015565721242487428,0.0016607546476350215,-0.011058245833438276,0.005261633257431921,-0.022383434393046388,0.0003590659175565147,0.0034101260681023947,-0.005965313494351409,0.0001352997199960146,-0.34806150011334336,0.0027179709300352156,-0.036505397762064414,-0.0011161807800729765,-0.01943778478307731,0.0005914865058088406,0.00018128498132072984,0.013482805778133471,0.000832154346905493,-0.0007509234784390218,-0.0037820558207950754,-0.001122653230398263,-0.011855219008686562,0.0026534954741094467,-0.002406200205521564,0.0103684183155874,0.02673166517087163,0.025005850277919947,0.0006183077859519999,0.0006715017372291915,0.0004641469944496601,0.00890755734564989,0.0002107654203760967,0.00047774771682351026,0.07385022842770764,0.0018596371496403087,0.8413597320199164,-0.0019189583040115851,-0.002460203883145785,-0.003994892240786544,0.0019260714575476804,-0.008527491538025391,-0.0006993026691885802,0.001760683657972456,0.003735132365523303,-0.0021398200098152716,0.0022223759980581023,0.0011339721452146745,-0.0023745463525573435,0.0004357870323861441,0.0025592916881009425,0.001826263581365832,0.00021436419739720436,-0.004006664878667911,-0.0005950058744774583,0.003447513115321912,-0.04863167628920766,-0.0019797737234596396,-0.0027562963017318826,0.0006308550343103736,0.008074721113005692,0.00027213452695754904,0.017600872892561802,0.00029738421917805975,0.0008511421399755243,-0.001440358462120856,-0.0010456857396411406,0.036506525153240106,-0.0006514162833595669,-0.030840263710301918,0.37991544156080553,-0.00182449892381228,0.017524353392191647,-0.0031175491076080673,0.0011598480359229345,-0.003352110574406591
65,0.09197144750621086,0.0034094188374618195,-0.0002993583481145541,0.0008992109603829859,-0.0017026725832229375,0.013158943346725096,3.79011535036472e-06,0.03307688956722395,0.00014097412707511116,0.014561577008357716,-0.014504107669644446,-0.150147928454746,-0.008539868899856293,-0.0199440735120335,0.0014918183547325478,0.0036139928476705066,-0.00042310903219353393,-0.00023418420246622274,0.0012901623731381394,-0.0011729901995520021,-0.0005529089416128515,0.003189141499390011,-0.0012568546930371571,-0.0005134861085791011,0.002993102109971696,0.004942159860499638,0.0068308986261528684,-0.052760085720379046,0.0016374058250551576,0.0095824936567474,-0.021703150822326232,0.026006870939366405,-0.018274403766228946,-0.00026084852714493723,0.13847973818678708,0.0050250074441606715,-0.08873444214795649,-0.007705290030857431,-0.0276515795415202,0.0031936988005187403,2.447895259095889e-05,0.03342088956758473,0.0023857646349409014,-0.0009943612773265303,-0.008423042419310193,-0.005544814091196944,-0.0051580919950604195,-0.0001688393180030957,-0.0046806435114969645,0.02313315713331079,0.041060491405375404,-0.05835783095175542,-0.00030491751384051184,0.00013817329608050571,-0.0015066761396108855,0.016032200541749322,0.0006470746453149344,-0.023840329992922942,-0.0383058739150336,0.0024503782819783517,-0.3621724483505254,-0.003894629224704597,-0.002957409140998596,-0.015587248428310984,-0.003551113613299699,-0.007762138764342367,-0.0028036503334295773,0.0024035472945238834,-0.0007043416170545653,0.0024262876752430013,-0.002790924914892286,0.0006320279200632767,-0.002645601191070172,-0.00023816759316784737,0.00570552134199151,0.0026398784678350468,0.00019914690194849493,-0.009709905469605972,-9.574522557277004e-06,0.006369802062573607,0.01669034576394069,-0.00578003424500942,0.0010804691013784062,0.0007336256775047215,0.024150398517782837,-0.0011056006197337981,0.0018636757296666643,-0.008152545710391326,-0.0009847684226816159,0.0005197755187915298,-0.0011562633699751352,-0.010288876349226579,-0.005113533957057938,-0.036227672537652765,0.8873471301107785,0.004085955553106592,0.060068882921295634,-0.007298977885430767,-0.001171200030592238,-0.00637349519724873
66,-0.024221440785064347,-0.0005785023712440891,-0.0004382154885686218,0.0016871566630989156,-0.0020708463367615816,0.2956081128481917,-9.644843558908722e-05,0.0004453264603362043,-4.867775430113762e-06,0.011740301900765238,-0.31436190270847225,0.002649458688923549,0.3615096414624302,-0.0076587949416055245,0.00016747358213253967,0.014318155866644807,-0.0002092238281973728,-0.0001970027900992555,0.00035645686021824885,-0.002055120949195119,2.1951700504035943e-05,0.2280322959278151,-0.0013957946919773549,-0.00016362574831457755,-0.002986009188770178,-0.006388645598892427,0.0013691276497724363,-0.5722194142803496,-0.006624136125786606,-0.00033684846370979696,-0.0072028354744536685,0.00865580310879684,0.0005820220704003411,0.00015051077010315092,-0.005298983413886594,0.0015985820239023465,0.019047831929883838,-0.004291102214603704,0.1559048211862112,0.01272387774377414,0.0001253938421144807,0.45746010294170425,-0.02441718562585073,-0.0015617237173498506,0.001590538977834499,0.0039392343566420135,-0.03918117995753951,8.055140951915892e-05,0.0014427507677121434,-0.0004327437439848713,-0.008678480016170387,0.00584142058170678,1.884980966698757e-05,-0.0003205903912232022,-0.00011705659101474836,-0.012266596449095135,0.0005270513905713398,-0.0877948950559239,0.0036410472647131244,0.008634547174279533,0.009620235058906485,-0.0007740921014073084,8.068584785657362e-05,0.038082120220559075,0.006740736630628706,0.08217706167566903,0.0004756930635160389,-0.005899909685937301,-0.008424313032336048,-0.0014449240555490326,-0.02937010568797269,0.0024735727217446895,8.32504419588237e-05,0.00016871557692516026,-0.010982863497331893,0.00044649551166859626,0.00026816831500759715,0.001845125976372894,0.0004164013597922518,-0.0009030518055986314,-0.00271768634699915,-0.0016895055307901037,-0.0002666568748831005,-0.00030744062157358164,0.10082647033042803,0.00026005520397626093,-0.18572467781147617,0.0010915270036407432,-0.012974692443760275,-0.0043035630938298465,0.00023245793946176027,-0.007387643118335959,-0.026457323485086833,0.025266219384766787,-0.04586735711032171,0.011680026127308629,-0.0034916189225573345,-0.0004090683643302312,-0.0037548777542369266,-0.01073461725813239
67,0.0035281919812518723,0.0012773773576285135,-0.000355709817794726,-0.034469562463665275,-0.00322348933557855,0.08177444886948844,0.0003068467916934297,-0.0025070390231208602,-0.00032959677457088923,0.0005900152157367772,-0.012924404265801695,-0.007249111865316853,-0.052003523243294145,0.024254340845441622,0.01501646401206481,0.0040353302486927384,5.702283904071527e-05,0.0030996174490975563,-2.142959197969259e-05,-0.0011878567206898508,0.0001011385472173415,-0.012362915353690506,0.000657633671890925,-7.89491925385806e-05,-0.002477421047921934,0.0007555633626400344,-0.00711237621550968,0.017125909385682543,-0.0002517499416826367,-0.0015239286954693487,-0.002357998316288891,-7.87353727685243e-05,-0.00218687644757325,0.0003630741659790388,-0.008994347496230732,0.0003027666907296986,0.0010720788195407224,-4.859997578052222e-05,-0.005501368937938683,0.038738166117245995,-6.1914307935583e-05,0.011400520447328144,3.5964198389924805e-05,-0.0005199414953563587,0.0014565802916023801,-0.000676142860969313,0.6438815960098911,0.00036304081942308225,7.734594200479832e-05,0.003484676131361955,0.00764134973996009,-0.02288724153402801,0.00032642115553858236,-0.00014417521926552573,-0.0011980736820583777,0.0015699739287439371,0.00012342950782995993,-0.7096363154217501,0.0014001568697811365,-0.0024883358561128663,0.005723710727426911,4.8383197773661096e-05,4.695275071345435e-05,-0.025317508334379027,-0.004369311973090182,-2.0740208561298136e-05,0.00016081769101661562,0.00018700043373917966,0.006275145924090935,0.0005561513985126447,-0.010143321385198415,-0.02966365147172528,-0.0005762325328006657,0.0001265293154658195,-0.0011711497657178674,0.0002489944193808692,4.825341277183218e-05,-0.0019300728674636232,0.0002485762327308627,-0.0060876237867276955,-0.002818783315389797,-0.0049259236622628474,-0.0008190769610952695,1.3881598947960332e-05,0.003890805955024249,-0.00016822107569882576,0.2203815135094137,0.0021990759252484807,-0.0006857067595436197,-0.0011642228202596845,-0.0047394398715746204,0.06093609090113076,0.002441351333908507,0.11409960391739624,-0.01164875171152854,0.0021038219822021587,0.0005536535660747551,-0.00013995691712263532,-0.0027122883996611516,-0.0017015231853365438
68,0.012869631238197145,-0.0007327732660827252,0.0006670107396416327,-0.04028916175308799,0.002813822649650327,-0.05064860925427862,-0.00011045680287254502,0.0006686726865362692,0.0002592859522630789,0.0032857810514483397,-0.02485749191681384,0.0044428044932871315,0.03591894475488946,0.024496544566364464,-0.013751696167539993,0.004424530638094403,8.490611803209196e-05,0.003259047109730316,-0.0001668148495373692,0.0006861095333093002,4.603525126459229e-05,0.02341451238390685,0.0012191020174279893,4.014086677762291e-06,-0.0019871695332130904,-0.0002321397208511408,0.0066857939265168535,-0.04258630098188417,0.001153333839489381,-0.00038995873524681323,-0.006599543330499204,0.018612553814408444,0.0026138790008725116,-0.0005688529195357384,-0.007648905973905199,0.0006935526018806322,-0.007933952625340902,0.00031283857772993265,0.04036696736842189,-0.03319088751880515,-0.00015632733504535642,0.01727146683796786,-0.00018733872091352202,0.0005421032526079785,-0.0005208092808679302,0.002645808077414103,0.7522789684583954,0.00042135890958726097,-0.0012013613782182017,-0.0037158172885721737,0.009433503219364644,-0.021346806585383148,-0.00016667215835802426,0.00022455863099593056,0.0006251747250250253,-0.005144598811195156,-6.678242984416594e-05,0.6058372925219312,0.0024859620412967217,0.0021120306798222952,-0.0044745558353285145,-0.0004444201270927844,-0.00011159592528378094,0.008971447238417751,0.0006402196457659989,0.005407551229061529,-0.00013566831204123164,-9.648303027313119e-05,0.0011468509601580146,1.5218337344428436e-05,0.004771501655902827,-0.03436795412088149,0.00019291475572955682,1.7591431993382867e-06,-0.0026612630428395224,-0.0006477101225005923,-0.0001804225859332806,0.0013619606356330746,-0.00038659910250961674,0.004063545048725338,-0.0031195548874813246,0.0037719315652024504,0.0004985705529021015,-0.0003920789867076025,0.006973869780861073,0.0006194494266529421,-0.1941009995565197,-0.0011934070763398156,-0.0025984478949351015,5.000081521910557e-05,0.004254236347002192,0.07040679376811679,-0.0013662054481526583,-0.09513663273849314,0.012837243262488453,0.000327233724423005,0.005540101011233663,-2.2766690827317028e-05,0.0022018069933624246,0.0010396837862407453
69,0.022270424584750897,-0.005419266021888102,0.0011403879098294339,0.0015948964039977336,0.00010147256188981855,0.022786873855818228,-0.0008722056325404914,-0.017422944094451435,-0.000512357413497826,-0.007775233740886863,-0.39716754153168016,-0.008581948217869737,-0.29727821803090354,-0.0010942561982665864,-0.0011807716526078295,0.02092602968339707,-0.0001365714759400203,0.00021014217040891525,0.0003428331485980235,-0.003206595351200006,-0.0002866008731384137,0.014967925555990289,-0.0019644508619902877,1.4745668628429352e-05,-0.0034120160023998897,0.005847718206503195,0.003269871590417044,0.227917355887722,-0.0012195226302499362,-0.00035516371111817685,-0.0005949038091730488,-0.0003057473743703354,-0.0002419216394612951,-0.005560898969333276,-0.002596091599156461,-0.0019497623047380619,-0.006761473532911139,-8.364355045881178e-05,0.7988183426494379,0.00214680436409,-2.545578221394007e-05,-0.07583658729276002,-0.01605891401983306,-0.0007341037350308798,-0.000663396573169675,0.00789702360568984,-0.03067561757409272,0.00020913694958029153,-0.000698727812739516,-0.005498609922130724,-0.0014009933782605788,-0.0008553103169444557,0.0005546442551729036,0.00017088689354544107,-0.0006108694407035622,-0.06876421424215774,0.0003693096786449024,-0.004854892411457368,-0.004886504064974193,-0.007091234675896271,-0.00030043800643529683,-0.000391301225473456,-0.0010110563577723775,-0.09900528873705915,-0.0040628396362527575,0.18336203741578475,0.0004650341677395371,0.0026050959365284745,0.01936437053390462,-0.0004618662107156307,-0.019667032814338344,0.001127412772411844,0.00038528445245282483,0.0001348776714898449,0.005455811350943585,-0.00023397273696296184,2.212100583014881e-05,0.02247289265988971,0.00019139435867247812,-0.000719795149626376,-0.0019459918739587363,0.0013729998025231588,0.0012443142478382602,-0.0034506133542891258,-0.04744238200219896,0.006334839408834005,-0.029841389300825482,0.007620246495417709,0.0024270067371382625,-0.019344749641288052,-0.0016598308138205085,-0.004089748442631408,0.015996272424827648,-0.002083197418134947,0.030151939826758345,0.004650332303831519,0.00478537810981379,0.0007626370635338692,-0.0019628439255661295,0.003500514810332412
70,0.46885654380503883,0.0003366777720977543,-0.000936572259312235,0.0010643098563071565,-0.002044400915449676,0.3723236378770552,-0.00011599348412369426,0.027945455339115285,-0.00030754086697855343,0.05439908158709359,0.04517189130239788,0.006477620002020289,-0.4994920352101073,0.07446012709670971,-0.0021775375157827986,0.03237991583464095,-0.0002728445026375925,-0.00010017388537084462,0.0009524982377090013,-0.0024775772000224378,-0.0002712886304220702,-0.011668921716112918,-0.0015803393184932839,6.896568885764176e-05,-0.02094459776229564,0.009443054546007575,0.006412622986913275,0.11912342774267069,-0.0010173239007170432,-0.003422410678091403,-0.0477753389220944,0.058298931771631354,0.002499661043443616,0.0015394580316183525,-0.007462829851750992,0.017585642475822574,-0.1096233875217606,-0.004972686026571985,-0.23847985594828436,-0.0018043304982179012,1.5554555978625206e-05,0.3304544470749806,0.015005008852841487,-0.00041085382555653555,0.0019855465606318096,-0.005739230249835703,-0.024921778573171068,3.83430507169591e-05,0.0008907295846142388,0.008330217129188928,0.17120785877004524,-0.0008355174143417216,0.0009177257256534621,0.00019327081865959383,0.00046274397834453196,0.01924124258195478,-0.0002688202274469531,0.04465922601270125,0.003903699647099266,-0.0005535197850089059,-0.0005844436874420517,-0.0004937141245883736,0.0010701319798279707,-0.18290451414113848,-0.014974768076930687,0.16485239046558975,-0.0004039999010993639,0.010752646083295722,-0.013559130064333916,-0.00010880161969751518,-0.017066722699895627,0.0001431629055609518,-0.001449374004785866,-7.899822713294813e-05,0.0305077373160616,0.000517853658955264,6.78089745851651e-05,0.021872605909065444,-0.00019071018107796878,-0.0012084184410155047,-0.004287274601940927,-0.0008358713122182167,-0.0013687307719428554,-0.0006533692923933829,0.2224263677156665,-0.0032727914131532943,-0.13476669574636768,-0.001836899145436834,0.010593752161283273,0.0031845816957393152,0.0007440507831090598,0.024818577481185364,0.010100664200008262,0.009603809009731543,-0.10256948338245517,0.020892669821322145,0.0738715241366501,-0.0034777029180268317,-0.00048613892636770184,0.0006624568586763545
71,0.7283482152898643,0.00043254385574746645,-0.0001392441115442289,0.0010870215536109076,0.0010587176460556957,-0.2647969667493235,-0.00020217261547680887,0.08384019489430972,0.00026537379274525763,0.04056260775292515,-0.025810809678266343,0.012596548271297865,0.3149836362034483,0.10369832271347279,0.0009522703570126051,-0.022131299749115138,-0.0004059196746468985,-0.00017023859671004386,-0.00022058787295168442,0.0018527714045852121,0.0001894510004238903,-0.012308524830127432,-0.0007003713912765606,-0.00043786655671511354,-0.03229550565077924,0.0002472313186087892,-0.007901257939511682,-0.14046447934536352,-0.0008165126988079335,-0.0013679573380460269,-0.07048934305298332,0.09199626256359308,0.003019872214604837,-0.001261288544694902,9.91881486986459e-05,0.0238727345269205,-0.17048160926714245,0.0019940991892069895,0.15312789284100534,0.0016073065792453572,0.00015002241008307826,-0.23131938244555814,-0.006816062762817482,-8.262832226108192e-05,0.002737957797149429,0.006499466919293902,-0.01792376898717757,-0.0004317851901103637,0.00021033287737088485,0.028504282286479138,0.27057179959165534,-0.006460251451773336,0.00013078586763420885,-0.0003285064035700169,0.0007556561908703407,-0.0131994012931827,0.00017330230455854523,-0.03774891488903867,0.004223425068206341,-0.0006453312072677971,-0.009972842655462057,-0.0006584236767312318,-0.000885219852366087,0.11440444229784612,0.0017487100516112627,-0.10588193132209152,-0.001184318010803622,0.00394511785931582,0.008879830552003259,0.0005219260361537664,0.012967343360064377,-0.000840807166653067,-0.0017466010206947762,-0.000259677303281039,0.03200910708083465,0.0023647109664278188,-7.889753940490407e-05,-0.01582920083728489,1.8504738701380363e-05,0.00029470862554153987,-0.001897063133423047,0.0031464865207757285,-0.00035445198042706894,0.0002801857963305376,-0.046961341045353724,0.0011917915859131654,0.08660975843299724,0.004206579504704942,0.006207483307547639,-0.0030264010823143057,-0.0010957704728053047,0.04559408188828592,-0.01734694076174222,0.009512301880576701,-0.10759493158406838,-0.005513522121395879,0.1115242519445138,-0.006188045632167996,-7.727181218819892e-05,-0.0019207861395647025
72,0.030341370100853207,-0.003255211507243963,-0.0003951975362897957,-0.0004016552508754107,-0.002654500786992987,0.20751643044328885,0.000334972749292276,0.0005265052799344025,-0.0004937535906374751,-0.029524685930266137,-0.026825486384369508,-0.01366860344006781,0.16627725170229396,-0.029490640061687123,0.0009097778370660442,0.04876713611107784,9.217825992852277e-05,-0.0003460563241026631,-0.00022759961462547051,-0.009256484758533273,-0.0005632725634881785,0.24467784653345434,-0.00014373504486067494,0.0001639608208205967,0.0004833183790789036,0.0011087893921577995,0.0073876294468598995,0.019111878331231784,-0.004391752600326766,-0.0018459867125810601,-0.006101417155339687,0.02216498328789789,-0.0016469673348902532,-0.0007291045075143894,-0.005229510183601105,0.00042071338742727567,-0.01070448378445698,0.0007810229122439741,-0.20364623301944948,0.004918730548147266,-0.0001740081596538351,-0.4239358544670277,-0.0018918354442454383,-0.0001923080119092483,0.0005291633547220391,-0.004912745454894471,0.008409489429443577,0.0001431361759350136,-0.0005450560150137567,-0.002661959779849773,-0.002835491416716962,0.00242237040173435,1.743127034704861e-05,7.13737238360046e-05,-0.00010696837756521589,-0.009832163195252899,0.0002108812576900876,-0.0068269827135993754,0.006703173264766223,-0.010205323394069574,0.004526157711210949,0.0004891103704368627,-0.0005407086470191509,0.0014369802402265396,0.010672762823357993,0.7590263309733613,-0.00099791802452688,-0.004205809319048974,0.020680826107364332,-0.0006665627213167085,-0.013013254695216211,-0.00015132381374429187,0.0006302984246697079,-2.1851651382839843e-05,0.0014004445407992568,0.0012515888233931727,9.995801114797039e-05,0.11515897677174393,0.0008736911562995248,-0.0010169472244936344,-0.000532109944388614,-0.006529387759971831,-0.0012384261018810443,-0.004104051447037639,-0.20930809298397893,0.0061164494564859935,-0.05067049460926613,-0.05882772725525116,-0.007656353405840071,0.004627821084565267,0.0004057300612629799,-0.006242537608288424,0.0079238135548595,0.0024513835665740617,0.016967824864072188,0.004587060323556115,-0.003760324333830639,0.0008432745368092669,-0.0032093705685793425,-0.004508480117514658
73,-0.03653472773687097,-0.00235864557652455,0.00019640225535839202,-0.0002166453694538279,-0.00018149731735636002,-0.41647264499294184,-0.00042640594298156526,-0.0030412699974666827,-0.00044717313577218596,0.03701481677455947,0.00432804239044675,-0.004177663017008051,0.0571566448404362,-3.1623276183830734e-06,0.0023727200019561575,0.024009816961653444,-0.00023046076982282098,-0.00023220383667128548,0.000317839493146275,-0.0021098922449519983,-0.0005548168680342969,-0.6194766712462031,-0.0007598383525130171,1.8978894388399503e-05,0.001803664675174857,-0.005359428173944182,0.00674762666648467,-0.07802303514345416,-0.003962125049156474,-0.0031879387428947123,0.014357088211648189,0.0248969104559697,-0.0010184082216058918,-0.002017948363727334,0.0024493663245597043,-0.0006881960526446684,0.001679973673407338,-0.006562064557031219,0.003450720660341102,-0.0016040983581117306,-0.00011357657411462108,0.3141351019575134,0.04163311857291914,0.0007192612840458898,0.0005329026437376205,-0.0017210993109896822,0.003110786347642557,-6.355347080486758e-05,-0.0006122731726937291,0.0010557970531782325,-0.007406660659213235,7.524697012349126e-05,0.0003981003493670199,-0.0004914671054680186,0.002732002674786266,-0.006818106336933269,-0.00026696892679505847,-0.01938059822042167,-0.002213748277997178,0.013129184449231663,-0.0018353014673956197,-3.5005716371359213e-05,0.0013974428286349996,0.10301100223202761,-0.005974070984626283,0.5209379141938499,-0.000905455064840955,0.00611498806113733,0.023767696460785425,-0.000930117511838956,0.006014852874052569,0.0002136356134916984,0.0010437678701590456,-0.00028319415675049357,-0.002644491242222352,-0.0010623503854313432,0.0002323774604073986,0.09024982716310793,3.816395796990557e-05,-0.0014980659165772028,-0.0012931414909521134,0.001623213509677376,-0.00045427198796067905,-0.0030447873743790965,0.1752063537823738,0.0031557385539335795,0.06333371664022558,0.029307112122383842,0.01005439251175944,0.001470945955408353,-0.002487455993373265,-0.00934704964260162,-0.03445044675747008,0.002090322772864974,-0.0031384857654477723,0.005247159381421947,-0.012409956584216567,-0.00048566364075192624,-0.0015661371854665956,0.003084058929644964
74,0.01646732595165426,0.0009197431246400854,0.0015345480443012998,0.00044260501977682644,-0.0011004098823080006,0.28793001070782254,-0.0002397005379402178,0.07790091411050334,-0.00039391474488060146,-0.09203587578063849,0.01658175850844773,-0.012841875396037504,0.24664099500394823,0.11845387377316852,-0.0017355931619085388,-0.00936024586570871,-8.629351666911253e-05,-0.00023388282476649765,0.000553011617432507,0.00017282360843669936,-0.00023409432591405682,-0.33556541246175225,-0.002316179550740263,0.00010952065233646446,-0.0019746608985697148,-0.0017437001361464474,0.006733504508258408,0.2698203100242066,-0.00256958773009058,-0.0037041646036366296,-0.016423094074354817,0.13115384035971156,-0.0024045514090815794,0.001602746216460135,-0.0023928117917374953,-0.013231786533089939,-0.01640340150928747,-0.0011033532375268537,0.012718612588420553,-0.00245326129139721,0.00011027619743418648,0.2908451632105733,0.018105534806433555,-0.0013162257036627243,-0.0019960043659122753,-0.00013328454355167633,-0.005860415253782749,-0.0002842746899504381,-0.00014817974489570937,0.06335971310799073,0.05932413608945372,-0.00770191521954524,-0.0004271577639633206,0.0006049286829835077,-0.0008551790836166719,-0.013241266539269162,0.00035138353515616616,0.0156868538439002,0.00266408192528279,-0.0004336381282172267,-0.009539935285103008,0.0001315184509780437,0.00024291954956226491,-0.051269387129593405,0.021356527682381343,-0.06389496641783986,-0.0003689323721828598,-0.0059667156383541985,-0.006633642673187542,-0.0007013024695004533,-0.0028518319719494966,-0.0009893246754032296,-0.0019494005816843227,-0.00027941711307304107,0.0030443834524369047,-0.0014210883060216395,-0.00010480356949797015,-0.022479150132281068,-0.0005428909585864228,-0.0008430298146680504,-0.006101845640152363,0.0009741271030834532,-0.0002908054532407625,0.00010555707999002333,-0.7157286117839141,0.00265953552939261,-0.05667456914233639,0.021877551873983492,-0.024764706497850345,0.0007991428395797884,0.0013637454343363017,0.045751244495126825,0.016495372417744954,0.0014001824437369947,0.004028929237474997,-0.015454005507627351,0.05590820456569881,-0.008981226999136054,-0.000712162347939721,-0.002005334499181874
75,-0.03437328734752044,0.0007538428492214824,-0.0008581296286999923,0.0010937492604059405,-0.0003272046039757264,-0.5598767395962267,-3.2597166051159896e-05,0.012873121305663463,-0.00042502942664289555,-0.059017140562916875,-0.017006880221352882,-0.00821735423900029,-0.10186243281798768,0.1666254796270379,0.0023411590581874503,0.046915493252343274,-0.00015035833050508138,-0.00046117178470011025,7.20535334134513e-05,5.396570380628626e-05,-6.406323050303642e-05,0.5595118999308542,-0.0015163252636939979,-0.00022801558231683172,-0.012074407596713826,0.0073060169313572225,0.0022259331546884307,0.10805298918741708,-0.0035226197956838567,-0.006306399143646597,-0.023141864540737023,0.12153658465742223,0.002751170297880925,-0.0011008903642271209,0.0008170830585757152,-0.0061142898624086395,-0.0075589970311397,-0.005924783244960541,-0.09506655901642276,-0.000841125939108659,2.4043879092001952e-05,0.39837468070220494,-0.013115593501461242,-0.00032376502692147606,0.0013905845106285397,-1.9704079799997285e-05,-0.014848245811113102,-0.0002336087078876007,-0.0016460615029619315,0.016069346986945416,0.03372977500142199,-0.007242441280747013,0.00032595174402708094,8.3080820471787e-05,0.002021809361538368,0.006922326319611196,1.1640100210461718e-05,-0.02884694467752584,0.028851432490626598,-0.002029577080938009,-0.024107753199250948,-0.00055208670997757,-0.0015684111810675139,-0.17101037083636242,0.032542751013918556,0.11494918294115,-3.4594308561576234e-05,-0.0034645852446203544,0.030628208216532355,-5.980254515656688e-05,0.010081893537499727,-0.0007068076449557731,-0.0001872364151701319,-0.00017081237679986497,0.007051477775495241,-0.0014227138157176522,-7.855274788363953e-05,0.01602165874626612,-0.0006992500112658617,-0.000409047243263988,-0.011757976527755832,-0.004305927038416282,-0.0010971861408505187,2.157489941822903e-05,-0.2572239298452027,0.0038657170334363187,0.08383339322388762,-0.051530811567059784,-0.014876250260023427,-0.002250601552971516,-0.001506101077176563,0.05275511280102841,0.04214694029456334,-0.0035333378477851876,-0.015189908264329768,0.010528261262121759,0.05117967028823884,-0.0033720789866622525,-0.001395350300233248,-0.0017757084687005861
76,-0.2364878624576651,-0.00019636475993614622,-0.00030504580563761596,0.0036222931972331174,-0.0002562487316897996,0.07100307398787303,0.00026678568850432155,0.20303027720735145,-0.00017603562277818813,0.009305401250594744,-0.0010733557757910267,-0.0022022103049768177,-0.019181852287673294,0.8211785616275025,-0.00029507179707391473,-0.011141962424068258,-0.0005364808818289213,-0.0013964470613274365,0.0008204380929890814,0.0015585319481737359,-6.60528810422778e-05,-0.04380238638713421,-0.002850084228452109,-0.000137121659394418,-0.038697376849573806,-0.0027575331056856806,0.0005719224851480092,-0.06375466113448447,0.006056890060845643,-0.029785959845836762,-0.05520724621806871,-0.056529454374814325,0.0029322185173735606,-0.000617947436473594,-0.003738256246936871,-0.0011346656202572275,0.03754508282378868,0.00489654107198545,0.019591221714390403,0.00013529717445535938,-0.00011806807663751473,-0.1387046194760572,0.0022713997810869394,-0.0015262105176394487,-0.0016973024043299978,0.00032547968076250804,-0.0538962122601883,-0.0009067890391195391,-0.001234173889897619,0.21584076961519233,0.12121733364589177,-0.03890432291780788,0.0001527702196514602,0.0009694038129417631,-0.00031326421640408275,-0.001891814799381981,8.844866358070913e-05,0.005924115098647658,0.10260825783100541,0.0024467139458498855,-0.076267845052877,0.0006985514843932394,-0.00033543467303415175,0.040485464080617616,-0.010758317602258708,0.017257522870043625,-0.0011594731408114296,0.0013687151170440198,-0.010524294706037532,-0.0011125377758756869,-0.004634258171156574,-0.005291350602677797,-0.003179460422775517,-0.00017642730482667068,-0.01922907387520134,0.0006937944378816452,9.3649422668457e-06,0.009869924495881078,-0.003068230449868453,0.0018286979092978217,-0.04430048390469887,-0.0007558078394912515,-0.0007023507560873707,0.0009312277145180556,0.15535772819319105,0.0009761267173344097,-0.012663926987890687,-0.0005048737106166847,0.0034611860341864434,0.00027257861394218864,6.454637722322354e-06,0.2631144784663551,-0.0013955907619369688,0.0008079134487015693,-0.004394355970577496,5.617600532280883e-05,0.07845936345133216,-0.02520310983688327,0.0004745859564435906,0.000309806816349352
77,-0.05611673799042114,-0.0029029602380850686,0.00023023337731850786,-0.001880947952394598,0.0003249662616083282,-0.03288106922718967,-0.00010216130560248768,0.5600645384163616,-0.0010108489309851613,-0.005661604196723132,-0.008254417895858126,0.004414615648442073,-0.02683769716830235,-0.2984920388035545,-0.0010634447710886723,-0.02154663800767863,-0.0011037697124470919,0.0019791311320664744,-0.00011485046560625461,-0.0008234920670551205,-0.0007552779167407098,0.03798567724248762,-0.0011708996008719663,-0.00040403659534517244,0.014855400459785839,-0.0001221256381237234,-0.004514581255912166,0.009093585716708081,0.006056399719915138,0.010709259916021868,0.010920928813606144,-0.1800855500374109,-0.00029062887542729166,-0.0005073696868798071,0.006394858028715817,-0.0016033226761672653,0.01578416752527957,0.005343427718214319,-4.966361966475324e-05,-0.0009733999473012026,-0.00021811934185250736,0.02018570960385046,0.005839652998255839,-0.003481293765732322,-0.00018134895684689123,0.0027813953085835744,0.030952412297941746,0.00020174308201502075,-0.008257360863319047,0.6827499066576493,0.07378560332329281,0.024106134083436797,-0.0009635155490662934,-0.00010082303664482595,2.8727559665028823e-05,-0.0013796230225848944,0.0003827703604203231,0.0033865180484278184,-0.049539485141580304,-0.0035563706174691905,0.03274436744449865,-1.0253257762854462e-05,-0.00028233478176943605,-0.014090751523924692,0.0015871327555537895,0.013190367651411716,-0.0019496748174299278,-0.0031938558674593697,0.019294107063828784,0.000930021456012245,-0.006326262378082953,0.0029451910609548286,-0.006964482156701092,-0.0010173856267979807,-0.00775902940302195,0.0021948904130750825,-2.9962195080834864e-06,0.022246584173942832,0.0008534852085655964,0.0002826834717964133,0.01613282181793719,0.0012020151628382852,-0.000179010795174947,-3.937854446130033e-05,0.016178847939062074,0.004159530201289728,0.0026818413570006685,-0.010167436540818732,-0.0014310933188293377,-0.00030597872923834,-3.0355052507424762e-06,-0.1866373838183848,0.00021671008411673284,0.00043081148242525395,-0.03939401549522424,-0.0001354252887853461,0.1873186779332135,-0.07815695401696486,-0.0007475608749854534,-0.0033349504198266038
78,-0.13725329563966535,0.003046848476218472,2.6398712585761624e-05,0.0012227350093419742,0.00022989037932923811,0.033973095016380184,-1.2711242167815634e-05,0.08515599129138127,-0.0009194448976831537,0.02486785206046808,0.005458134990837624,-0.03451721573463045,-0.026398274449364323,-0.09690040631785486,-0.0008276916806918416,0.0880073632870252,-0.00025163280637402474,-0.0008352142410117049,0.00014231788082303808,4.5480926298392677e-05,-0.0003141166363701889,-0.01796713852783178,-0.00039733181789575596,-4.7229719603358866e-05,-5.822556888434097e-05,0.0014826221642527948,-0.0028327452762091656,-0.039545807668469,-0.030586138334462554,-0.00012395526157115214,-0.03185379690852911,0.9390951609679659,0.000981715131545366,0.0005216181807037703,-0.0029360734909002536,0.0025350981721252545,-0.05181087214282917,-0.02577108489046183,0.01692494130978798,0.0017420812494461316,2.671423884625934e-05,-0.10041213385757224,-0.0018970194912436306,-0.0030265159633915116,-0.0007881027655819448,-0.0009784584360046037,-0.014634999383876014,6.412674200132959e-05,-0.0016428097999359563,0.1549933179541272,-0.06095647056748077,-0.017709254429494243,-0.00031889536997456447,-0.0004571924243911077,-0.0015962528416465609,0.0030867000292484504,-9.595627275162501e-05,-0.006133636864933465,0.020372680289525078,-0.005399537422670424,0.010140422941051021,-0.0006696354643962038,0.0006673001366355874,0.0018485591401234064,-0.014739317892477464,-0.041868443945224425,-2.34589243473457e-08,0.008237193896710212,-0.01200116433801601,-0.00035808382331208163,-0.003703290267819085,-0.0003425681924884216,-0.0009879825487172623,-0.000582842571761201,0.012416127738764472,-0.012589060402176354,-3.6983818278866955e-05,0.00025974181976018374,0.0018361196190943008,-0.0024855439632184926,0.0013464986419003634,-0.003534413816983508,0.00011200335740010371,0.000697599997103586,0.13251859884758513,-0.0016461512675502623,0.0001573207480080475,-0.0004452065120476963,0.010730680648685237,0.0006085920659429,0.0007158408004904696,0.05573978623784115,-0.00617086900873329,0.001835339550986445,-0.030497828717073353,0.01069438570062289,-0.005404750136915777,-0.016245500884913062,0.0008817434480871689,-0.0010238106414396089
79,0.04180491225771947,-0.0009059522836213432,0.0008806305208733864,0.00488369895499953,-9.5445424242677e-05,-0.00983763759381964,0.0001507161963795866,0.058001503557764254,-0.0002333742802574576,0.00250289816154491,-0.001249793043669796,0.002968357615636257,-0.0043392750269071485,-0.32968176480797107,0.0002777936927942197,-0.01218065330799837,0.00019604284443332752,-0.004643829443540072,-0.001922888628463305,-0.0009418428870612283,-0.00040389080436423197,0.0005454652490011502,-0.0016841108210442829,-8.936737790458515e-05,0.015531930676829786,-0.0003707372781758848,-0.0003343424099887998,0.006653625676662565,0.002573906765127476,0.01435328534759793,0.030570534030354334,-0.10434806334798427,0.0010793122148865712,-0.001109842001581974,-0.013630856408171518,0.001508900044444525,0.0054558514217750605,0.0015761603524425058,0.0011155120355939372,-0.000623119438802229,-8.535174767126952e-05,0.02095738388956157,0.004229003897460364,-0.00034475250737104257,0.00012399907948439093,-0.0023488083218217107,-0.07022484553261929,-0.0017076095502040062,-0.0015517975000445342,0.07591559608130703,-0.07257866634742034,-0.0861724170522849,-0.0004848954886332302,-0.00030316695031837727,-0.00012799164601868043,0.000805668286854085,-0.0005299598248233658,4.4586346752383286e-05,0.33717480904750097,-0.0009281646342584277,-0.04589139091192189,0.0005763753989772157,-0.00011868718189639305,0.0011276614889375895,0.000921553926894822,0.005231168629038026,-0.0006465573814404615,-0.001193677901390475,-0.0107204572221691,0.00016391870643445508,0.0008616101154607682,-0.014253357185730713,5.2757877993079346e-05,0.0002734508884826778,0.0036001684619985513,0.0003850093982253333,0.00013871501187718085,0.011498885084458397,0.0009869614560973404,-0.001090001706928273,0.013564953040248427,0.0014015853290544993,-0.0011776058423868738,-0.000502850628165761,-0.010664422869217254,-0.0002414696400366977,-0.0027553225188435035,-0.0015600047998037072,0.0010838163494040704,0.0002318191624190156,0.000273709405309696,0.852290080253811,-0.0023211594761672547,0.0028985651560975373,-0.0007785885195926712,0.007044585515645405,-0.07965658125122986,-0.006836680018125702,-9.63492289436027e-05,-0.00048763683026186236
80,-0.011825734966904837,-0.002144140082667813,-0.00044987122397577035,0.00031372238117121027,0.00045142045927165295,0.030484475813468873,-0.0001446334489633009,-0.008986896803713739,-0.00022868781662548814,0.0024554503563026233,-0.047476550871056275,0.0002834781812919313,0.010275622223529282,-7.488226958969526e-05,0.00011262186154246869,0.0017058811993349394,-2.9119054747962433e-05,-0.00018157411784796478,-0.0007400939308982335,0.0006261001390536636,1.5604870909288054e-05,-0.020416809548471342,0.0016317701656318065,0.0002716571528565935,0.0011673634056489617,0.0011492772345715854,0.005535928331335434,0.001228959133908877,-1.0153819000910001e-05,-0.0015343227910705336,-0.0024142215484058887,0.008274924935041453,0.0009855795231967948,-0.02176413260378457,0.000639845631102653,0.0006415057184044667,0.0002781727732976448,-0.0009257783609780007,-0.04525366740973793,-0.0011326885962023186,-7.349695876891077e-06,-0.008285828590646915,-0.005463630316169146,-0.0010387462991756028,0.0006132489132868462,-0.02180130311694454,-0.008495280422449975,-0.00020612850049469026,0.0005708585155722473,-0.02178116539366211,0.01232155411639297,-0.0030558226068843172,0.00024917424105462896,-0.00016712730730850892,0.00012968561376218413,-0.08457603908067762,-0.00030566304815481593,0.007473855397678522,-0.03163620529277126,-0.0009978692982787508,-0.0026360243715954574,-9.570952989585509e-05,0.0010162125224555188,-0.029587487572806104,-0.0005189074724362299,-0.06214653278359783,0.0007425538851882055,0.0018735369669499846,0.9728853317585513,0.0005565160017257462,0.004429497778895764,-0.0001423728888103339,-0.0008683371758497604,-8.181628568655272e-05,0.0025708051163458,-0.0014813799174336795,1.0974199681890347e-05,0.11601693008784497,5.200782492215811e-05,0.0007376860412174491,0.0021968354539976176,-0.00022160998581623658,0.00018758402029124023,-0.008587149488406762,0.02066814411853416,0.1307739285163951,-0.0014507161230143991,0.0010082368071308255,0.0008762076131627716,0.001479399963770283,9.499409484884291e-05,0.030877425048473153,0.0035513012967856496,-0.0024281867075995763,-0.0027806856823729222,5.308731852248123e-05,0.024094712816421806,0.0019584382520789648,-0.0007751419903054024,-0.0002662382325371443
81,-0.1445888687279156,-0.004315009140958809,0.0003580306830003252,-0.00010628839752229585,-0.0011830379787299145,0.009706505081856588,0.0002297086093203879,-0.25629789153780597,0.0012907231579762646,-0.01080133559857041,0.0028421628277811584,-0.011624755813571815,0.017158735153531526,-0.09865513428324033,0.000322225368577872,0.0049671170316187285,-0.0021409532324492137,-0.0003364820672472138,-0.0006510929463067593,0.00020354356744601773,0.000752293053503432,-0.02447731961677546,-0.0018349924689493912,-0.0005744065694845632,0.004137142030092654,0.0007898061209876345,0.0017740203683183305,-0.00967590067019673,-0.0010384187274714868,0.0039376416506733646,-0.006388894447788732,0.0004452939502901654,0.0001386286048236881,7.510884279614532e-05,0.0002679591872250596,-2.6811597186600367e-05,-0.0007087868155787325,0.0008540439555720664,0.002262502381659953,-0.00136243461317927,0.00018105267560045157,-0.031660244534186435,0.0030564185976986362,0.0011803929392955712,-0.0005914781999211477,0.0009620955974087879,-0.0036457383095367577,0.0003629361056773639,-9.268081681118243e-06,-0.08825095114815701,0.08186339729058056,-0.0034008378878666503,0.0007632324786825267,-0.00022558878116081538,0.00043235736529286667,0.0016373592924155515,-2.992179260569161e-05,-0.001110893709365784,0.14227058305687695,-0.003688380315950928,-0.0007285674492555927,-0.0003296534422083802,-0.00038438338922573007,-0.01857802777277485,-0.0024318118856026176,0.002008988752321579,0.0005518241246809594,-0.0023546827548926435,-0.027737215033237804,0.0005655334713789151,0.0008738018166079696,-0.0001765238682041488,-0.001522969901394322,-0.0013427738329513175,-0.003973559398136997,-0.0006272309432553136,-0.001357391620355461,-0.007548754665750104,0.0009069053026121293,-0.0008549676161814374,0.0016619209968917565,0.0015331850543356517,-0.0005539931567040829,-0.00018723041465351902,0.034887111594353946,-0.00025785722838830003,-0.0016483302388066196,0.002655023378352128,-0.001939094338132291,-0.0011918137625514854,0.0003230388702510443,0.032364697669866105,-0.0008491982844753667,0.004585482953301171,-0.038572501817923,0.0036538907092249925,0.9280771029214041,-0.006883634502514732,-0.00023876776391739204,0.0021045629609517556
82,0.051746486830672636,0.00069931651279493,-0.00015228003066217535,-0.0016652358642268751,0.0002570705428586624,0.011493025841995623,0.00035627956565740734,-0.1085664198315292,-0.00018698758371000698,0.0024313931458421626,-0.006709513817464317,0.000689456537794857,-0.06410099674203966,0.03025647285032267,6.083634194225737e-05,0.001220177129863373,0.0004112722750204169,0.0023784291698698227,-0.0022841718460129045,-0.0004113661185504956,-0.00016612373065121033,0.0048603951505013475,-0.01601107732102751,0.00013612982418145098,0.0031398341370318227,-0.004837422393863974,0.0007043369461406377,-0.014967498438201927,-0.002989133768698954,0.0013411305940143822,0.0032937445036478868,0.009592736609893165,-8.803937880952416e-05,-0.002902612556951104,-0.0004712619758248471,-0.0006323332787062999,-0.004731844419233207,-0.0004583256120681365,-0.0017390548884502323,-0.00015028966688184105,-2.9015760548006808e-05,0.015654757093878542,0.009129388786563592,-0.0007221443687536575,-0.00031062049108995966,-0.001866886376454517,0.03142083637529825,0.0008467533704299983,2.801282355649557e-05,0.11280990843934528,-0.025220360429879782,0.02839125552047729,6.655309479617483e-05,8.6753452447276e-05,-0.00019816394472651003,-0.004982489843208217,-0.0021179125738011763,-1.1384986067878959e-05,0.8862003209377807,0.011958786351405421,-0.07047595611724149,0.00015060483211228742,-0.0007400450117319621,0.1606228092335201,0.00526269796543679,-0.016215180254691437,0.0006288497208670214,0.0010249637505753916,0.04557998606362588,-0.0015454587853539494,-0.0005545283013002023,0.006486506673424201,0.0014068178236860637,0.0002106432786075571,0.0008223347364635578,0.0002683994682723956,0.00023008719296336438,0.0314660090280799,2.3549738574282775e-06,0.0007431654061901402,-0.01034376774555304,-0.0006138608752274963,-0.002529279618568983,-0.002541108527310918,-0.05495939227683554,0.008219382321497678,0.0018502402565651486,-0.0011743127655372057,0.003950874439163145,-0.0003429613332342033,0.00024491482161408985,-0.35572886125251635,-0.0015832546841817105,-0.0024677780316059448,0.01472710204727079,0.002152514666125766,-0.11985885924730777,-0.008214424447148762,0.000534049733531489,0.001543247153005654
83,-0.10847923669277407,0.000739793904737801,-0.0008559633561020102,-0.00031091364645993713,0.00013635145190080827,-0.011611219678316714,-0.00015250336012039012,0.5924919218594649,6.62753909425988e-05,-0.004966318884155649,-0.0003657787956170399,-0.00016672371896264,0.16896759713451498,-0.06659019036000562,-5.436727311432937e-05,0.03337053954738463,-1.8249047696226872e-05,0.0006911755708188701,-0.0005737807201582554,0.000616820687427938,-0.00036875167138159665,-0.042203550917013985,-0.0039684293188640895,-0.0005075181232999937,0.002017759518681203,0.013389570297852812,-0.0071310500947638494,0.06020424670502408,0.0017304616537222456,0.0025050824042379335,-0.02172842533285735,0.007599754801567049,-0.0005970925515849743,0.0001970334934397926,0.0018943360512201706,-0.0005321446520416412,0.004703507290956102,-0.0008753245343153873,0.013028133642271159,0.0002734691169744355,0.000180377975903534,-0.03476870911576978,0.008195269372398378,0.0022106289990356173,-0.0001017095235883933,-0.0014261365378090856,0.006697423084688762,8.364756309338361e-06,0.0016745561550874015,-0.5487408476044899,0.17643673453673892,0.007763584515676006,-0.00048698082837582424,-0.00018748030137644145,0.0011616816459281976,0.003958517479951472,-0.0006882788274139053,-0.0021278644851207007,0.22686355490058388,-0.0323756242681095,-0.013480714762769247,-0.0002197944847901201,-0.0008023274985715072,-0.42766621220636053,-0.015817841346754704,-0.00939835610472175,-0.0014880785223964216,-0.0015827160654033074,-0.02148728989346351,-0.0013192634773319598,0.0004491078226552033,0.001975822252464189,-0.004586068972806932,2.5192861048933812e-05,-0.0020951951906107436,0.000615956060324524,0.00014813325973755953,0.01841943628910211,0.00018687858779670163,-0.0010649775672260109,-0.0006585339244035244,-0.0004274432346832377,-0.000617524965400823,-0.0010387148591558624,0.12902052423450033,-0.000229104803416408,-0.0015867690902358544,-0.00555779796165821,-0.01105456866676906,-0.0004634878584014639,0.00023362287046628516,-0.07872584014016946,0.006212381740645149,0.0028940027318723758,-0.007721232714579117,0.002042985876425936,0.0207230218928927,0.05050840707307925,-0.0011583809962588607,-0.0024030815603216247
84,-0.0690296075836356,-0.0012036637711808212,-0.0007888016987890219,-0.0001046952374392611,0.0007182722143569131,0.022485051244359455,0.00026820244093588713,0.3537130562096186,7.535513909716351e-05,0.019510877759827988,-0.0066242527521074915,-0.002919979867396408,-0.3286453999195406,-0.05118487240179416,-7.702349421725291e-05,-0.015455820330646061,-0.0001138521245316465,-0.00015928069112705265,0.00057383128175785,-0.0005088343311170224,3.926466810948159e-05,0.07559302641396753,0.0007356060265788795,-0.0002692576494277045,0.002233593920505844,-0.02433002653023676,0.01434865757626192,-0.10557032666599152,-0.002302559288620089,0.0019386799230426818,-0.016821409721006986,0.03570786969778217,0.0010353874841173925,0.00012457154652825535,-0.0007605109637585762,-0.00047692130212665523,-0.0014284517379787032,0.0007666246168463522,-0.007504204457696534,0.0020503095809346478,0.00013958794227890425,0.047150473803762964,0.0038747666870991085,0.0011242028373127221,0.00013422636398476712,0.00045716444858805204,-3.5927069312375985e-05,4.9581605703816894e-05,0.0020059047077341085,-0.3344188234744639,0.1254307499119297,0.00022502639133513327,0.00011178102245097687,0.0002206766449682207,0.0007118630587615964,-0.004091522670325931,0.00019184651526167606,-0.0056916198907477344,-0.058269641862520725,0.046474858306834184,0.006430176379191209,-4.302810572418686e-05,-0.0006090553132994392,0.7453412890290618,0.022741097151766598,0.011202713396297055,-0.0006880760279842704,0.001832860287872471,0.017089520662126323,-0.00024090537180480875,0.00480858283087756,-0.00046918868691051344,-0.0035855496364574357,-0.0003005225699814762,-0.012546711393045779,-2.6138140547152244e-05,-0.00010523384423016119,0.01863837938684989,1.888545841349787e-05,-0.000967215831084986,0.0025037522953959947,0.0001517600069705395,5.9617601068019666e-05,-0.00027482251848321565,-0.19473681826056427,0.0023273170945201046,-0.0007265224838908422,-0.008030684488156699,0.0222282417029983,-6.263315114032712e-05,-0.000660088343015534,0.030237914747958727,-0.010697601771049895,-0.0009568198759024194,-0.004690049841856281,-0.0053000317427093005,0.0781471349052555,0.029390677111335882,-0.0005340165461104086,0.0005350944313902315
85,-0.2618003280960098,-0.0009615126686957076,0.00032205023502081265,0.0006106697944997241,-0.00011580455102649934,0.0020797681991546746,-9.26200247063913e-05,-0.2494526199445034,0.0005863222983635286,0.0069964534726404265,0.002272950201789789,-0.0038631271898798974,0.0018628564311375106,-0.15793148058394887,0.0002861130345719054,-0.031670373380608685,0.0006330519355784714,-0.00020689486811345525,-0.0003473535418200644,-0.0015319968985106971,-2.1715408335704067e-05,0.005599798386232407,0.0014232209473942024,0.0004585534136053726,0.008597678473537443,0.00026276912866808567,0.0027390662865051747,7.994467851942444e-05,0.005167599189096681,0.006062902087486093,-0.03708098432325677,0.009822045939973614,-0.00018599379011267035,0.0003539303099052344,0.0016828307756066125,-0.001362618765681653,-0.009705866712515054,0.0001257837348915391,0.004096427217133276,0.0005175840053525662,-9.169764433006322e-05,-0.008605002511605914,-0.011528229846843149,-0.0003029478464458301,-0.0018925405988761829,-0.0007775995392476384,-0.004096554236960902,0.000521743292828827,-0.0018735991946319773,0.08134360433350193,0.8901091629804969,-0.000169959075779459,0.00034852109680787516,0.0003038311138117908,-0.000495331588015506,-0.000947553072610266,0.00019442872519808557,0.0016062149339247686,-0.007372630032408035,-0.0006120792781698649,0.00014120852427961222,-0.0005301351889212096,-0.0023870117300418964,-0.009711807656797179,0.004968094260017698,0.011162746292394696,-0.001117951225684134,-0.003700667720037843,-0.005620698911686757,0.00023708360639135566,0.0011428409245255022,-6.895389347406217e-05,-0.0009495255551520106,0.0004318075012533784,-0.013629455069932933,0.0018682199265910027,0.0002366177720121987,-0.040856523474036746,0.000411684892701214,0.0009041563119779605,0.004633116316126014,0.002128782264094674,0.0003148543803331849,0.00010654107306291589,0.006769964696589893,-0.0027012788717263123,-0.0010409029580988318,0.005781159428589224,0.004612539305086892,-0.0004829346437023015,-0.0005444353195898505,0.023995861221102296,0.0037353823426284957,-0.003162739468436605,-0.00042491636065546123,-0.00254412337045962,-0.19833014302601099,-0.0019375049282009098,-9.832442206806485e-05,0.0007222028395798578
86,-0.0046895366990903015,-0.005560530754534203,0.0007274673515609833,-2.3632894334383453e-05,-0.0003856781019174029,0.001973163078710191,0.0004743000715319492,-0.04211010017951144,-0.00011700063530635822,0.004443690509985027,-0.0752434075118821,-0.004249153783778307,0.004539858132202524,-0.0008391639510554074,-7.42340160388732e-05,0.18652178540335368,0.00021489656866442546,8.595844094615515e-07,0.00020398488294753186,0.0006406603753461235,-0.000623174864630538,-0.006700669779761267,-0.0001333342010525105,0.0003548336990935666,0.0014427197758220024,-0.0014544632267124357,-0.004165902452637234,0.0001958811555549363,-0.010994145945901673,-0.006378343045622214,-0.0049608755370131544,-0.020145456494702896,-0.00011815256725047343,0.001449357840994668,0.0020632224025476428,0.0015097976042037844,-0.0030100932520544894,-0.0006613552841157326,-0.023437840948807374,-0.0010646404916691723,-0.00020536016472696983,-0.007234020608333353,0.17925823957126524,-0.0019920539355762793,-9.87192159641187e-05,-0.004603251348974214,-0.0011344015693583473,0.000252841481030025,-0.0007852872117836036,0.0059488571434857,0.03825741206580861,-0.0011740939989711991,-2.663984227579269e-05,-1.4232246893678552e-05,-0.00015304500581230646,0.006730997083975285,5.07777219860249e-05,0.00047062303170555646,-0.03557799928858906,0.0047073287259318045,0.001240358595405834,-0.00021698581642906438,-4.232575256719884e-05,-0.003631920951469759,0.0045222723105647735,-0.16998413736601806,-0.0004930408135198211,0.005446180123371289,-0.1258786711432109,-0.0011865033092502949,-0.0063866927491150124,-7.46379845350427e-05,-0.000516028138292924,4.033583622975803e-05,0.014609790619038485,-0.0004959786415873885,0.00011203243882240092,0.9338497594090273,0.0002065462303906182,0.0003133954516945682,0.0004947694031158273,-0.00012953845797975113,-4.777533329637304e-05,-0.004603388475229986,-0.01751831251626609,-0.013570765199811811,0.006673569341692485,-0.057574456096947835,0.0002744242512093646,0.0018854384323708415,0.0007273341320735843,0.005128144145998595,0.016664971768595736,-0.0019092722997415673,0.0040359699647812735,0.001459822532305071,-0.006600057760491244,-1.0268618404077855e-05,-0.00013094123953253343,0.0005684233619108175
87,0.005168106720799053,0.002751781304345984,-0.0008238099410323436,-0.0003058771990925124,0.0005833496441079869,-0.0021077749192865034,0.00022202480934186732,-0.004329569617573359,0.00022119213646908196,-0.06814253167662557,0.017405934338247737,-0.022299443696304926,-0.004379395640107689,-0.0029080679235530082,4.6648461446395246e-05,0.9654403914823042,0.00024929287427582873,-0.0002501639686675154,0.0003039566070280886,-0.0003656515150210343,0.00025667945729551667,-0.03610386521306683,-0.0006537663970071841,-5.784641635489529e-05,0.0016402518191008242,-0.0007763672235127368,0.036935307274927234,-0.03114587440701072,-0.016931378833862656,0.0008357613285744289,-0.01232956524144677,-0.09613892902311583,0.0008964402763508399,-0.000403108353940744,0.0011347023456603185,-0.009208115102791958,-0.004080059164433408,-0.009188713474722936,0.00431959666534735,-0.0012425675161693798,-3.9092273690810586e-05,-0.02441858021971679,7.051001780881408e-05,0.0013608806000939087,-0.0008191642502353019,-0.0009585998078685881,-0.004060641382788244,0.00015833746671689228,-0.0008711939521067365,0.019819547248415063,0.02337644763416813,0.0016081542077701389,0.00012131067002518758,3.458627065724973e-05,0.00012088102122062572,0.0007114896861804701,-0.000361214482664185,0.0014244671617224982,-0.003531755095981922,0.006147309252673817,-0.0014843348605918156,-0.0004231919786859273,-0.00026906739405814506,0.034544379680090984,0.017090811766699656,-0.03572053585512466,-0.00014651476362483734,-0.015125837336692056,0.021914518908775826,0.00027945422515767565,-5.073895655767491e-05,-8.869209264323469e-05,-0.0005065534460475009,-5.819379720700679e-05,0.032754909042937985,-0.004262276047262259,5.3803166654469575e-05,-0.1993559441655844,0.000380986434194569,-0.0019534853565210675,0.0009834891944428773,-0.00500039330145579,7.260683506969787e-05,0.0019330657651497572,-0.015194685239625617,0.0016880238841785475,0.001138411353157654,0.006671228745534016,-0.038204028377497895,-1.6477941404864638e-06,-0.00010721961626009024,0.005813213387911924,0.021471585837057668,-0.0004314148700800756,-0.008973618928487002,0.02252016137015938,-0.008983842747480791,-0.0018265515446717687,0.00031961036388026415,-0.0020229459075925826
88,-0.05414483641624991,0.0009794754005453682,-0.0004000846874614092,4.6933838853187304e-05,0.0003237317147845517,-0.004550189154939689,-1.9028363534207005e-05,-0.0032253075514656893,-0.00015130991292330864,0.9093758056541883,0.0010873947486284875,-0.0007174535742224195,0.016707643284609,0.005082777324010485,0.0005293174679289504,0.07291624832110932,1.1674707226815018e-05,-8.402941207164005e-05,-0.0001828931005743925,-0.0008227952778561247,-9.836398296159121e-06,0.016137818704779264,0.0007071809521370463,-1.1694472351025942e-05,0.005127256659793911,0.0015133104284946082,0.014547364554180195,0.0037317383883804997,-0.0005961208664854306,-0.0010833611071744964,-0.0011839557839604803,-0.024766244398805048,-0.0014041829299790507,-0.0008848306968203563,0.001019290164743681,0.12205102842271724,0.007072608026752192,-0.00018744831347744517,-0.0009321341289739928,-0.0004331562346818543,-9.37595138893188e-06,0.0018179214492522085,-0.018241756049553054,0.0003781588638424264,0.00024712997651477053,-0.0004625977807661283,-0.00024093575113681362,-0.0002743825536435998,3.5872990757261983e-06,0.006112530281989356,-0.02046961456173199,0.0011223767364777135,-6.0465007157693706e-05,0.00015080943790946044,-0.00025202874318873414,-0.00019869015227028927,0.0004302352642866665,-0.0010667297610107182,0.0006868970172556827,-0.006967584907185258,-0.006136250745408546,-9.675054419455709e-06,-0.000485161449131688,-0.056969264171961534,0.04264746773264176,-0.003622895866967895,-0.0002268315059983754,0.1842776382106845,-0.00018677346089596494,0.00034711598602919086,-0.0010954481944706997,0.00016410630238281737,-0.00040478078020965425,6.036986111124026e-05,0.0006513214523288513,-0.0007329408303775042,2.3373886794131327e-06,-0.020193360990421433,6.572181388062037e-05,-0.0005282255032186267,0.0009696840590145764,-0.0003324033130545046,-0.00019207916340173437,0.00041053910667984,-0.13382271074668164,0.0016839066157489303,1.6015268868207512e-05,0.0013097173476117534,0.29945039680050745,0.0017159674865000526,-0.00015836047023845556,-0.003651946743367551,0.0058497406202294554,-0.0026682450535979165,-0.008764738369842928,0.015520895337746919,0.008593443716450475,-0.0009343896749900368,-0.00011033152201727486,-0.000767106015072249
89,-0.002988902544500791,-0.00806845953565642,-8.95102019750401e-05,7.833477281219076e-05,0.0004925846764879068,0.0007964218770696416,-0.00013727954443527174,-0.006551588995413587,-3.165416891552598e-05,0.016821230896296818,-0.057113061904190264,-0.0007057767013453377,0.0073679032853564514,-0.000202562414049705,0.00038364268101382195,-0.0349899713183199,-0.00045342931732961743,-0.00018688554484968552,0.0004525596335153287,0.0006845170422816044,5.743245463509677e-05,0.029953993686329262,-0.0002007280054485385,0.00011779519111176267,0.000688900151290547,0.0015199907941739542,0.0066747364722145285,-0.00194364577788307,-0.001630849763663737,-0.00020927361498437273,0.0009765797951153982,0.0044429638074114045,0.0012244188829801503,-0.0005062516147427268,0.003113963501188614,0.002873204676429187,0.002051602884369662,0.0006782747655149366,-0.0007084748479073105,-0.0001513843285262679,-0.0002875811170717085,-0.012446309184715317,0.9686881912865042,-0.003749148491237377,-0.00025690864771648475,0.0021164440092878677,-0.0014117250519366147,0.0001320336895299847,0.0007373186131369803,-0.0009104732277965943,-0.000563331150109119,-3.187076050930834e-06,-0.0005366285614379004,0.0002958230870900927,-0.000941652397408484,0.0038672452420140226,2.3203798641126608e-05,-0.0015327358708122178,-0.0051899369794958395,-0.002891207427360605,0.001656396568113692,-0.0012951646509083217,-0.0004358284227875299,0.00030905701443431264,-0.0008937886938492911,0.0032616946276655986,-0.0004257794595705878,0.00147839934045422,0.02291387592243732,-0.0003793668229279466,-0.001864999872947728,-4.114944456976152e-05,-0.0003320065835415722,0.0002392057784455781,-0.004528600765121299,0.0006475448371467529,-3.0199400408228126e-05,-0.18838536693188088,-5.843611544418918e-05,-0.00010969578924595325,0.0004903141048085759,-0.0010074556763039842,-0.0004763989407156836,-0.0010166050651892514,0.005208077683175892,0.02190425674613285,-0.0018088006768677283,-0.13712872255260133,0.0024228132254295633,-0.0008694332370808562,0.00015319408910289298,0.0002163981605791862,0.004359535908298702,0.001636406779582674,-0.005895155393946914,-0.003201657631375448,-0.004951735954095574,0.0003457465694418492,0.00022871732171492144,-5.1671452878566775e-05
90,0.003875580370987661,0.0007165303061922486,-0.0005340867629612918,-4.127629430017692e-06,0.00018795190753825158,-0.003367968919700409,6.457873564656887e-05,0.003239137437118878,0.00013614613830551653,-0.04952137985799004,0.0038150408703467456,0.0007058785164475549,-0.07720874198367866,0.0006570935660958122,-0.0010783587574544615,-0.024712164135828853,-0.00012091986717162545,-9.768850954898142e-05,0.00010979061156182399,0.0004994150223585224,6.450188046005709e-05,-0.055410518491876996,0.0006632832937840363,-7.834473800425595e-05,-0.0025449979609897394,0.007150600683999517,-0.02593580732014093,-0.11495108295892696,-0.0038631834983088743,0.00023840841546094637,0.0004515447053438297,0.0086632780606155,-0.00029624669991129766,0.0008813833581662882,0.0015106064293110137,-0.0064511635333430045,0.0005481341162062777,0.000659603022450661,-0.0016264801638537889,0.00010051964298082622,0.00012851945195259395,-0.04803250021916036,0.0023431356931377274,0.0001808937599511477,0.000780664027206935,0.0011731025911909587,0.0006622767538493023,-2.1347486233299403e-05,-0.0022146519291158127,-0.0009777518614563798,-0.004571904071289868,-0.0003483469761599198,0.0003612738572086674,-0.00022084169738552546,-0.00010969428422767831,-0.0031086886055105693,-0.00013875144281039892,0.0005684249308984714,0.0008975977440662991,-0.02603531418932091,-0.0009905194506893606,-0.00025475630918647164,0.0001512667055917384,-0.07474747511791158,0.9816576984364599,-0.008456103399843292,0.00012200642961786561,-0.003430153666278268,-0.0031634069269824436,-0.00014529233384960507,-0.0006783004887381955,4.1605974682805066e-05,-0.000469521970904903,0.00020711815337300793,-0.012176185298687942,3.0237193255797448e-05,-9.618295416760105e-05,-0.002163988615940175,-4.4522172856942266e-05,0.0007721675236293853,0.00044369651358417035,0.00023603018431800783,0.00020903079639147254,0.00014625416064016454,-0.020813588466340703,0.009308265680862269,0.000918014887328321,0.0016072359650554174,0.007405435899678437,-0.0004293217166725159,-0.0006470686104490808,0.0005632096374113447,0.023980479309398586,0.0015095920618429979,-0.0018498356769083221,0.009406808026012393,6.207262294434697e-06,2.4728948609281307e-05,-0.00010434136795613798,0.0008964795002926592
91,0.008778933941043206,-0.00027880112357893394,0.00015941371864255493,-0.00016250047162189377,-0.00033549199113093453,0.0028988004426107657,-0.00012842656360899374,0.0009936051859396923,-0.00020211949441359053,-0.33406401345973413,-0.0008472245804684482,-0.002091656281317616,0.0049933765754441835,-1.2698547240643648e-05,-0.0001922854928726441,0.015158024019712684,-1.7412355443216163e-05,6.792218931612332e-05,0.00021910214019740457,-4.968948694421271e-05,5.415804499712615e-05,-0.00351704053892622,-0.0007896577219996934,-3.733735487430889e-05,-0.0016466504249191861,0.0013008048676378418,-0.019106477309718664,-0.023469163272484394,0.0005034632404125466,0.0006808938181320119,0.00040076081901967847,-0.0048547815749783695,0.0006927313934355908,-0.0008678852686810502,3.716389172345072e-05,0.0344856880283534,-0.0008398880121848057,-0.00019611191974461262,-0.0005492438514607472,-0.00011910954798465337,5.395913353604953e-05,0.0034535179553077627,0.002818290868793109,-0.00030973316644935015,-0.00026094907866866524,0.0007721021462001041,0.002239897265384721,7.556231531917479e-05,-0.0010170618682303558,-0.0007249446833086201,0.0014816335766775907,-2.03796155215279e-05,5.227080317887073e-05,-1.2776555904314701e-05,-0.00016389978277046857,0.0009621569044458701,-8.823061440087383e-05,0.000740016106309254,-0.0002561462097827264,-0.01235114426652377,0.001008978805391055,-0.0002961523953646378,0.0001123857164377351,-0.01600669653394384,-0.027629685970407034,-0.00040202064540815195,1.0312604553312961e-05,0.11213086786383877,-0.002488880646088811,0.000322304732233724,-0.00014450295219412988,-9.153302902819085e-05,-4.049939831567498e-06,0.00019338541201258282,0.001002842248705782,0.0003838105619218962,1.782141703161877e-05,-0.003408586461176734,9.715982881353113e-05,-8.34752472272891e-06,-0.0004998441032793444,-2.279992959657311e-05,0.00019779261926472762,0.00021397423470847013,0.006424167914087308,0.015404177006506727,-0.0035347737008188246,-0.00011928907853172823,0.9336087638975722,-0.0005385362567670142,-3.57951572940024e-05,-0.0002406220534947488,0.013028638167945552,0.0016575865931013922,0.0033568744819493564,-0.0021800772565184834,-0.001194246752069829,0.0001325322331461251,-0.0005934601277453148,-0.0010151248880920045
92,0.0029138544456647126,-0.00021543909870330898,0.0011403984476927175,-8.441226652545781e-06,-0.0012795279588126403,-0.011055066621442452,3.3709370619662386e-05,0.00470796923961023,-0.0001716068901515752,-0.018538724298028393,-0.0031719122810862626,-0.003967735078587527,0.006088302354608915,-0.0034145349626078236,-0.0005979622348094265,-0.0363301648321278,8.01757652213902e-05,0.00013100818301795382,-5.188685511097954e-05,-0.00014455152034218506,-6.194637972147844e-05,-0.0015482378386003283,0.000620889271760837,7.3520981952023695e-06,-0.0003723652247622951,-0.045462991871529294,0.9150370557419789,-0.0017757403463565132,-0.002390546951130856,-0.0001531208762849545,-0.00021204147249864443,0.0043331581818335674,-0.00037211607523188444,-0.0015088581486726962,-0.001686623376623234,0.0020170123974816807,0.0005319061620163625,-0.0032782693274108574,-0.0019459964225644446,-0.0036760949699955873,4.176652594845844e-05,-0.019868292941667705,-0.004725334812739967,0.00011692521603780267,-0.0013294278206799955,-0.0016885868297558215,0.00035016650078394904,-0.00011362722423650115,0.0010126353859223531,0.00229633870174952,-0.002932428203989309,0.0013436184024710823,-5.836153212452656e-05,-0.0004409854201979247,-0.0011386090232673994,-0.0013733877874978397,0.00010547676027448634,-0.021949912019408876,0.0015215082805388035,0.3914983989265434,0.0003856683650653532,-8.078615847812321e-06,-9.96534635148965e-05,-0.040131789245840335,0.029209902668511402,-0.012575423414419315,-0.0007312506290040402,0.003198491397060802,-0.00776047260789727,-0.0005602012292701629,-0.0011155255709807558,-1.2192411607175706e-05,-0.00017361310922724311,-6.380218529880056e-05,0.002023223915455471,0.000578634961017243,6.564803226083102e-05,0.007091703684469603,0.0004808812024036395,-0.008608682846551655,-0.0002445941120726579,-0.0026529029322628107,-0.0003791344038558798,-4.029789361928741e-05,0.006317755257290875,0.0005422598533929688,-0.022222666183449938,0.001476176647389907,0.017771716737277312,-0.00027586248486130235,-0.0011778302990632893,-0.0016218001661187041,-0.009340340280297841,-0.022228099119997676,-0.009608022291147891,0.010771544878624964,-0.0007026621856539876,-0.0004094834682897091,0.0003470349613275058,-0.0017277425509374502
93,-0.0021242728308782277,7.563942930238852e-05,-0.00017902156934232255,2.7366887596301168e-05,1.2400687833973023e-05,0.0053082851907029025,-0.00011054986835758781,0.0034280367551744783,-0.00020532980805890687,0.0043748331872814575,0.00192395301950449,-0.0006577681855482482,0.0072331139492774615,-0.003255178998867991,-0.0005343849391657349,0.010254248067902861,-0.00010547713863827591,-0.00011678868949126995,-2.090199167485273e-05,0.00032253122264601494,0.0001039244133559528,0.00268501957138749,0.0005744644821697886,-0.00010424827818568665,0.0013136698279340858,-0.08573162299578228,-0.3962904677437549,0.006187329992186586,0.0006854966277246681,0.00014306820083862914,-0.002884723822247004,0.0018665492846259586,0.0001175842455358064,0.0003653039857149334,0.0007613595879346811,0.001610728992580861,-0.00013682206591402292,0.0014616747359399917,0.003368445742671175,0.002722664943217543,-2.441417519425445e-05,-0.013288961009203572,0.0038213318228966066,-0.0004623616158112417,0.0004619399633521838,0.0011596853955787424,-3.7334903463325656e-05,7.411368566774009e-05,-0.0005792590752105889,-0.002360053814742965,0.0016587876034738856,-0.0009242791297796548,-4.761344782510117e-05,4.59170193703529e-05,0.00022413596501906757,0.0008302516188503092,-8.636637644874982e-05,0.005833662309426378,-0.00044924720625730274,0.9119184456188589,-0.0008222674062564733,-9.387298718159824e-05,0.00014454470290113002,-0.05202362417989241,0.01200124614643206,0.006491421692459809,4.798411164496101e-05,0.013904774722980786,0.002707129550087099,-0.0003447301288053953,-0.00048490007476256747,-4.3921622721718526e-05,0.0001322930021558814,-0.00014818691062253703,0.008359804947738036,-1.2132662399656595e-05,-2.64457643295448e-05,-0.008025354861351317,0.00019408299007755162,0.0032615721114150273,0.0006280657738171888,0.0014634048262881056,0.00043356856961886516,-0.00027062911499356056,-0.0009677073065922164,0.0014021986778400075,0.00694426048440493,-0.002049044048074263,0.0034581589520452827,0.0004486017280523434,-0.0007546487521550181,0.000988977817588893,-0.00827041958042907,0.007470145058852458,0.00030575842051575746,-0.002255339303137793,0.002921666412343044,0.0001333819808057151,-0.0008623875812670381,0.0009798149418432552
94,0.0011840012038686451,-0.0013096222835743405,-0.000372999499189885,2.909797619468678e-06,0.00041315015269032885,-0.0025499774503843033,-7.100455226249653e-05,0.0020542226619113574,9.146071451289137e-06,-0.005535159976830235,0.0021814054665713505,0.0024446554236856044,0.0012523958847292412,-0.007966837163946588,0.00023674276894093379,-0.03480671873809359,-6.083643621086635e-05,-0.00011615340346088745,0.0003348099216196592,0.0003200115059911505,4.95691991844599e-05,-0.044727009359638595,-0.0002187220907997864,9.072202370144847e-05,-0.002614686587857214,-0.002482608883771336,0.0024877375305305187,-0.06920859032039646,-0.0037175038102202117,0.00042566413185649596,-0.007433570390679968,-0.0005290869644141321,0.0005627478955892704,-0.0001985376365976992,0.0003170931674652745,0.03922252535972365,-0.0006189601294518043,-0.0014945834868637055,0.0018036663079203019,-0.0006281303800626146,-7.155703888290328e-06,-0.012132626799196987,-0.006186674612029117,-0.0003135879603615847,-0.00036498664416161064,0.000908573989956301,-0.0008356374353803162,0.0006023130232523554,-0.000991323457097617,-0.0008895157554292512,-0.004645058775091073,0.00012706543753889104,-0.00011900115674778021,-0.00022759613205966013,-1.110969702182961e-05,-0.003494121573954789,-7.503776540638933e-05,0.0009120524459599455,-0.0010758179964487228,0.011223991622747285,0.0009550017631839934,-0.00042109560593094064,0.0001555147686038462,0.01329202516352111,-0.0354945441882353,0.0037603718964503317,-0.00016797531420682365,0.022179608630033546,-0.005859070039485176,-0.00013510005531160336,-0.00012706934572016745,-8.899471578349997e-05,-0.000338952065167164,8.451339212753144e-05,0.05630323864891667,1.0917403664087444e-07,2.1752093457834236e-05,-0.010213504490906022,0.000163202231201553,-0.000322214394217671,0.0005360958893925593,-0.00035464244822104585,-0.00014606571597538143,-0.0007086533864204776,0.004938122743071082,0.02231733459231509,0.0015144142342256588,-0.0020832962038407725,-0.02160098054497358,0.00027843533946062503,-0.0006016719454546746,-0.0017767046103008607,0.9715868810066335,-0.000604115410498813,0.001236664102615794,0.19913116737117634,-0.0015467030430503731,0.00022499530371828161,-0.0001579965310976448,-0.000749133112482472
95,-0.00812277466257676,0.00010671195521131174,0.00020735989452721863,0.00010694648909585422,-1.521933864025854e-05,-0.0053014887456796535,-7.590433770162872e-05,-1.2692236800691814e-05,0.00010320745629274417,-0.015003954958657851,-0.0033664107577380427,0.004883672320569833,0.00011374945730115507,0.0034310539508874,-0.00026601701666108604,-0.020833430291474768,-9.0548400355904e-05,-0.0002065080587777368,-9.041519823976471e-05,-9.936814959840036e-05,-0.0001633322607413135,-0.006635791854493721,0.0004554118668510745,-1.062011417158476e-05,-0.0007893167342302159,-2.5333580446618013e-05,-0.012632545018208208,0.0052232016954643,0.0010380500865635521,-0.0005125444008601304,-0.002709031650256929,-0.008520850662336328,-0.00036957035204285976,-0.0003970425662379565,-0.0005284487427003731,0.01218580195171718,-0.003594218803067345,-0.0006050424263680035,-0.0038724001275406462,0.00016071542257017478,4.317885495292578e-05,-0.013565384485137735,-0.0007451441646508595,-0.0019192089073084293,-0.002296214116903124,-0.0021094604707165877,0.00032228504333415,0.00011705967340162101,-0.00017519054354291243,-0.0020725705140716808,0.0018743344250660154,0.0001278807978813447,-0.00016660826833417644,9.558963052487372e-06,-1.0550087147639161e-05,0.004077551944705348,3.632153659131432e-05,0.0013708879749183825,-0.006346975573161912,-0.004977061571927036,0.0034423068250728876,-0.000552336982785992,0.0004239739972026653,0.00010168367674825762,-0.008804811097993628,-0.015409690228767927,-9.027722504032886e-05,-0.014615286778675856,-0.033231819720157645,-0.0005186951879586079,-0.002027363955497919,7.704353042419692e-05,-0.0005760030926267705,-6.596268991663351e-06,0.03179819024172971,-0.00022899927528091755,6.242829490495246e-05,0.0008954592263424402,-1.0283034258374603e-05,-0.0005691088633696748,-0.001723373498837554,-0.0007707836147413133,-0.0005468984642486944,-0.00013893853127612283,-0.025293719399082162,0.24760233857933478,0.001984519486558271,0.0011402395372355528,-0.0031145238546850763,-3.465500103303669e-05,0.0005173456052340233,-0.005628046930125938,-0.2025870179684822,-0.001887484028859031,-0.0008911832741895121,0.9448244911210688,-0.004394927848608449,8.421875150755025e-05,1.1977473251865604e-05,-0.0011584209881690772
96,0.00285080194493764,-0.00045316750009963963,0.0002751950175113476,-0.00024425274739754785,-0.00034075021690105,-0.0021564681864559886,-0.0002832475878197082,-0.002367784926743133,-0.00031390639785193464,0.008653801793462989,-0.005898918468943394,-0.0010203745505380675,-0.0029178741002972106,-0.0016983804921989823,-0.00027909683756703087,0.006658977150936387,4.846121182741289e-05,0.00014196115644832925,0.00012108266419390062,1.2202534915752971e-05,-0.00017585494261430652,0.0010453520167789643,0.00027151376872299273,0.0001570551083958779,0.0011470626947989826,0.001032934595116732,0.00245087811135552,0.0007659527653792186,0.0005009964575098613,0.0006833438165816059,0.0010610316506906511,0.0021066819245940498,-0.0005189524691601214,-0.004552562500980273,0.0003987972619289232,-0.0027165045445233585,0.00014462412325775683,0.00012252394949886216,-0.006563217535862103,-4.991303141748904e-05,-1.8068884834294367e-05,0.0036265348139443007,-0.01972624483345855,0.0010000536599850081,0.0006918417919512163,-7.95485428691284e-05,0.000398266670382339,8.177489325734717e-07,-0.0012452683506660317,0.00042173779130449485,0.00040722900909472524,-0.0003002961104375891,-1.4406247422462968e-05,-0.00019248186356755036,-0.00019896174566885944,0.011607716207577579,-0.00022540873810480153,-0.0013367212205589746,-0.0018058619252309842,7.501754773933856e-05,-0.0008188788331622914,-4.600818287449522e-06,0.0003524848061032763,0.0013408764083862575,-0.006636763442874263,0.00028901733335819763,-0.00045367884622926543,-0.002839082934146404,-0.12862116793233308,-0.0005243349096804614,-0.00024050110505939186,-4.8872580891762144e-05,-5.3903321650887025e-06,-0.0001973101671756915,-0.0009715323041478013,0.00017775330897717078,8.526638458565868e-05,-0.0014199378788714665,-4.185386171810801e-05,-0.0007271120446868476,-0.0002897864525001928,0.0008664640716560826,0.00041313342380583915,-0.0021111419268885355,0.008257038311878948,0.958823622549199,-0.0005891808010726043,0.0033971012496789472,-0.013852113512496675,-0.00037129633906293107,-8.339290565095988e-05,0.000933942333920982,0.028279231275914616,0.0009609618247853673,0.0007008246548679544,-0.24929524625014554,-0.0026998878463758,-0.0003343258989605124,0.00030697955658526743,0.0004866967758215521
97,-0.050406909773202696,-0.0002780443877124783,0.0004921172067883922,-0.00025629204950122775,9.706570083217736e-05,0.0023920592039432254,9.499755430880663e-06,0.004780822338916579,4.8473882304528315e-05,-0.0063415136021282015,0.001400232193706108,0.002332856579561282,0.00030600535150773767,0.005437358248147117,0.00015315228760545696,-0.03555914811022182,5.5143393933698714e-05,5.014205837190408e-06,9.461474791208624e-05,-0.00034056078555328925,3.294178987551036e-05,7.3592650771375084e-06,0.00013708572248531648,0.00012424379965404395,-0.0009421240975700587,0.0006627373816067081,0.0004146774654757747,-0.016183514887333016,-0.0007761817576661771,0.0002881945330942288,0.00038596640406141753,-0.016735231636541024,0.00010878368652219705,-5.9617183383862005e-05,0.0011520553136326662,0.02717091099259228,0.0008876325719508471,0.0012547374112441348,0.002581216152957613,0.00017760086598892508,-0.00012721164257256667,-0.0011861311065305138,0.001767375625127604,0.0004791619991184877,-0.001056493388349511,-0.0008846744714742149,0.0036814816336557515,0.00027973750706956554,-0.0004748795864300306,0.0004328119573558369,0.0012455793920784358,0.00011204744133376868,0.00013193353064798637,0.00010395570304533308,-0.0004268186556887661,-0.00023383118267839248,2.9048334633061113e-05,5.566628713447991e-05,0.00026378320713464675,-0.009144538766951482,-0.00019435968602856454,-0.0003026428323813779,-9.538819189196246e-05,0.006955791996599661,0.011783227132101243,0.0032255873839249754,-0.0003616024023606716,0.015713467880549205,-7.941969501570984e-05,-0.00044886222318187355,0.0015913249637758606,-0.00010262631712040868,-0.000893788528439799,2.946229462926983e-05,0.9946952356955716,-9.776115020133924e-05,-2.1353829028803936e-05,-0.007882469180945364,-1.6137874728976154e-05,0.0001561738456939757,-0.0007214204334862909,-0.00041318788008258165,-0.0002240648552041466,0.0004756752696874842,-0.003828779761122801,-0.008151840488622514,-0.0008339231680775752,-0.002288980117759182,-0.004578600073574038,-0.00016849114384712323,-0.00024011867454343597,-0.0019764409764500826,-0.052015574299269424,-0.0009062958325355315,-0.0011749039556000346,-0.044005939456143624,-0.001502671410023252,3.6806625997138145e-05,-0.0005533272853132367,-0.00013275900436388044
98,-0.015587629782320605,-0.0003427971961720844,7.919009740253724e-05,-3.5129067837182115e-06,0.0005257232295522787,-0.00039922213496480785,0.00011289296784920688,-0.00046574043237107565,-7.892777833973241e-05,-0.16722342514279884,0.00028395105614166527,-0.0008267592469761303,-0.0022226054103954562,-0.0029691454171660303,-0.00019115657360523064,-4.29119952327639e-05,4.855221603640436e-05,-0.00020655886531445976,-6.390840373702439e-05,-2.1344956529781994e-05,6.975724376032631e-05,-0.0017210310264889396,-0.00018849376890092652,4.489596347876518e-05,-0.0008927852460308069,0.0006651075773298509,-0.0003865667629540954,0.0004222231451343469,-0.00035092319391147406,0.00018057322695862188,0.0017117546637499797,-0.0035109389701069808,2.5536350596373596e-05,0.0006774825679749701,-0.0006415237583031527,0.8027349567597074,0.0023969784018690043,-0.0002484352496247358,0.0013737544684080142,-1.5887486809332448e-05,1.4503280804134197e-05,0.0017327458194251284,-0.00033766878225335254,-0.00038283680828389067,0.0005546202709458131,-9.989857560937195e-05,-6.276660169681446e-05,-5.5637831972914914e-05,0.00025905908842796337,-5.786166701434196e-05,-0.0007596253728313494,0.0001761899111851345,-6.642129358098298e-06,-6.080984225713404e-05,0.0001550974111952392,0.0006598607775007097,5.9812244753366245e-05,0.0001665690338665659,0.00014708184050998298,-0.008186756484091154,8.911257268400538e-05,0.00028916581084882653,9.390290046873417e-06,0.007160256556096302,0.0010347474760305563,-0.0001552259447107725,-0.0003874814644451069,0.547580362387547,-0.000377913546118231,-9.776958437979037e-05,0.00025652887288076507,0.00015107121058148196,0.00013502036115499265,-2.9272054219916426e-05,-0.03624472930558023,8.04261680689318e-05,-2.3457470600982827e-05,-0.0021686364174030946,-4.235987052220169e-05,-1.755822604501342e-05,0.00041329576340695326,-0.0003333873618523636,0.00036275490003948485,-0.00015389723333191982,0.0048432773739887375,0.0008245578603190834,0.00020000411251798185,0.00034629974220018624,-0.15450571620524345,-0.0004862909127880703,0.0003220805292802097,-0.0011366940426769069,-0.04446062971749926,0.0006153303243718688,-0.0011462247869319549,-0.01364789468873897,-0.0038744943148573373,5.314124086603679e-05,-0.0004396594167071959,0.0006120734534722592
99,0.012127568414264005,0.00010967265763200257,-0.00010755993854869375,7.269744691634078e-05,-0.0002556514190107592,0.0012511879648774357,-3.7803040212551486e-05,0.0003672516496119188,-1.1082343427379349e-05,-0.052528256938450577,0.0011068318066395078,0.00044317299047180736,0.002023595650128898,-0.002416179140021027,9.586983802441218e-05,-0.0023100772577736434,5.2271279490825884e-05,-8.642552204904809e-05,-0.00013336916864690497,-0.00017013853610847382,8.205713921246617e-05,0.0035166745815260678,0.0001362038357094206,-2.9025912564542393e-05,0.0003837504900475186,0.0007245994403492211,0.002987685518016093,-0.008694761330902911,1.5417071712896246e-05,-0.0001840022749196534,-0.0007669473366250829,-0.0033193547109979897,-4.708851201668928e-05,0.0003001847418117969,-0.0001801116164666684,-0.5794373991874737,-0.0015484746056037696,0.0003482321419482487,-0.0003105044320126444,0.00013375908489824144,-1.631761502591568e-05,-0.004345372775398657,0.0006970973372356178,-0.0003612408638156285,0.00011754134338606663,0.00028724135077281686,-8.152135450160351e-05,-0.00011773257424918244,9.199493150821841e-05,-0.00014681256507615694,0.006766371496551467,-6.047777777322709e-06,-3.876271188081679e-05,6.267539593866276e-05,-5.6112263705301174e-05,0.0007310665653805225,0.00010568603341839025,-8.62604053661424e-05,-0.00016681921309611607,-0.00909169690754485,0.0004509262911460048,6.0564122723549135e-05,0.00013931681317314731,0.0038046567884067327,-0.003674286410075958,-0.00015974816448380497,0.00018938411518587897,0.8072357960415825,-0.0011073198625761297,-0.00024428720007249236,-0.0005287321351125714,-4.004726093999257e-05,5.105392458971004e-05,-6.385885887518579e-05,0.0032698184587200974,0.0001721522863114347,-1.5150632491850793e-05,-0.003333781316700085,2.909405599202733e-05,-5.935242934258095e-05,0.0001281463377110553,-0.00023446548948010228,0.00013185315266370148,4.65169067321719e-05,0.008046812939637337,0.004191268289200168,0.00042711735020327314,-0.00037798067203370064,-0.09482861138925373,-0.00012124919530556505,0.0001375250275568833,0.00145303104584964,-0.0020477559464949086,0.00028665205051241595,-0.00035182433712146674,0.017339040776527308,0.0017219468076147808,-0.00010464021880002804,-0.0003201510098467461,0.00010958664524441872
