,0,1,2,3,4,5,6,7,8,9,10,11,12,13,14,15,16,17,18,19,20,21,22,23,24,25,26,27,28,29,30,31,32,33,34,35,36,37,38,39,40,41,42,43,44,45,46,47,48,49,50,51,52,53,54,55,56,57,58,59,60,61,62,63,64,65,66,67,68,69,70,71,72,73,74,75,76,77,78,79,80,81,82,83,84,85,86,87,88,89,90,91,92,93,94,95,96,97,98,99
0,0.0001564959654945337,0.003808332517186208,0.004934216953244475,0.0009683338834918787,0.0027293998481975473,0.0002971760068409962,0.06578349081708144,0.0009726301182478844,0.05568606199964396,1.9144762613279897e-05,0.0015644976044636172,0.0004532786286951742,0.00023146651869522736,0.00015695746051427555,0.002232122252170971,9.81613304287355e-05,0.19048725696647886,0.0008261440018343811,0.011297271665559947,0.005652247770907107,0.16020964660814233,0.0005738391236798254,0.004029247997003402,0.16880342511470228,0.0007442291460844856,2.8266082703412847e-05,0.00010969116471291074,0.00015422320738399457,0.000987046190120646,0.00301399832476109,0.0001743638083683844,0.0004223353866877773,0.0016923605998060943,0.004947951870401422,0.0003933233710386237,7.893114814772556e-06,0.0007367027601197214,0.000867873682881399,0.0010861062697690004,0.0009485251943772442,0.3777667428924361,0.0003381613646878781,0.0007675463453695837,0.019092598411023353,0.0008522582893514743,0.0020571644388292696,6.547973701796898e-05,0.001234376522238599,0.005257731359437348,0.0005530224052665133,0.0001556972555891152,0.00018835076857472234,0.07514075140835494,0.011275102528753739,0.006376618370659799,0.001028096641603082,0.043549989035762106,0.00021140285897288001,9.756407409048268e-05,9.404129926276704e-05,0.00048371479376828764,0.011291099265449587,0.02652398504154104,0.00012149892493851844,0.00011608731384731183,0.0005573674512033719,0.03421309424309859,1.9914999883863473e-05,0.00038429994185126804,0.009402615804163184,0.0033109134014183434,0.0011469896338916423,0.02591875612878888,0.10121041272183001,5.407234870318528e-05,0.001115217102702317,0.8586923751501071,0.0005186041466750226,0.007837099824195625,0.0016474998504090836,0.0005199707187574575,0.0014339177572598566,0.019494649691107896,0.011273191543244068,0.00016621766386503,0.0002024689398174197,0.00023120544277418863,0.0014140703274448637,4.132134915235219e-05,0.0037479558323491487,0.001802762791309893,0.00014912550006377528,0.00011518902437473972,0.00034206310705038996,0.0005684493330655175,0.00019862250979095985,0.0013169484201180496,0.0009739752666684182,0.004870868058535022,0.0062039130687333984
1,-9.751169737215025e-06,0.0010442432858592358,-4.630708386231357e-05,0.00022149552750511808,0.001276740336515654,0.0002481406760765914,-0.03137114348034781,0.0004896835075576256,0.034303395749205434,5.688379864678128e-05,1.889204096562451e-05,3.615671986883888e-06,-6.184513573721882e-05,0.00013241862489403794,0.00025645625277967665,1.6188678099606575e-05,0.1558549306620913,0.00017734035859476863,-0.004618809119268087,0.001296705383663782,0.07502101972399754,-0.00015843147804717257,-0.001896836587734755,-0.026199726747087874,0.0002383376288517668,4.962089103257247e-05,0.00010875449085765984,-4.928423405516533e-05,0.0002643011032721985,0.0010235344197859267,3.7601550791209884e-05,0.0001215296138335451,-6.688476188124317e-06,-0.0007546675291547281,0.0001238252562873716,2.929616674001725e-06,0.0007248445361324233,0.0005517291660071889,5.197831950484383e-05,0.0005619137690560913,0.8822339015067371,-1.819307573020386e-05,0.0003747126366315918,0.00935840478964444,0.00038255751917913155,-0.00021583933777198102,-8.039010883394123e-05,3.449545237458707e-05,0.0004161320220540164,0.00033653567172556217,0.0001833685594136438,-2.599612817544789e-05,-0.006872446806695031,-0.0001849563092201071,0.0004691464975706443,-2.8625121963160424e-07,-0.01513184475844373,2.5719999960631363e-05,-5.9653686859288446e-05,6.11697956383466e-05,-1.3738056941323133e-05,-0.0014132208101889,0.0009072057436635087,-5.530082987001621e-05,2.6139340949308003e-05,0.00010900854804640863,0.02041970547716823,4.847677044143432e-05,9.613932589783115e-05,-0.0007506755990961425,-0.0013203044797751,0.00010720133482718724,0.017849512728776613,0.014208053829426798,2.1645556459531686e-05,0.0007342605589247709,-0.4329812143299818,0.000254642549788065,0.0006111144612982506,0.00046189518559641056,1.9023687553385276e-05,0.0001589050242665271,-0.008825159403187373,0.000827067290119149,1.163319375727205e-05,-1.0383823515483218e-05,2.9237224861531787e-05,0.00016826369215789863,6.386980475816492e-07,-0.00013610026612514842,-2.930328909624173e-05,1.8672918498987673e-05,4.134429924333854e-06,7.473793096033835e-05,0.00016421936875814233,0.00010182472904867257,-0.0006318554743518696,-0.0002459180375830736,-0.0012936132110700918,-0.0015185774452642076
2,0.0004379596408474365,0.00857432245011637,0.01651557670921655,0.0010766359572659256,0.012415735702176578,0.0010993375144038309,0.42808583289391416,0.0015213725558421987,0.06229558776742372,0.0001559747748389878,0.004204765535274987,0.001171200518907822,0.0006727508185341083,0.0006777423211887688,0.00716452310818239,0.0004274348415667277,0.17400186408973428,0.0013941508461834575,0.01678179301769326,0.020156925085172448,0.25251660040831553,0.0016541262171101368,0.0057885218131548755,0.7623277272699068,0.0031020309775920065,-8.761124281580529e-06,0.00034824757629279467,0.0007485858328029222,0.0022318194991502436,0.008355036226482825,0.000947763199403281,0.0008827674195810312,0.007482101186727784,0.01696862820349142,0.001707604831740121,1.3841349199590056e-06,0.0012827451135031952,0.002336102317679064,0.004081137299996246,0.0020152282949016604,-0.13849235840052102,0.0008919719845760453,0.0006287674350424253,0.01638482020664375,0.0028987180702390045,0.006261189052280738,0.0002114171972429108,0.0022230206237844894,0.010780665006553026,0.0006438238223407311,0.0004151409999338357,0.00031586318669959756,0.1044093574383429,0.09883751745736372,0.02428972870738374,0.004041368712941294,0.047165857978720076,0.000458334840408483,0.00035417163764296937,0.00022362290193342284,0.0012240561395668857,0.057808766856756524,0.0795631954712275,0.0001797712436486633,0.00041965489313892804,0.0019235131641221932,0.039929971314965666,4.114862986946226e-05,0.0011107002041214444,0.020240424565706544,0.006293016228941971,0.0013892146290865699,0.020317758299043365,0.10335250492787917,2.8050923352446078e-05,0.0034488070719821615,-0.24627081186745556,0.0010762610684900903,0.056958533542488664,0.005422540487813299,0.0014190404385578752,0.0048531759788901134,0.06380361719422516,0.03193037226616411,0.0007338239400496667,0.000584858890300004,0.000791663786913671,0.002979569086089425,7.665885279941181e-05,0.01582164057912912,0.008028972814273179,0.00016428000008797573,0.00019055548014928025,0.0010303937142268906,0.002206824146096555,0.00039352769515057357,0.00020056451024699117,0.0006624054320312169,0.01789463158878226,0.016393771764315578
3,0.00028851136148724604,0.002870122224176812,0.016933160101155448,-0.000416666010712996,0.011585903032234834,0.0012398380174939994,0.8006998417023611,-0.0005620678777811475,-0.03848682634684086,0.00022331913346168575,0.0013262130374985248,0.0007459292738896672,0.00024322084287223267,0.0005546911528474252,0.005820156967297971,0.00030223637983593094,-0.4141093416281875,0.0005534298914567727,0.018967266358039997,0.025709513721402667,-0.11670147648095101,0.00152763395454582,0.00561669678064628,-0.30912139116041504,0.0015994315646174798,-0.0001351560335117926,0.00016257399372439113,0.0005522768284132682,0.0008582207647619222,0.006786419784189817,0.0006227249861440122,0.0003972736806093221,0.008114245039588346,0.02354840949390272,0.0018038839015476938,-0.0001153454709197092,0.00023658970188333655,0.0022730600520449538,0.004442294640462858,0.0009664863932512067,0.13471608623079243,0.00042512578915066305,3.9362137676733516e-06,-0.006900212027020318,0.0027328372658091543,0.007475417893510918,5.581177731636369e-05,0.0006597604217770481,0.00833718158741379,-0.00023700861624109952,0.00012011274927192073,0.0005024303033251221,-0.029869164600341527,0.1478433993870004,0.026616024835139602,0.004387655981268625,0.05177029969944846,0.00023941461627180222,0.0002832410694179643,-8.337658760418793e-05,0.001324276921338865,0.04123990654216768,0.07999185996354316,0.00018888802749247036,0.0004905240583579178,0.0009162833002152312,-0.027370635378268303,5.038833283005447e-05,0.0015162372521171235,0.010010576783692124,0.0076936556570728456,1.6290099545614476e-05,-0.021798390695788407,-0.05819368474507264,3.5319847907452873e-05,0.004194473147962674,0.055812110355229295,0.00042343087751757155,0.08580631295669307,0.0037587580296355623,0.0014906075972045008,0.0035671741821606253,0.06939058584457804,0.032579747365322397,0.00041741218094395815,0.00048898710471612,0.000435791793323744,0.0007438622875917938,0.00012303015336116783,0.020717646262456018,0.007148388123130586,-7.024420182714026e-05,0.00020136864787605773,0.000563229741849488,0.0003529374137001198,-0.0001854339236048504,-0.0003200548680730277,-3.447285461723698e-05,0.012632561659363991,0.010429372604543824
4,0.00017225547642268322,0.002651244349763167,0.010004116212894446,0.0010504630710333196,0.006736892846293394,0.0005186056987380727,0.24494323552873198,0.0004681636261980107,0.05069415878056538,0.00011467015061392138,0.0004558930708226383,0.0004465173312029891,-0.0001396687428717458,0.0005014315629199295,0.0039467092579980045,7.056399896593346e-05,0.7148035127409891,-3.4813700241013035e-05,0.007798649059056342,0.012790614783899088,0.3387696986364992,0.0007132900838421214,0.0016325930542674403,-0.5057471796090938,0.0008859233463895857,2.4733035917365147e-05,2.97012358120972e-05,-8.364443261590828e-05,0.0007221759954513999,0.0029034415763088775,0.00026599006695655816,0.00030856951862356767,0.003280493163146091,0.008358935436530109,0.0007360757359321243,-1.862122957851974e-05,0.0013330097645895605,0.0014426510484077074,0.0014367310741764394,0.0009498884121336679,-0.19836189845134616,0.0002752038743989591,0.000799149491707095,0.0022325847500666357,0.0017015332839400241,0.0025797877772735047,4.3758265962336136e-05,0.000726431575229962,0.006966354748526926,0.0006187427405133058,0.0006279945449785746,5.9086365457427446e-05,0.03561609930480334,0.06440042072012259,0.012550400174524575,0.0015219434499128398,0.012534514514136006,0.00022568570400425297,-1.0404172767521129e-05,-0.00016090653512406663,0.0007697398746764304,0.008030885568692605,0.02532800310154321,7.348978324804416e-05,0.00012970910702425834,0.0004570945932249527,0.022861726609670972,4.5214869138416745e-05,0.0006321249572438971,0.005538035106864478,0.0017896416380797794,0.00047466038609951267,0.028730349909763954,0.027673636271272638,8.036581947011177e-05,0.0028431049540430945,-0.06924207666440209,0.0004354639605248328,0.047487224279031306,0.0016445378524860344,0.000485818541936495,0.0022047729488130505,0.010357510287156962,0.013866714826535476,-0.00022734079202591399,0.00020129550183409502,0.00027705200648781307,0.0011013148834422629,5.270656612019805e-05,0.006828063889604097,0.003831622808884706,0.00015725696778844426,0.00012957639047105234,0.0005620663460033606,0.0007570691875836888,5.163970496577764e-05,-1.6168136606623364e-05,-0.0005085759039443857,0.0034667808712037576,0.002463865919427447
5,0.00019702514405171923,0.0012171015412997949,0.0026567337292726714,4.644325888289447e-05,0.004146212920705712,3.235681777244426e-05,-0.1485637029534073,0.00051720487252567,0.033764434326443576,0.0001972901650598019,1.1683876502965873e-06,0.0006141127808730884,3.0363970185409705e-05,3.181901742108084e-05,0.004003319163626673,0.00011954158544569271,-0.4482915485187199,0.00027101841069723776,-0.0038473242816207333,0.007530580310250915,0.8716205438981841,8.959643101589675e-06,0.0005852755938732655,-0.10941185230956187,-0.000443824067317331,1.7991622361543348e-05,1.6873353217149823e-05,0.00013154030475788205,0.0012233308810354212,0.004909806746863931,0.0004007911463419457,0.0002314624262450694,0.0005094987071095731,-0.0029506787405445267,0.0002913810711000328,0.00010915297620234504,-6.041731981078213e-05,0.001093778996139562,-0.0005150180641534351,0.0010199443516402944,-0.01414983985545909,-0.00020669475857843964,4.874861607236274e-05,0.002849769076199364,0.00045342396842066625,8.974067508406542e-05,0.00011308029953822465,0.0002868637061355274,0.0007798545932834019,0.0005146097585872573,-0.00028465128459671373,-0.0001576492301389085,-0.008335374799755465,0.016881352839756912,0.0035778266727887267,-0.00018787874494845006,-0.017649369304371557,0.00023519589531851922,-6.277906964517074e-06,3.4572646771401566e-05,-0.0002784282218071317,-0.006736173029326933,-0.009683859583830832,-7.42720271514237e-06,-6.495091513679915e-05,0.0009874532923568576,0.001008176115295946,-8.135704367604542e-06,0.0001644666770261748,0.0017983034972041951,5.854765796119935e-05,-0.00012649603112864223,-0.009884185270817112,-0.040543225073022056,2.246554993650231e-05,0.0023906246400755204,-0.019696346849864356,0.00037046313531349654,0.027031597895251863,0.0014188644130351002,-0.00023555519145992455,0.0019920013047291197,-0.006988700545651948,0.0026398430838736955,3.816524897391204e-05,0.0003446150104440669,1.6685738008939856e-05,0.0006212934202746024,-3.620755286078115e-05,-0.0025215575903979937,0.0017889103147287503,8.837218613257119e-05,0.00013489449559992957,0.0005169396479015456,-0.000224853531139966,-0.00010039665265152533,-0.00018745565343233428,0.000577970191810202,-0.00037332992677455374,-0.0025221020453604654
6,0.0005418098693341972,0.0038164186324925325,0.07710541996385883,0.0002993769512472655,0.045435611253569486,0.001601976164942287,-0.22450071664038382,0.0005608962405925788,-0.0009388521876277922,0.00017571700573026927,-0.0002827461156976671,0.004405011867056219,0.000368818884704164,0.000645449136414733,0.02253241949055626,0.0004042282188133073,0.0007190009079435927,0.00023883294036211057,-0.008159975166413834,0.09581193720008328,-0.0735207739517059,0.0010010704906136373,-0.0003099290047402344,-0.0007076313687249093,0.003046835673763883,0.00010964522597852559,0.0007852261238635517,0.00019420565176246206,0.003948808432118477,0.01595044983956443,0.003018340657293359,0.0016367221306629477,0.020997970603855595,-0.006172741175255734,0.002014624294014779,3.897850425792215e-05,0.0027879190416748175,0.012135736615996555,-0.0012715495725574607,0.006077351874687407,0.0029878451055397716,0.0007392734221573186,0.00013095096187553613,-0.0003336478857239942,0.016935112096674462,0.000364145048797292,0.00015490311981405103,0.00033258011377744105,0.019843740467035492,0.00017638580374946142,0.00019395584781557815,0.0005368036856788344,0.00031191717227036994,0.6547863377642184,0.08523244858437312,-0.0006640343494678264,-0.023959611967581108,0.0008125883371099959,-0.00019978504689473832,2.3980949639179573e-05,0.0007151867431773602,0.0420927469922918,0.03250039206809284,0.00010338131060657469,0.00013297404324169953,0.0013147821760639109,0.0012517927510510732,0.00011608142478573055,-6.4216425113643e-05,0.0038262427815655814,0.004147610665782002,0.000524358667523695,0.0028299025603376188,-0.003633551989311256,0.0002588031961679215,0.028068407129493923,0.011155191179376408,0.00034649324620444693,0.6920203238255779,0.019809273409889538,0.0013314117170766056,0.013134981777384718,0.03861790586025044,-0.0006922252104251795,0.0002960530573885156,-9.542892335619905e-05,0.0019101456908834642,0.00010578836926126775,6.28257223145262e-05,-0.0034428568134943476,0.025637343214912796,0.00012525790994728932,0.0001331921018554489,0.0036839021143667155,0.002781210551956413,0.00014665633968645792,0.0004006745563298968,0.00024587518378418297,0.05021720770843734,0.013427159180790899
7,0.0002064389685401327,0.006453506511478836,0.004145922046921366,0.00469857760795396,0.0013483917292944902,0.0001393848049631441,-0.08357099157681318,0.0021025319955159244,0.08729405967468043,5.285947194393764e-05,0.001132556761530068,0.0005433428562157533,0.00037665188189189847,0.00018985790535164249,0.000507987520281262,0.0001463074438795564,-0.119110151941477,0.004542795734506477,0.2512886145741775,0.002216963928085111,-0.0475487407271516,0.0008572929406087976,0.038692055708862715,-0.13098633688588734,0.0015031839262056815,9.41341423685931e-05,0.00018256082681336112,6.0200699340720804e-05,0.0018417909674677164,0.0034166611257843474,0.0004886418406124214,0.00015485351571805782,0.0006627376681300669,0.0009607172177345251,0.0026839267822091036,7.957090327203459e-05,0.0006050809797409941,0.0010670210913460328,0.0008192634159891024,0.0013388930755485555,-0.023647666538548134,0.0003879816910339011,0.000841158170916124,0.04829036637491316,0.0009604887395191636,-0.0001649169363114306,0.00017527480523426534,0.010918103921027694,0.009348478136195763,0.0011989981337000193,0.00047209811956169453,0.0011291599541918844,0.2480012347579566,-0.01385465533146174,0.004477438061024068,-0.000462234115034197,0.4829509858691081,-4.056949748486348e-05,0.001583386316847533,4.236848899291917e-06,0.0031431940876720217,0.011217603056725806,0.04951958669677356,-6.720454052165951e-05,7.27016032333824e-06,0.0005989389036142141,0.03319717708200556,6.05795265125322e-05,0.00013520376598069193,0.03764290478242848,-3.928782910677525e-05,0.006179778105289623,0.040100117688665546,0.7584647153993804,-1.1370857764293751e-06,0.0010285099491859628,-0.0735966658091519,0.0005867061404205723,-0.001814296238299172,0.0019463758296984863,0.006557121874381737,0.0020142106811170436,0.03699490093170785,0.005952393524955678,-7.093569314578464e-05,-0.00021356281137859364,0.0002089889238159773,0.0039105776014748145,-4.30647148332141e-05,-0.00079334471465284,0.0009461408440535474,0.0004410857012041743,8.52181417181935e-05,0.00032775626659339597,0.0008513932672836889,0.0008275119046861515,-3.1201145012439355e-05,0.0003941497932680052,0.0006013484755424889,0.004510266613036594
8,-5.345835370088074e-05,0.003851437529052383,0.0023090917949885915,0.0070303534908428625,-0.0015276559379903652,-6.984496418607072e-05,-0.06069334547602048,-0.001311944290921685,-0.07001324708184856,-7.470334135629281e-05,-0.0007977346906436755,0.00036188413173882453,1.9600800654856476e-05,0.00034865383138550643,-0.0015127917795219603,-5.957091313520124e-05,0.057706573097219896,0.006863529038466747,0.4147060145223118,-0.0003598617978623174,0.017709138486454282,2.2703879941685166e-05,0.061409357516795916,0.044217501147664096,-0.0008630021334913758,3.0955249500132296e-05,-0.00011322474626664856,8.921799484478288e-05,0.0011948312525403137,0.003111810545688248,0.000481573613164624,0.0001109134872797242,-0.0006925528208382194,0.0007101479920363916,0.0045981085581587085,-1.3460477106937152e-05,-0.00031175211888847046,0.00013366184780400862,-0.0006848306341781156,-0.0010112386592000836,0.016301815863336504,-0.00019107566272172014,-2.6992867322632824e-05,-0.036922249221944405,0.00012161366811134448,0.0001710452781302816,6.922347438047456e-05,0.016812624999675643,-0.00044726296278593163,-0.0005323070179053988,-7.53740322555381e-05,0.0015862949579873893,-0.00043648951225744304,-0.004608388721136426,-0.00030553606976648547,-0.0006333551733857272,0.6953582590049601,1.6925146607268607e-05,0.0023871465819282445,4.0260937924787584e-05,0.0042337791773110305,-0.0022710329882837284,0.0329440908824966,0.00014797601585951744,7.341043639709933e-05,-0.0001758434903605645,-0.023349386141735234,-3.238690432672822e-05,0.00011575173406488896,0.04650895434282213,-0.00022663697967161375,0.009143579089831978,-0.012818883491868277,-0.5653516419425348,8.871076692349572e-05,0.0004908048640507234,0.0028325861148185347,6.007761853120961e-05,0.009304346237535059,-0.0004028996435255956,0.010494164229444054,-0.0005113702422625387,0.02232992658795299,0.0046889424587521576,-3.828859268489252e-05,-0.0002134677988486039,-0.00023802873973527484,-0.00016868182623514362,-3.287997460278935e-07,-0.0024792040162455787,-0.0009690970438302398,0.0008880258831886138,-2.9035118406220547e-05,-0.0004357686853728223,-0.00012661087061321616,-0.00059801894692357,-0.0003034655498538874,-0.0008256582055273956,0.00047798447240261777,0.0039007864023227735
9,0.0002076077949105586,0.0058902434889335775,0.02114308665481332,-0.0018980303440149365,0.0027646970092553846,0.00020916141051836867,-0.03183312468275007,0.0018387538756603032,0.01856544124675097,-7.607145651783442e-05,0.003403743370916368,0.0009174298548312865,0.000991436650863986,0.00018364430392450726,0.0019850453875813745,0.00033079063211761267,-0.051399131127751796,-0.0019360366711377083,-0.07709332924530424,0.005333431681849965,-0.04374598564555411,0.0031059034371138934,-0.007841806477106278,-0.06188415197983133,0.0025295636536719172,-4.799217756542022e-05,0.00015607103004627686,0.0006346086239008642,0.0010007639745922212,0.0027541740704039655,0.0005112115784444218,0.00026582533434127854,0.0026253208391099035,-0.0003967770628427233,6.767433661953107e-06,5.874183787241832e-05,6.315540812568132e-06,0.00138496928760716,0.0021768742884998014,0.00023371337806862543,0.006244864300363792,0.0004917894634546578,0.0027279879651787953,0.0036970844790307888,0.0013789027321664676,0.0014144845564416722,-8.856999528166694e-05,-0.003674073598997397,0.0323551587808023,0.0004804814719249484,0.000793333050526937,-0.00035334152094332127,0.9473891824307137,-0.022776042242807992,0.019922365526354305,0.00038173935904080606,-0.13731306447822614,0.00011150241113841658,-0.0006731441025171381,0.00014628877551512787,8.138271334889044e-05,0.04586427263618729,0.08060104016272174,-0.00015808815626103191,0.000204079268473897,0.0007083000780375383,0.007882714649011515,-5.5306045047071734e-05,0.00018818251493394442,0.005572991207637495,0.004943485407227088,-0.003338678888519478,0.017968483595377036,-0.23386475216806396,7.3190540754285854e-06,0.00042669471239555924,-0.0213832695447748,0.0009446241351405205,-0.014365261443854943,0.0014258263998375297,-0.002078480484389257,0.002647347777498727,-0.013550009440730253,0.01066528221483447,0.00018267700996494555,0.00015271681447368463,0.0004326505741886334,0.013155953185561793,6.87564624566369e-05,0.0001305392797815671,0.003103975618703566,-1.3688484389914879e-05,0.00011246198296557667,0.00031727870749592984,0.0012139356911229963,0.00022102060834826938,0.0006629258355084419,-0.00023547093309731816,0.0063143907634383885,0.016677594323919027
10,-0.0001850134309745333,-0.0008078001515740632,-0.05036443737194495,0.00035874823552039387,0.05403849472419734,0.0019398049161852074,-0.06406000469650486,-4.4130565460191555e-05,0.008210129821561399,0.00011356627989282664,0.00012865802312653218,-0.004068419118187089,0.0005253109420388369,-0.0007118631805759917,0.0402330550026794,-0.0005556521116046875,-0.000126905046124004,-0.0001647185190111174,0.007119277247462641,-0.028569291352736607,-0.004344228585663166,-5.3808969022055547e-05,0.002352663782455888,-0.007316819105990552,-0.0008165010644963569,0.00012369819147436587,0.0002423894513737001,0.00015155127065266238,-0.002792878866565039,-0.007879361663244999,-0.0018367873797554557,0.00022841825025963353,0.013614611121706269,0.001390668242252995,0.0005926207303850448,0.00019170538520999706,-0.001669342570238437,-0.01139397121261665,-0.00013100656197463298,0.005346575020283947,3.225392700980864e-05,0.000453716274030718,-1.6523552283812274e-05,0.0008076801932688678,-0.01871065483198288,0.002171237006632033,3.937679499430838e-05,2.040642167424299e-05,-0.011453722581406233,-0.00011968895576644674,-0.00017848558971180276,0.00039849895127845483,0.005235176478331494,0.7076126473250577,0.037819529585996214,0.0005168213061994681,0.00046383583270499795,0.0013824707119416985,-5.619262360016114e-05,0.00026357920927387504,0.0006671209417015492,0.006678049544690444,-0.01551580684707092,-2.6657440582514996e-05,9.211142963141635e-05,0.000909383738821812,0.003391674993311068,5.2336878168701435e-05,-0.0002635387955827487,0.010712885582182141,0.002102750383255511,0.00040889756542582083,0.0006501455861653242,-0.004723098452865282,0.00012671028561985626,-0.02894433105890772,0.002470913064999909,0.00025136050339728366,-0.692471540355561,-0.00651980316235122,0.0011852434833498334,-0.003458762007974738,0.05196494930979216,0.004019737963045929,9.869525885378106e-05,0.0001285085046143165,0.0013457579435241622,3.242346369696208e-05,-3.663583319521045e-05,0.0028348985745931094,0.03329243070738987,3.681401520452734e-05,8.57724542266253e-05,0.0022052250323659943,-0.0014958607915495793,-0.00032012340976490155,-0.00011123941584205432,-0.00018642118760593497,0.0011449501552520981,0.0004228947973067996
11,0.00017912096587178794,0.003282185670885014,0.004491221571471778,0.0018876249075883977,0.010100998981711226,0.001158893415956777,-0.0024702016795852544,0.003515368474956114,0.9738967343818957,1.2033367959074504e-05,0.0005463006676487622,0.0006476541745642772,0.0001547355876811013,0.00039067983964104214,0.012777269386716347,0.0002810664472596841,-0.056429898193635024,0.0022059899494868075,0.016590422734047195,0.006740122464184435,-0.07763265314322534,0.0003115703768918447,0.001871925029655463,-0.027552241181278442,-0.0007049259658842011,-0.0001252843517326567,0.0005845395486798065,-7.72330845788538e-05,0.0024979283673683735,0.0020438434396173946,0.000883922931591799,0.0007111469148213465,0.0024989355407996107,0.0063253267682393186,0.0003645524532866623,-1.9888674752249758e-05,0.00046911629421830803,0.002993910922916815,0.0005822552560428252,0.004276628870235567,-0.027416074147332714,0.00034994493747290967,0.000720281755661885,0.04541764640292874,0.003207692466543996,0.0034678264486634365,0.0003040428469091739,0.0038204631104198196,0.003548652546393402,0.0006934155377005683,0.0003588190459744567,0.00037796540528171624,-0.05903192222257883,-0.014598839011588698,0.008987142961278463,0.0016791354892946486,-0.00018276090222682506,0.0014156116528709775,0.00014324459422692228,0.00017557557529663167,0.00020589522817845984,0.0035436889231138247,-0.029685054287118207,0.00014297550162547037,0.00012398058964672304,0.0014755022935051215,0.11225775257372111,6.946762952655602e-05,0.0005556023485493801,0.008899657187267419,0.0019910320376667866,0.0023012474458554196,0.06040478876512158,-0.128816541096434,0.00011133368497528995,0.0028450934670071065,-0.0053502439291611414,0.0010161643780130158,0.0015571675836227594,0.004459599423149996,0.0005672835520348155,0.003815595826794395,0.002355977432545883,0.010953738184556442,0.000209833729012468,0.00029674744637553786,0.0012337875875387233,-1.1679434758789633e-05,0.0001776576780001865,0.0065194916354057685,0.008828870768041477,0.00013888306307130276,-6.189917403409857e-05,0.002012632604349209,0.0010762968417640031,-0.00020009701636644964,0.0005639896947402384,0.0015001230065305963,0.002665900179816258,0.0016659371056905042
12,0.0014260558198537902,0.020602937319760983,0.06126258039764964,-0.0015648932359453027,0.01994730069103451,0.0010274876334922245,-0.11356848552559634,0.0006052286258763084,0.014362980015435733,8.873843982126761e-05,0.003504099068143224,0.001539051329448704,0.0013180242003211495,0.0014276067475246235,0.01588331279238364,0.0008399393056464088,-0.00210015569778238,-0.0021340722900009667,-0.1430496167244596,0.01925930897233864,-0.012185628709588673,0.005688425968862713,-0.010436213123201293,-0.02830223414899668,0.009833810750779139,-8.297222596736337e-06,0.0004643916694470411,8.280522947159974e-05,0.007653681231760453,0.018553072255076398,0.002800488289562429,0.0016387281782659219,0.008876121734513149,0.0007914358983882258,0.005693860341641148,-9.70145851460838e-05,0.001051772752114117,0.005541279284341088,0.0020520534612581565,0.004527408088136588,-0.006583685073212178,0.0017946177736945274,0.0014574522940771913,-0.001425166266812882,0.0072691738275738466,0.0013169951923946857,-0.00011656849808742189,-0.0023743269808497013,0.04889245393257069,0.0007782483587201847,0.002497509985777739,0.000209159056535425,-0.11714570040345228,-0.058457130291625595,0.04341580578055309,-0.0008671032710058765,0.018832056543183817,0.0011709256679095243,-0.0006832541151756192,8.285654902001805e-05,0.005340525349485309,0.17876941088432155,0.9441813894809856,0.00017918243084635074,0.0008091430636980044,0.001903777186804935,0.0009945572825845704,7.669825598930159e-05,0.000576588194484946,0.007030938662593774,0.013036788020313755,-0.0016671004905154272,0.013258610686785256,-0.018159923047663146,0.00027238355412004256,0.007112872764517379,-0.002248066486100743,0.0016592299947895434,-0.0666598672710439,0.011885828333722506,-0.0005845017311255318,0.011937566370563335,0.06080123874016685,0.03592165333162571,0.0008394215993132786,-0.00019031936671422327,0.002211730451886427,0.006573195099528862,-1.0131296386394623e-06,-0.0015625999369010242,0.015391087655559313,-0.000124676030597106,-0.00012417580629091318,0.001712324669028945,0.004954024275359239,0.0003297865833966473,0.00017584977415467488,0.00038422334710962094,0.03219488669570423,0.04706528762797663
13,0.0006621721701904558,0.0064805022310731805,0.01506332629722687,0.03145962035292159,0.011957660696698569,0.00025345538011791423,-0.004813835859551002,0.00034743799245663676,-0.009787757127350818,0.00014435806136289808,0.0012677833721371282,0.0004529110645327128,0.0006137200025630729,0.0004338820008549151,0.016204077239783413,0.0003088768639823297,-0.0008576601586055138,0.024571119036499313,0.8496181263628739,0.009384977848592293,-0.0040078701129080095,0.0008568579185786791,0.03844393156821255,-0.00117555492248414,0.002913953942132128,5.941668675075627e-05,0.00035822214311297416,-4.973774840222409e-05,0.0023095633366982476,0.007630136075488168,0.0018350154007279063,0.0006677675629830713,0.0045909161893859934,0.004013904374406126,0.00815204667804136,-2.9074913630708875e-05,0.0003764853262845126,0.0024331935064946363,0.0007999511577593179,0.0026743658278215116,0.0005512502658930642,-0.00012565231488747205,0.00019659126666687129,0.004139739819404333,0.0019480455542846935,0.0009694360218238591,0.0025361307920771063,0.048034371189227765,0.009854956736254208,-9.974983848417955e-05,0.0004292867066208149,0.0030916676392237523,-0.010742448478687452,-0.019523791935277368,0.015877028098421925,0.0009986991267278485,-0.49991101688388034,0.0011622067728416885,0.0050704851135452075,4.406653597104784e-05,0.008087194459806083,0.054887277775919396,0.11926008748149258,0.00018132295800170226,0.00011722548129182789,0.0005913769515789324,-0.006777277062806999,1.2051440904294096e-05,0.0006966948370479107,0.014468869628990006,0.002185152602845831,0.0322164993734573,-0.0047843124106348575,0.026350088927681852,6.0092726066716604e-05,0.0029809284173673845,0.008275578458217803,7.518853204301328e-05,-0.009894957194655586,0.006046357733732466,0.01771827367565732,0.004128224599719203,0.025893345171478815,0.0099863425046843,0.00021452988378863752,0.0005257020331008455,0.001003996169772258,0.0011510273500816054,0.00010325749063885706,0.001767020467952395,0.008643136330139023,0.0014850128557750686,9.249558456581523e-05,0.0011108850294125425,0.001749361974262419,0.00018709945003251514,0.0002691698664942545,0.0003911257306466261,0.00980742234119552,0.006044583606913246
14,0.0009491207496151857,0.00961167393979235,0.09583431788091162,0.0032032882066203305,0.41234674217400125,0.009433801343330831,-0.01857648280962805,0.0014583071440369966,-0.0367829768539097,0.0010966830995249588,0.0032713848475514895,0.006990487296851207,0.003428920707367708,0.0007974496216666682,0.676801504189078,0.0017645497837790736,-0.0004963444424232327,0.002622022139881112,-0.027108580875601807,0.13326866937300721,-0.008511569098604482,0.00480609862065413,0.0026951294851648155,-0.00881865031446949,0.004940802061550169,0.0004990368117823025,0.005902177255061505,0.002041730653492036,0.009486740961201959,0.014200548335886944,0.004017562808327546,0.0035577318970779204,0.030669031587104833,0.011225478381252561,0.002817882655641084,0.00015350410215253518,0.004095294245041722,0.02422666720950567,0.005214884529712542,0.09022887777292567,-0.00023122004808705243,0.004196379387081065,0.0007762033813302113,0.005286371885235071,0.01839278295640838,0.007727790914687864,0.0002947835607577465,0.003884742780652444,0.040191243718297576,0.0016707527877230506,0.001187665366039016,0.000806090415658917,-0.018624895819897402,-0.1394612731512321,0.3974490184289459,0.006770679856826378,0.012528169229687414,0.03452449623767741,0.0005687211259311771,0.0005464590908629721,0.0003078277133573519,0.06669187586718975,-0.10573272589326232,0.0011054249103812815,0.0006332822409472827,0.0068606930183135705,0.033376560572418806,6.72830936006715e-05,0.0016086112348009658,0.0042126790924639085,0.022477144893841356,0.002287890594168649,0.014079358326249779,-0.0047419852332948875,0.00047106522756168445,0.03575250615488576,-0.001199419465329865,0.0023972241431944722,-0.03743886914005462,0.09073951327644104,0.0025928893961029336,0.055467149629190596,0.10671797805381018,0.024758995515909772,0.0015433859248649385,0.00017022993613217854,0.02216301492918928,0.002409390641221587,0.00045662432426421193,0.023213353889991784,0.2982959126548864,0.0005417044422279273,0.0007848818268384656,0.03033536813624027,0.004443839443784212,0.0006323543218764143,0.0010154370905236555,0.0023817822497074607,0.11769149367619447,0.047327964889444823
15,0.0009483590879339866,0.002238734685036735,-0.008735055100834544,0.004115803974896179,-0.05265684411024517,4.318926245323179e-06,-0.07212583019497926,-0.0010878694742305073,-0.0031858942574537266,-0.0002529691165067613,0.0003200535057763798,0.0006258948537107428,-0.0005100004050960782,0.0002590697088275806,-0.11032111752931423,0.00045113494307585933,0.008406957157497744,0.0036585346469638316,-0.03967348030500355,0.0032328713675393306,-0.0033663043054446284,-0.0008780478447154459,0.007232739627341565,-0.0227143810831373,0.0008514490435483049,-0.00017396454624707207,-0.0006730387067424244,0.000559731772404753,0.0030629711767132823,0.01607460336181698,0.0006001668421889306,0.0004388220794068077,-0.0011481412209338286,0.024428835680077646,0.006697738664446982,0.00011525955136117887,0.0001396608394918994,0.0014399659592053068,-0.0015948623598930566,-0.014007566135860818,0.0032148362562846033,-0.0005341927527030301,-0.00010939878144334354,-0.006204436200225949,-0.0003735978691383184,0.009003654801623937,0.00044542526580283785,0.005996409221393956,-0.0030133211217733932,-0.00010291363296180845,0.00017373131172174205,0.0013158426402619754,0.0017822253249030282,-0.06676720202670323,-0.046719979411667514,0.003620618486929213,-0.03196471820333311,-0.005395303004695191,0.0024326720574138145,-0.00011183322671170332,0.004409950276534553,0.05698773849528682,-0.08856197985974465,-1.4720736876760966e-05,2.4363033266843175e-05,0.0011508781126499893,-0.02610003409248829,0.0002951077250652207,0.001259514107232624,0.024071068292057893,-0.0009212070374594993,0.0033572143533997867,-0.014633604948925218,-0.02130860946171857,4.6114536838486736e-05,0.0006765573755554977,-0.006156396568532965,0.0022745063731856186,6.299910712724913e-05,-0.005272568820089689,0.005363686344708603,-0.0038053840929007246,0.9733683391871703,0.07761615855767817,0.0003171816153139515,-6.618359162942174e-05,-0.0027838869048357304,-0.00031087095374936246,-1.092670231603917e-05,0.013842191306128071,-0.03889412894453329,0.0004963452390510685,-0.0001474370807199053,-0.004728334481466792,-0.00015360489008255877,-0.0005565943141113603,-0.00036331674679281056,-0.0006171922462182848,-0.009654972469747336,-0.004610662963096219
16,0.002665115796111039,0.0054217449350659475,0.09870166340357371,0.02227525338291611,-0.023601555046461276,0.0011199939817603671,-0.027295747363749262,0.001346166755099465,-0.03126601602102719,8.54587237722991e-05,0.0016193490969257929,0.00597675525216762,0.0015438530769257986,0.00319522129918437,-0.24508215102723238,0.0009877737561058003,-0.0062865434099055595,0.0134699413473348,-0.021345954441365084,0.04035751993223874,-0.00337641129136404,0.003134864585275343,-0.0006288819063218539,-0.022761434539603956,0.02223631941885436,-0.00015173931522823253,0.0007224976618956289,0.0006114750535856275,0.007205997118242654,0.016684690316965407,0.003973265965090173,0.003428910310855437,0.03954976599023263,-0.0047677885820412436,0.010141232784449235,-2.206322118838977e-05,0.0027367703033334585,0.015054343215934525,0.0017561086569390554,-0.006657407140255072,-0.0007788853924388765,0.0016143864906703678,0.0005070270557067241,0.014442467744566072,0.020184056002858615,0.002735905575590545,0.0017355121073815444,0.022750319947375513,0.06539699942976711,0.0005585181988041134,0.001646468655977909,0.0017955195061631474,-0.04291893226051807,-0.0389041480917125,0.14246525934850102,-0.0007635054869673157,0.021908728780976508,-0.010325318646609537,0.00034233111946338794,0.00020106758136999135,0.006342652299183913,0.8940220342950294,-0.205428610756627,0.0006475112457622603,0.0009765684207699004,0.0015311037411116866,0.11415580238891848,0.00025453981724036373,0.0010268292807471453,0.016392279026307355,0.009609557587956084,0.016687690851934833,0.050790565651416805,-0.006453314346997488,0.0002181468754056115,0.023743167197761594,0.0024095201295437907,0.0010276193637159987,-0.051982790519020994,0.025232569483547088,0.0014613892603837757,0.020937729553952893,-0.09591836927267514,0.016751768944968055,0.0019895415920606727,-2.400640296497401e-05,-0.000737313556160869,0.001291495175403536,0.0006938943740082259,-0.0009317067076957236,-0.031000350811513987,0.0013420249572528538,0.00030458941398701467,-0.003130497747496715,0.008107557469503996,0.0011043358655695584,0.00226096363533824,0.0007674048336204112,0.11765300523569709,0.07379780929957491
17,-0.00013253853601664044,0.001014599986314273,0.002040663039917399,0.5640294136688119,0.001502632786683545,-0.00015486670140807922,0.002081041683567688,0.0011107557341705054,-0.011301249658349014,-1.7459880164404085e-05,0.00040708304696219014,0.0002489604687204959,-0.0002450625084052453,0.0028456669711811808,-0.014134373389855544,0.00017689872578230382,-0.003410701531373605,0.362143418644201,-0.07115083450460377,0.006438073157355978,-0.0020884174658773874,-6.0617691096915595e-05,0.0022276573513399798,-0.0013211018981978961,-0.00026282175164408367,0.00024964676544462095,0.0002543877494549173,9.610246465635401e-05,0.0008929912678909465,0.0002768325229580981,0.0009424217839835575,0.00043782570313328703,-0.00044116651601940407,0.0003486634884590223,0.016581761578420198,-3.361772459502255e-05,0.0005752440552470872,0.0018708954977833467,0.00020260259816757935,6.0990864180586815e-05,-0.0013487422306664443,3.021348108189206e-05,-4.073998595143587e-05,0.0023772220004839783,0.0010616633943551015,-0.00012137391760439712,0.03928673086333438,0.543028519312476,1.5230217264176893e-05,0.0004412104489142786,0.00012094819107399957,0.02059107283134561,0.0019977129219058212,0.00161302097784298,0.007242375731492716,0.0002863861415111717,0.011222826475248759,-0.0006368126144048164,0.00026712855651989163,0.00012325174166425944,0.0048183924557489086,-0.05751567521677403,0.004181134332494785,6.417757221185635e-05,-0.0002833602366943211,0.00033238399882215943,0.04983544193535644,-6.198841797401219e-05,-0.00016823180643082492,-0.001464492505093836,0.00035787033059469717,0.4907598766318066,0.01567787725364344,-0.00386511570574865,0.00012744661342631997,0.0014588455450304447,-0.0010525126541044427,0.0002012315546362788,-0.0006583410968457326,0.002346180382702963,0.02138418733138441,0.002355125974699137,-0.0075175960297389766,0.001432139578703022,2.6281290489470546e-05,1.598292925038573e-05,0.0001221066982939052,0.00027146082227175964,2.2713228022914946e-06,0.00046785870369725827,-0.0008271019130260092,0.02091537517657591,-4.622682159657562e-05,-0.00021205811701666653,0.00024433367199748826,7.801378795700611e-05,0.00024695049065511995,0.00015477562199727314,-0.003620690110112172,-0.0010429952713441326
18,0.00010269657134885154,0.0053346612116589465,-0.010077323612560753,-0.03550720319750321,-0.0038171918528636366,-5.1416995097064086e-05,0.0018145666753956622,0.003333837173455284,-0.1355352572230829,0.000251578691294605,0.0029531540589579517,0.0019439001934650046,-0.0007371346853618549,0.0004429512365959117,-0.036649547610840195,0.0006194707354006987,-0.038754467911975565,-0.022299516616613405,0.010928161361327031,0.02339972440629247,-0.019462270624035716,8.941115424440519e-05,0.0009244830595954932,-0.02195866165595179,0.00018616425618810453,7.961489591624531e-05,0.0003729610469206321,-0.00017533208769299376,0.0035530261209795987,0.002310238655959338,0.0009769789801697855,0.000495820288996641,-0.003159211616053868,0.006579980778372322,-0.001572772089903391,9.631534945721276e-05,0.0013703843171711666,0.0031390882391167142,0.0008850337426948697,-0.0005377799757900342,-0.01603474771569602,0.0007657710149252021,0.0012735215688906842,0.05405225346997486,0.0021929929438963616,0.002801442975408164,-0.0025785996094607106,-0.03029270190044254,0.0004602719416968992,0.0024631402878476866,0.0028231300010644125,-0.0007743497206108821,-0.02003769352583904,0.0012663094959226504,-0.011473599951730949,0.001607272096505775,-0.012491724948600352,-0.0015766207668662503,0.000394652596849173,0.00022467652280844263,-0.001117220891286399,-0.1363413419845493,0.021075163640413286,0.0003085521189313055,-0.000252557984642915,0.0018992085194838334,0.9495721341504264,0.00015995166391038302,0.00045890955987634664,0.01814607085279735,0.0010207398336380563,-0.03138896579273129,0.2118407464476287,-0.04248373360243678,-3.6297390663055096e-05,0.004344624788037089,-0.005648337838800784,0.0013828506846437771,0.0017234750157167286,0.003907211855048373,-0.0003743246331764698,0.0046430018395054885,0.030663165914735294,0.013937333026710224,0.0015282712684289,-0.00017444697170199307,-2.9030831843131688e-05,0.0029577532933037958,-8.704408937090444e-05,0.005091816628529669,-0.007426874406635356,-0.0011824723019044634,0.0001702115155710858,-0.000969387178735548,0.003872009327438552,0.0003251861314370946,0.0010404937748462045,0.0025623744867415495,-0.016425856271884642,-0.008484769980797894
19,0.00022127026578988603,0.0151169651564645,0.17055181260212615,-0.017231932029014282,0.19380006381469786,0.0038182724471614894,0.00023322977699942286,0.0023530236782949143,0.0024074521327678722,0.0008532085834209342,0.0017282833810656345,0.008822077610162182,0.0010085764919344573,-0.000317072158209572,-0.5963748374620522,0.0017633050975468453,0.0008125595175815167,-0.010864299067950427,0.005394242171003205,0.23608263868702806,-0.0017481169738142177,0.0024800114356257376,0.0015782868087639767,0.0057779753630482975,-0.0018430572916827287,2.2426659524523405e-05,0.0034371425752515237,0.0011659638470171083,0.01245742838662127,0.014668874469804468,0.005033542437589718,0.0034316059589711654,0.02289187885854199,0.0005296226790835433,-0.0014043785680951486,8.936738200321977e-05,0.006738065106208479,0.032401160472828545,0.001480641434183829,0.015608664027199657,-0.0006151923026261608,0.0025562917912142127,6.747808981720851e-05,-0.00236885040346292,0.028323103588390193,-0.00044401616961544884,-0.001073141028763886,-0.01600447111802211,0.06384807646277736,0.0019776805000759788,0.0004814190555802872,-0.00036874421918095014,-0.00818789793276084,-0.05352630556557658,0.5894216291719817,-0.002075783412673753,-0.0034496899294310657,-0.023807591184845118,0.0003511402460630445,7.885495110144001e-06,-0.0025829864601700035,-0.31853372627906607,-0.0018649867303322798,-9.78116057274922e-05,0.0004583478159440983,0.00572329366780096,-0.06888759867129621,9.379149589296663e-05,0.00021759169146036124,-0.0031134968947326078,0.02401293418784797,-0.014902992534383656,0.021950528681443426,0.00310211368847757,0.00038713012075941924,0.06197108031410296,-0.0010282072061010838,0.001932128393610468,-0.07223377100779876,0.1147340968123538,0.0013028777434367766,0.07401832740518835,-0.010913726177346216,0.014411370373166602,0.0005215791984065849,0.0003624794555979031,0.002955930893408415,0.0016064188293540213,0.00011677747145065996,-0.006496438361479962,0.041749010185443816,-0.000272243276594592,0.00022321443777044425,-0.0013709740045092771,0.002779628899266108,0.000407583216858563,0.0007781309692489052,-0.0007147055917120998,0.14810980768676713,0.0584554186667337
20,0.000677217195438929,0.020584634202104757,0.05446820818146855,-0.0026310702584867486,-0.000681811357545789,0.0006681545933518718,0.0017686621029153605,0.006723462560539637,-0.04309348143735385,0.0002607250424112237,0.0032524754119163217,0.0052821648252652995,0.0005734480762658867,0.001129598525462884,0.026580463393293806,0.0014075198477484924,-0.026487853103349113,-0.0027319265703329783,-0.0018750402973289238,0.15088988775778023,-0.0039081253648137896,0.0014612924473207992,0.0015468919193648623,0.0012976051049685931,0.006903704130158674,0.0005303340333942469,0.0010684702816645291,0.00044302288513611393,0.010798101135815955,0.012553437556369536,0.0041443952405009615,0.004229589673847669,-0.0014142227678184526,0.011211317591703757,0.00015881244110825185,6.564304555584793e-05,0.00766842590831723,0.018378609037074868,0.002028889321352631,0.007888110053403789,-0.008695847702654035,0.001180757708365328,0.0007928930799229025,0.04778351956488028,0.01773487722474725,0.0030089500222361598,-3.004949500141381e-05,-0.0031386511600068473,0.04042288474917443,0.002617122174241184,0.004013706616015338,0.0004634119859765655,-0.024362346261948692,0.0025891915658896726,-0.1434414474753013,0.003980681190921973,-0.011690048410871602,0.0019988973975856444,0.00013291845862356959,-4.472388374515861e-05,0.0020290330806876688,-0.022769323704715558,-0.018497947894299364,0.00012782746174300815,-0.0002135732135395144,0.003632649904523955,-0.23082701742546202,0.0002389879017343665,0.0007892764477813324,0.026130892532118043,0.0049896438887760694,-0.0022830856522606724,0.9401172148651253,-0.02710735535492715,0.00016506238930470013,0.03881798252977285,-0.002154817324618568,0.0014951547721915068,-0.018310555811807263,0.029270179268332155,0.0006100542623057245,0.01899164925108908,-0.00013678101021072928,0.02431806628767329,-7.086835934785453e-05,0.0005617930154788531,0.001493154506312628,0.00651708691674229,8.855619199632167e-05,0.012691106026512765,-0.01422765400736245,-1.4743945596449128e-05,0.00028693106599266677,0.0012792610992573975,0.004939883418876721,0.0018815482185892609,0.004082995891391114,0.001994234371283184,-0.011039447830240074,0.012067926427285408
21,0.0022368213031247076,0.021212620367128884,0.0765254418847373,-0.0005946790460809176,0.387981996300379,0.0037320775086508995,-0.004878803157044797,0.00020468123294329482,0.004774839638657907,0.0005486011882939179,0.00234396680070504,0.017192626699506552,0.0008622247552632911,0.0009115716640530694,-0.11168359290015095,0.003773139424679356,0.0065911215462937725,-0.0014147148488748789,-0.003906702523702177,0.6148998719227107,-0.0041720142982930725,0.0035759284277722698,0.004305725125254827,-0.00010362444108974467,0.009026069554549793,0.00010061643726062949,0.003853495081126768,0.0012382869346112824,0.028586136848393923,0.049945955504167874,0.010882580826234743,0.009477690161799474,0.0008703803062303696,0.005083107928027979,0.0028286708450351254,-0.00018497764343505113,0.011880349945798327,0.0720230212843177,0.001841602597146455,0.05314288599795105,0.0009214080879601655,0.00233945164314908,0.001090762374933035,0.00024175469489023764,0.06435490660015995,0.0026296088759169877,0.0002862414116421531,-0.0007020839499257553,0.0307675879642611,-0.0007838527189319251,0.0006623459991824676,0.0005212319521443083,0.00648412546485512,-0.008007437082783356,-0.5693106460896871,0.0037576306617670635,0.00420689629269775,-0.0012972881311199092,0.0003916135563466726,0.0008393077341205298,0.0006536351080441965,0.019717683558789056,-0.01381545015901206,0.0010354727585928881,-0.00011424763196307003,0.009873506506549225,0.022830531373199202,5.673973862247231e-06,0.0016189526368831997,0.00726405870589142,0.01998279393389331,0.0009400776084060093,-0.2019769630849748,0.004893077599294207,0.0003843515668898109,0.14425522472860902,0.0006623370537044357,0.00432783831580912,-0.056281413499054196,0.1685110847452439,0.00129946651417428,0.08475808253993294,-0.028243996363466667,0.05948185253490396,0.0016013683348999903,0.00013577528142848954,0.00530122954118366,0.0008746216959321873,-0.00017500025334433317,-0.0012628725003533123,0.05601767002322865,6.328617327021335e-05,0.0010255428861501732,0.007986244639221693,0.00786838186863641,0.000652060823350762,0.00041281365519212077,-0.0001358916441437381,-0.03255137557172562,0.01348833849817467
22,0.001931223808200975,0.023037848077978568,0.3894110307347232,-0.005528382174930152,-0.6804496751305953,0.005036863682328696,-0.008049193388581677,0.002208693043075409,0.0009562888124239888,0.0010681546375352902,0.0012411751467785517,0.012363687523159125,0.002439119936887002,0.0013580408913534958,0.2577684557586321,0.00398944911955329,0.002926514419799617,-0.0011786712570611875,-0.0022012670664090656,0.39485236580169825,-0.0028238214630149083,0.0045984083406011445,0.002162925585064751,0.00025305484883042517,0.008089504974612804,1.209148854805931e-06,0.0005044801430276219,0.002117001268636627,0.023307846982556696,0.03490522850226536,0.008841183754433685,0.006234572392111309,0.015212160091568575,0.008106644640253149,0.0007952114659633969,-0.00017330995814426875,0.010471751101854707,0.05198008675981409,0.0022614230151667258,-0.029466655681179624,0.0005510813423121041,0.0013956468692438492,0.001346347320831386,-0.00141492055488315,0.0678792544963065,0.0016323007107448544,-5.4231231847666136e-05,0.0009120033950944934,0.1558619699734134,0.002250886071136226,9.502749358517026e-05,0.0003018366124133854,-0.011392479611305517,0.0063349508834699975,0.07268913309766878,0.001717393551506747,0.0018502463649309742,0.009641483414510859,0.0008255961291886091,-0.0008511125334314986,0.00022926782552991354,-0.08887296186432486,-0.03951656495825161,0.001042582375436956,0.001212199145241885,0.00526543010105987,0.013828153290199253,0.00016089834032726943,0.0012837870387894185,0.007122963264609747,0.026250803158461764,-0.0014225659342665545,-0.10679309949710249,0.004891171967678104,0.00059410735721388,0.12438198471828879,-0.0014590447892999237,0.002115317826476441,-0.09212980821656282,0.03306125264453015,-0.00041745985826779214,0.053302093230457405,-0.014612789229990784,0.08446048396834185,0.001066261690346803,0.0007228535094817648,0.006006927941527506,0.0034309697436234023,0.0004026778157786362,0.006384510870962061,-0.18294257276034256,0.0003869572103502236,0.00048037728422485083,-0.003038425929349319,0.006376195637655114,0.00079018492547921,0.0004198695296281918,0.0006678592080641204,0.14039323413714486,0.10622165175360768
23,0.0017083163136945457,0.007432366764308369,0.6362739329776435,-0.001045051282578327,0.17856037745340952,-0.0001389929093749548,0.0062463721878896344,0.003217707581324643,-0.002754419482549189,0.000437646500449973,0.0009343587164569941,0.01172866503304791,0.004351810148032126,0.0017396360941462213,-0.049209310550166474,0.003117826223926465,-0.0017421062346668625,0.00024866949140154833,0.0006148459550631841,-0.5348650545146091,0.002236707771422805,0.008629832177255995,-0.000520139663367729,-0.001013824308513378,0.009396983096902884,-6.83095450655802e-05,0.0032603223154362105,0.0036717703020089573,0.008460900849823837,-0.016157757311208283,0.009044209752136722,0.004681064792219822,0.016357529530623104,-0.0008333576232266403,-0.0007092067202661609,0.00013299392162991266,0.00960383213484593,0.05575185064634106,0.0013027303514071516,0.024471951180414214,0.0010174867122533238,0.0035880391786468615,0.000456912666867671,0.001864499083311726,0.07547453241925764,-0.001298441663021318,-0.0002276753404095367,-0.0004609214285866451,0.25594336247085103,0.002613889938395595,0.0016370498894681812,0.0003975232401138343,-0.01097486829189119,0.01634120709770618,-0.27561375879063876,-0.00027560027069453556,0.0003220883212886119,-1.0912276982211113e-05,8.700321120535615e-05,0.00047269141498018673,0.0007678872049903876,-0.09154312231345493,-0.038463907709095274,0.001614840720484601,0.00035075591624425095,-0.002728408815165369,0.009777226777643235,0.0004802243368215355,-0.0005893375681791741,0.0025216268634040764,-0.0009558018832663195,-0.001827929911873743,-0.012823858798608052,0.001829226357903134,0.00060927199491927,0.09881369357096065,-0.000830322746990908,-0.0005842646618882634,-0.020148122129068906,0.08387222672957631,-0.0013289797659635384,0.04571048573569532,0.012065499369697717,-0.03633034856197952,0.0028457365936084295,-0.00029872396709387913,0.0036345384146240457,0.0015430042384671984,0.00010734176500338741,0.004204192146338143,0.05419591202538551,0.0002510272714770032,0.0008759405390897526,0.007313965792014741,0.01175359336579497,0.0009329612889964227,0.0012754731995473431,0.001595816114448801,0.23306809226458722,0.18382596032801996
24,-0.000335634897932556,0.016713473685981185,-0.06290750484025634,-0.0036869178562319747,0.026671518316930903,0.002425312910189317,-0.03713310322741603,-0.0003901244032881706,-0.011856270440649987,0.00014179497748900358,0.014628373153606076,-0.0006148136139352944,0.0019632989533988343,0.0006059817043481824,-0.015544754340660136,0.0010103009355937349,-0.001446802334475675,-0.0010193169718609452,-0.005906515647359284,-0.115188731773706,-0.010605643435854933,0.0022080003627810542,0.010483840799713321,-0.005060276994758504,-0.0010906098525142833,0.00022007617074964742,0.0006609450704898947,0.001471185076514164,0.007268045066925426,0.024683197803830274,-5.871390770141442e-05,0.0014638828026701702,6.357819983507634e-05,0.11239639032916686,0.001038049953778784,0.0003602276861041547,0.00015848693570072355,-0.00022600495192455668,0.012460503811491275,0.00014039040492193908,-0.0016584572958600295,0.0006155231456362048,0.0041882936011790155,0.013361899250728346,-0.0021910683418775285,0.02037654749341088,-2.997150613070431e-05,0.00018255663755551804,-0.016821592585751728,-0.0005826315434895836,-0.00024128131706863815,0.00024388694873145664,-0.008784922830087815,0.0011940078913080798,-0.007326849874473991,0.022072197002233465,-0.004020668491673932,-0.0005408404098056032,0.0004994783613858211,5.320524536101729e-05,0.0004305448729150852,-0.027303269448314137,-0.026163580119257193,0.000961811548732264,0.00031903358096657696,0.012864717297034478,-0.014815332797649882,0.0004798611720180342,0.01515901344404982,0.019357510188306656,0.01080296102842533,2.73553888424815e-05,-0.012104925275537871,0.0010737968304761099,0.00022563168878641897,-0.00801783045705589,-0.0011715076592852397,0.00931698212059085,0.015394868788533463,-0.005179406335711151,-0.00014378055644800923,-0.0065299690594687616,-0.08794266426884523,0.9702457498635073,0.0009416924571652488,0.005682313848234727,0.0002969930556367631,0.011778239985480372,0.00013158702209698587,0.09804180525795574,-0.002208988778426217,-1.3444752981422482e-05,2.6915118749563455e-05,0.0011969130689358327,8.371779718859511e-05,0.0004196780849436885,-0.00010790531611106977,-0.0006095217994838419,0.04892239974867251,-0.007494143678430975
25,0.004837416585943137,0.021852056653015428,-0.40280626766213845,0.002009145435823395,-0.13029499181781778,0.0007436971815218685,0.0031173549603130124,-0.0001310533466030838,-0.0024134257805724924,-0.00015353951359731166,0.0006654577523317051,0.05273783373851183,0.0005737112536920996,0.003870709555285373,0.009984643840600327,0.01132011766687814,0.000481653785629782,-6.807892264486595e-05,-0.0011186715609044287,-0.20143631852496335,0.00022070357867168267,-0.0014197969106332226,0.0026406030258336096,-0.0017708564059842613,0.024731697924632517,0.00015982574944620133,0.008435019810992482,0.001822959432550295,0.07292040948386966,0.06993310349283942,0.03574464073824834,0.03279060909238544,0.035593366747236975,-0.0019779290163246697,0.0036867209835729623,-0.00011286725780248683,0.04500027131066276,0.2832989990601544,0.0009990645091446648,0.07235345049926117,-0.0005297574331965121,0.004083675276296539,0.0003553037685726008,0.024844798060920853,0.24905057489341875,-0.0011368279692819774,0.0008240195272577551,-0.0067445586497471705,-0.03246048294351524,-0.0006966558666840631,0.0049813122429526666,0.0020514261208778952,0.006455141383147053,0.01330895612087245,0.009018429164294989,-0.0004483495995377501,-0.0011012352500891585,0.007846769543159418,-0.000615845820310258,0.00017933689802598516,0.0007216648480135547,-0.007958562223023685,0.014171557159727462,0.001046904171171302,0.00131321799762548,0.0020483032394986987,-0.00701086561705043,0.00034100293740489934,-8.726175857586748e-05,0.0006739798390563781,-0.007712555046616049,0.003767829053479825,0.0026256979148060744,-0.0033078050891872934,0.0026607518572433703,0.6139970082652573,4.127097792078205e-05,0.00032901708204873654,0.0008612585754782937,0.4351923696850424,0.001518040153919979,0.11826529819051115,0.0020242230960936664,-0.04932106006372909,0.0014894025116077231,0.00011136349523138971,0.011108403803340794,0.0011106199891762758,-0.00011108215751642718,0.008075726815256421,0.01555923028330215,0.0006152743773987432,0.0008881401524113014,0.020652448085647708,0.015055337399443997,0.0018569142200333638,0.003593693924308198,0.0028168331425531866,0.1613951880336601,0.006004086637892578
26,0.0023773021388726603,0.014411714026991068,0.24226869964575487,-0.002323768523717254,0.05466384965454972,-0.004075893969913744,0.0007426070735371548,0.001331924570700067,-0.0004022175305054415,-0.00025492738656313074,-0.0012655706668621286,0.017636320189988133,-0.0007689496706948795,0.002226932374620849,0.017062187269466234,0.0038170411796594646,0.0006948463632210217,-0.00041486719005907804,-0.0009431471015006535,-0.0701278404723326,-0.001581959508390969,-0.003123991232372116,0.0011400465034479331,0.0062268350471912995,0.009926298236030202,0.0011504760698250445,-0.0014276678122216667,0.0006059999285156345,0.026280513605783047,0.02534391912797218,0.01787461847547757,0.010916531280426267,-0.06054630225869183,-0.007044995313309218,-0.00017371592258417557,-0.00012576949028181988,0.018604695455157257,0.09500575146168523,-0.007625804431394107,-0.03246458491389038,-0.0006364298119445055,-0.0054566143035997315,4.636430011391952e-05,-0.021323964304057745,0.11912527080385893,-0.002744029860594837,-0.00018784598402891831,0.004948284817880319,0.125145452865692,0.0012463440426351722,0.001868454211066118,0.00010273299368836246,-0.0064504439375599725,0.016475283076145174,0.15909403603316785,-0.00363606201549971,0.0009533656644367706,-0.0015038598928071175,-0.00016797406120631884,0.0003167973981880964,0.0008310458037227998,0.05349094448871322,-0.01033830424813613,-0.0010432939802929907,-0.0007894385980174327,-0.004651192034805534,-0.0009561296387479356,0.00027786673952668456,0.000876104787034645,-0.004038288738295294,-0.011625885937001194,-0.006832086794048568,-0.011714764763020859,0.0018670204792475692,0.0010363283240605523,0.25746840152115524,0.0014382367167805055,0.0004886428593526991,-0.009632743325179143,0.05244255855692047,0.001463313635617162,0.0044593956449472845,-0.00550593147847258,0.059515430933060415,-0.0002230427744734616,-7.188685775873861e-05,-0.009312609814870539,-0.003088877141895254,6.089163083243879e-05,-0.02695744057947854,-0.08601778867466792,-0.00021867319929964077,3.3855048286847726e-05,-0.004251009078835534,0.005298309395511899,0.0006223818361690086,0.0009117451105314436,-0.00044624431313472143,-0.8761718612950697,-0.09157093493587333
27,2.2770273913487707e-05,-0.0015523263594096812,0.04113770598633726,0.0003890778224417905,-0.3317177384382868,0.0013798600717655068,-0.001660964715325924,-0.0004547375604196973,-0.005518727675869709,0.000458476180552139,0.002032868221440106,-0.0015595784113843691,-0.00013212164630268535,-0.0006680322178391739,-0.1506164575950065,-0.0002992350320084197,0.00028396016359384527,4.0085898804394227e-05,-0.0008930037167965421,0.006322319924342595,3.245362352548298e-05,-0.0018951420672609625,0.0006831249687244446,-0.000118847938119504,-0.004180984717130909,0.0002262077053403592,0.0038395126956027354,0.0001838507432467204,-0.0023792565966092583,-0.005538493447216453,-0.002890682637382822,-0.000670221694844108,-0.013186098551825301,0.028257226408563083,0.00016744877083441426,-4.3828785854585495e-05,-0.0043612027868026315,-0.014708610197897473,0.0016699949150354642,0.12133761889001862,-4.101318601644477e-05,0.0015038676158547403,-0.000395120758580113,0.06459558045495507,-0.023033488792732267,0.0032269643403769433,-3.0394976478326143e-05,-0.00022762785061627988,-0.016630270982205587,-0.00025264468314147763,-4.335308642616775e-05,0.0007672195388525589,-0.0007986624358039679,0.0020097222901441954,-0.07970426485005022,0.00572889538522609,-0.00015891291308049726,0.007455871826649844,0.00010162378432640386,0.0003090375902903428,0.0009498956400425789,0.01182945277573353,-0.00025577979731837563,0.0014821804108544941,0.0011105801801933757,-0.0028785324998911077,-0.005750902008941898,0.0005138302026407729,0.0013354337158337929,0.015760729341023613,-0.00126872753699482,-0.0007987941744459527,-0.004264361577999793,-0.003252623881163673,-0.00011881177792588682,-0.05466448567369251,-0.0001189364371114443,0.0004487181459328545,0.007155080188844972,0.041241106228179635,0.0007584531080819809,0.012386249490039969,-0.004740757461117493,0.009468222321159219,-0.00020143144840584042,0.0006641327926328296,0.013127923710202816,-0.0010756627713505692,-0.00017214245147863239,0.03521121878822891,0.9003852092367848,-7.63584438260535e-05,-0.00023544207157060685,0.02097352056518443,-0.004146799460621192,-0.00014527399421894634,-0.0006452179460330887,-0.0016765650153713837,-0.1409068226631473,-0.012220274133489323
28,4.1042909318301515e-05,-0.005706142071814511,0.00276747680801132,0.313561360380191,-0.00018065966699239567,-0.0001293173278495239,0.00040857321384425715,0.0011540317824902811,-0.0002095532072301892,2.2657807249330027e-05,-0.00012684134595399542,-0.0011238491391882236,0.00041500006759057176,0.00023868465703549054,0.0008981647654790503,3.5617585973753184e-05,-0.00044272778612669154,0.09852086768773835,0.014688775644981035,0.002240124780320346,-9.236347246810439e-06,-0.0002558046959068635,-0.006999430635991346,-0.00012973350472927914,-0.0005338109106192319,-0.0005381058787361399,5.35818826261058e-05,0.00012872904054550202,-0.0009562894145602034,-0.0033979805175016215,-0.0002489812113082041,0.00033534280612655936,-0.0017838517262359944,-0.012061967081211704,-0.008167732842747478,0.00011188911369340755,-0.0011116140834033159,-0.001197760499769213,-0.0012315245455617675,-0.0003616562682792531,-0.0002644839795162557,-0.0003545998870212463,-0.0001212121901343836,0.016041421112811788,-0.0014798895606185601,-0.0015885355653209718,0.0284931953835452,-0.8166062314320938,0.011294567235772324,0.0009306302955936774,0.00040112418252442536,0.0013075542248694744,-0.0005805831017006088,-0.0006406612891587601,0.002807986996055334,-0.002194955098062191,0.0008366396530515175,0.00019080343149385423,0.0005543082198476941,-0.0001971895104735843,-0.0010003680812697424,0.0018636346685246968,0.0001199642534189388,-7.326533442583716e-05,-0.000282790000288573,0.00012395446351947455,0.0027447794101289075,9.280699327903234e-05,-9.349845553136829e-05,0.010203122242433856,0.00016376121956131976,0.47095522380904925,-0.0008670948556356002,-0.0012367074094240145,-5.454966374533743e-05,-0.003165575369180846,-0.0002935204865828489,-0.0002473426282637689,1.5154386382346119e-05,-0.0027750746009281707,-0.02645225289337839,-0.001156697299795742,0.002671488636442995,0.006072991140785106,-7.296881927834273e-05,-5.016698677225975e-05,3.812033205395117e-05,-0.0003865733088931145,-0.00011207963313902467,-0.017572913646956553,-0.001070840057115826,0.016189512261175935,7.382474008037242e-05,-0.00023286097577831393,-0.0006625319435831405,-8.012395396488417e-05,-0.0001522942797672613,-0.00048256226584070987,-0.007954999128523786,0.006671474116227115
29,-0.0008138274228451012,0.0026320476780012925,0.010028571728045207,0.0009594735541464654,0.02212671176191624,0.00164068775794814,-0.004796161727187959,0.0026877418277066476,-0.04445549094597012,-0.00017788826250728085,0.004218634885086489,0.001613486425124759,0.001314946492213604,0.0009096357247747357,0.007238965536471485,0.0009248716798412812,0.0030222796568809716,-0.0009053484186874279,-0.005107116380573534,-0.005782883448965168,-0.004551546581599318,0.0014389417098414875,0.00634546573960881,-0.0059643776240481325,0.00012380825273668097,0.00019645968702879834,-0.00030570040522490545,0.0005248320634884712,0.0005925354930665684,7.353220449080912e-05,0.0003676554353684372,0.0007902999104931856,0.00040852231805265163,0.050731104502143076,0.0003432941232953024,4.1015135541631886e-05,-0.0017206675931207152,-0.007129293525344943,0.008502363884911192,-0.014304606630876019,-0.007445259951561627,0.0009569833663061637,0.0024216074703724746,0.9808397362328125,-0.005326579833866127,0.0111824918512588,-0.0002585034761605254,0.01042407640919983,-0.012905715832236318,0.0036686741490804847,-0.0003645731331770823,0.0004718856908255035,-0.014570476248096067,-0.0004815015559375413,0.013376728632305834,0.015793626960994744,0.0011087283574534703,-0.00025212410576314255,0.00010056995428059509,0.00010209939422441518,-0.00027392289592260955,-0.007214781875461974,0.0016041910466362127,0.0005488537394857656,-0.0004145423986428023,0.0019221390880940908,-0.05283770175666903,1.2574561055662275e-05,0.0032286561494631752,0.06885709611532569,0.003434018448189132,-0.012293992312176302,-0.06761455676692349,-0.05111386767421884,9.755896261204842e-05,-0.016723941169886222,-0.0034718700924563986,0.0023045429120698247,0.001905873715933691,-0.0065540902679440865,-0.00015697248526088813,0.003118502302769716,7.701643111145823e-05,-0.03377471820202716,0.000600505420968124,0.0007835135979096849,-0.0012240284139479426,0.00801930370144998,8.829417887938618e-05,0.09359849243073098,-0.07052092096401907,4.1637381273935026e-05,0.0003679787098539893,-0.0001434754900933562,-0.0006613507560423453,0.00319590013983506,0.00024469623296832115,0.009281974249976375,-0.024441560904309163,0.010446378047994895
30,0.000472620532829272,-0.0016081283547937312,0.024765189180603775,0.0005727943251480419,0.008237641654024672,0.008733864483210244,-0.032086500917474094,-0.00022565887171661046,-0.0006585748690894249,0.0006340768084642928,0.018744952780988065,-0.00036029117649125086,0.0044856598373191735,-0.0004577203626452038,-0.014476379155211154,-0.0001718998854886196,-0.0004521186725495747,0.0018593350935543298,-0.003550233485468489,0.005357745170092203,-0.0010638253313859543,0.00552055093068005,0.008718172824065229,-0.0017298427710323895,-2.946471009430615e-05,0.0004234466429161012,0.0002799475139911856,0.0009058265343333785,0.0029160660231854017,-0.006100203621991984,0.001958959495624844,0.0011662150455194484,0.006078601931784163,0.481940798387291,-0.0001911313081993586,0.0001428936538476369,0.002090595039287036,0.007671470097324339,0.04708842312684282,-0.015017112589986194,0.0008262565119469779,0.005958486389787676,0.0016963195168362224,-0.11934013760416043,0.007261793952881797,0.09134739225507468,0.00047756904421343636,-0.0187621183778848,-0.025405614701391938,-0.0006244045069951005,1.2791138460242681e-05,0.000516055424878968,0.0016518885301602133,-0.0016218426672208472,0.0046831996214929,0.12431033347977498,-0.0013516214494645894,-0.002841409741896107,0.00012364368070579966,0.0009155428236013983,0.00026069979603404595,0.004303582951221806,0.0055012047030851465,0.0020186663938405233,0.0012061731559196505,0.0026672373081242746,0.0017938302248345194,-5.929255623510438e-05,0.023690618336174658,0.039005877269905634,0.010148027530670923,0.017373389132638854,-0.008919953870217857,0.005845413389511262,0.0005307945246340756,0.0192788469863515,0.00021341460162950868,0.0032758223939665185,-0.0002637848209344147,-0.019429188793902603,0.0019354017171123719,-0.008579995855313056,-0.02083385171595759,-0.14649960549388974,0.0017863660555039599,0.0053661477166355945,-0.0008346686236209023,0.007028883430306655,3.059684981778475e-05,0.8329265970610684,-0.03938285912371507,0.0007443868919822428,-0.00027914370199335026,-0.0003102178547008164,-0.000326769807550235,-0.0004604396867052762,6.184211694820014e-05,-0.0013324952297145275,-0.018932884361955754,-0.047764121618451186
31,0.001930827574945856,0.004447224678089778,-0.35468143515911943,-0.0008817063554302298,0.033115447964585196,0.0016261233214879683,-0.005387255567604714,0.00572559460553166,-0.001999754140597894,0.00010804925276640398,0.0020059458300834276,-0.0032897903238062604,0.005471755290430161,0.005142662492374946,-0.012648200263975132,0.0007003433255666491,-0.00027430303866154276,-0.0025090855189070106,-0.0024054308880588522,0.044483154391458515,-0.0011461532996448753,0.005991267358101028,0.0004803847802312645,-0.0005960255604628012,0.018404403862192283,-0.0001868346188176515,-0.0024760296807387287,0.0036398005231395563,-0.000874531578290573,0.010012584643027431,0.008670736694375954,0.0014640809834998714,-0.009614360720756894,0.020676282157406606,-0.0007100416342475241,0.00016216778583013486,0.004840237510329651,-0.001499915038178229,0.004897309069513736,-0.08272729575230162,0.00012657255964741015,0.003885187921499138,0.0012180992112477474,-0.0022318278317071255,0.10711488594096052,0.0033491567034318577,-0.00017679339334364386,0.00844565852571356,0.7332614915901322,0.006026997350243061,0.0028427507340076028,0.00015962415264291407,-0.02060946210538498,-0.0017502071005460786,-0.0066331704730876375,0.005164704861520214,-0.0056319841536900325,-0.007646077959993541,-0.00016929133559887022,2.824115687883363e-05,0.0034017581424857623,-0.043609954218187884,-0.025838008885007015,0.000395936800651437,0.0016843128640576742,0.0030427418715983246,-0.0047107250147563375,-0.000280743914613908,0.001187921285203096,0.09819609556877351,0.009751687421774813,-0.0073971805426344996,-0.02101466709515387,0.0007547580780553828,0.0005216605750924599,0.06307823591507757,-0.001006841817777715,0.0016961769219360607,0.01411105158715437,-0.3564365764049255,0.0017025098564531294,-0.07735161869044901,-0.00363798204772086,-0.013818416108314833,0.0011484009534553892,0.0005918086332606899,-0.007649842551049336,0.006405169897218955,-4.612534826921831e-05,0.023603455067432555,0.07204576322648823,-0.00042826742476043643,0.0017626255746653475,-0.01350868245107013,0.008409050891561189,0.0013575613056843391,0.0018231228492285624,0.002332444524129192,-0.03309396332109659,0.39425296787790687
32,-0.0021029804949938263,-0.009553778999460923,-0.12824481021917986,-0.04136205909333568,-0.06558237187250693,0.0009768171186840119,-0.002871435657893426,0.001247474944693766,-0.0005213340937168381,0.001063222952970358,0.0026576782129409254,-0.007069030403095228,0.005195081961825894,-0.0016521458694986751,0.019340289349117426,-0.0014911013821926333,8.23114161879121e-05,-0.0032013818803577074,0.0004151157865803102,-0.03807590760549453,0.00038507912779042405,0.005614330216991587,-0.0019872869145469586,-0.0012509947656788368,-0.007344114466855593,9.28132702203606e-05,0.008577639442010909,0.002121853137665818,-0.025333043822027036,-0.048918527913,-0.024180539973533973,-0.013487902857423567,-0.009427321194510604,0.024888176507431137,-0.0007812710344718421,-0.00046030250021626695,-0.028965503742135162,-0.06394329514889996,0.0012717857211947238,0.19234996631076912,0.0002819456055848657,0.0005513207253329978,0.0013743552890410223,-0.017720696748339246,-0.1595391459557404,0.003753603045357944,-0.0003356310623342704,0.01034245171408784,0.22819449497529898,0.002455017628892606,-0.0015986603696243312,-0.0006921431731548222,-0.006936924205618625,0.006425614111807339,-0.0026928884262547425,0.005452937846366853,-3.3090535765253285e-06,0.01705050434424243,-0.00037044580924612335,-7.224513467657965e-05,0.0006262611942395033,-0.005627505903020436,-0.010977233865454485,0.0014389165555394683,0.0007134740641874591,0.0003433010589721137,-0.0005799171515793134,-2.9790253055998707e-05,0.0011826586476600097,-0.013832675925543589,0.007511857702468613,0.03733546796587003,-0.005092550279819334,0.0001618817351550783,-0.0009384136310022356,-0.48293009172747314,-0.00041906006963815523,0.0006287263170492549,0.024281230795567314,0.6742261314212288,0.0010564462229786355,0.18089224430611622,0.00022103270139533018,-0.00213303183915157,0.0007064682079207929,0.00035513266876107557,0.018217577003799768,0.0034091283444402576,-1.2315878893530592e-05,0.03411951676648861,-0.1287123316251651,0.001024885968716486,0.0004472742809403451,0.024182818279117006,-0.004036784268012576,-0.00019504041406015644,-0.001086012987858308,-0.0024338520715856153,-0.16281861774259287,0.287007272076802
33,0.0005100119118599688,-0.001228822665054377,0.0031738679812280696,-0.6817657712661059,0.0058236197607875045,-0.00037664707655268165,0.0009937875154016652,0.0007147821393216087,-0.0004469348378022108,-0.00016041994144580518,-4.820235921296559e-05,-0.0006745273815217216,4.819648254115495e-05,0.003528534551579218,-0.00234234838256853,3.990020068515843e-05,0.00028026511293818314,-0.08328259426368168,-0.0015764819629050485,0.00271619549939979,0.0008954882402395226,2.1976838557376255e-05,-0.001046834734329271,0.00029585131108011975,0.0018646314098980168,0.00022372115299317333,-0.00058383259959524,0.0002192659627150914,-0.00037243453368531257,-0.004341994143972093,0.0023151253599971305,0.0011002193354939897,-0.001182157397388417,-0.0022536144644457,0.009846725748754772,-5.421368411522021e-06,0.0001743853016008129,0.004535404821986923,-0.00011490779541274091,-0.01628770023120871,-0.000237806923550965,0.00017625206231760594,4.9170448194876034e-05,0.018475597109647496,0.011294559017394762,0.00035368173946597,-0.0021025101893571473,0.12992495051668873,-0.013312217401808636,0.00011623568582138071,-5.36742809322463e-05,0.0015180145303954375,0.002560795216167616,0.0007485080392672372,6.349819944219404e-05,-0.0004384859863040412,0.004966002420745477,-0.001457070750765733,-0.0008005189074423844,-8.153975424119269e-05,0.00452320921488188,0.0031224216734623,0.00034499219202172027,-9.034033898855896e-05,-0.00036260845611749224,0.00013810478818475488,0.0011501906579754473,2.2146820885604948e-05,0.00016600875482950125,-0.13194250316738126,0.0006122672253603811,0.6987490585019149,0.0034917248523504262,-0.0010356566869421796,0.000371114490295775,0.032072734231918726,-8.180564340454222e-05,3.960045920777628e-05,-0.0015536425657988184,-0.04703460425466301,0.010281889886150239,-0.01085790742549625,0.003424692455049713,0.0008521184213143712,0.00010801537618713303,-5.6200884695449126e-05,-0.0013466673004637652,4.8232411046611294e-05,8.089435180972293e-05,-0.0023884283012335188,0.01102043843500419,0.027306066016957058,1.5947802573623542e-06,-0.0017397781375932128,0.0004787106962459726,0.00023955943352288456,0.0005417875344497121,-4.2708241310040335e-05,0.003675598086691892,0.010887286544063818
34,0.00016520195605960596,0.00864340772932421,0.02294840005292374,-0.09570772286683496,-0.000989686291549499,-0.0010453500127365007,-0.00432497972624185,-0.0002710495666634824,-0.0030039784274842793,0.0001414633079966001,-0.00129084198142221,0.0011763828645686755,-0.0009130374046256006,-0.00015348850616709545,0.004052109438189084,0.0006182640730244982,-0.0003405244949591952,-0.016249469314609792,-0.041845184307109644,-0.018131781865484198,-0.005434750267694518,-0.0030787379608169622,0.020294919281984784,-0.004805369370643586,-0.002269918935099242,0.00035084793192209266,-0.00019739143929719833,-0.0006410288627493694,0.005068391383687332,0.03423992193480323,0.0006737528848797941,-0.00016009571649366005,0.020610003600178634,-0.024948079130212485,0.009319751965277482,7.478907339656575e-05,0.0008857898213499409,-0.0052734099814027,-0.00332746021499137,0.0056250834901764996,0.0009129741042620751,-0.0015827019521447022,-0.0006342300575760591,-0.06479116651873493,-0.016865728669163405,-0.005882928941376444,0.0002455758253238644,0.024007917427277026,-0.020987611912367928,-2.366551228893226e-05,0.0009569589272894936,0.0029162733791993005,-0.011510183024993223,-0.009928022593336281,0.0057141480372880854,-0.004027137998813574,-0.04377168450302051,0.000570668790784091,0.002267958647149671,0.0010044390452086387,0.005319444568491697,-0.012612021015272007,-0.005709775939752061,0.0001934241620862719,-0.0006142932734000953,0.0004989108921098532,-0.011183444412312133,9.614750924332355e-05,-0.0017149413818700672,0.9724414287774332,-0.007042262590789742,0.09254544026553864,-0.022570517962636174,0.002513498152994285,-5.982250911713404e-05,-0.025861458535323612,-0.00019169551852225505,0.00019384919305657085,0.0025833082785478405,0.04692065666192285,0.005317695200663997,0.012711767238139875,-0.02687365974777957,-0.018232180096481254,-0.0007454176369937975,-0.0007395778665240199,-0.00019788370571013545,-0.0021980102543122165,-0.00041987172734614067,-0.05113663465170638,-0.014852953165193916,0.003096130645744586,-4.939300209497931e-05,0.001835657580434164,-0.0007528233511433107,-0.0005788699573713703,-0.00016099245870896832,-0.0005760286714507043,0.009362241921771285,-0.12257639164630275
35,0.0019265105482883127,-0.009568945684872168,0.020580237841303615,0.003696229355602418,0.011974592814531372,0.0010830136022136824,-0.005603835396056758,-0.0025939552060783543,0.0008553231646679076,0.0001982186205745362,0.0009527710471683715,-0.002354775349856203,0.010277952058484627,-0.002101431970834498,-0.00032307198817750626,0.0006310169285488887,-0.0007276481034263066,0.009584032596953253,-0.002655854991023658,0.006572237604805173,0.0003122143462134791,0.010263695273312258,0.0007642068617033605,-0.0053899603926782225,0.003376890803094211,3.774000561327165e-05,0.0016616926105549176,0.006268792839501897,0.001532343451721048,-0.025990646345646233,0.004351071595314994,0.004350383394451467,-0.012894685596966507,0.025806506241881653,-0.004015873363829666,0.00035281310030655516,0.007538031447668611,0.023558786694932936,0.0035339757759686626,-0.02795862994068836,0.0005730235434985714,0.0032121386701218467,0.0013263368427539226,-0.026474535361824914,0.01295743550948536,0.0013429556487620472,7.231662390768347e-05,-0.0019266479238080265,-0.523425120416003,-0.0025042061561036002,0.0005005500881932984,0.0001726044246652637,0.003226514976015494,-0.001377411552459058,0.0014684982900709138,0.0018257262444002428,-0.008994032431816052,-0.001777970913263698,0.00029696461580097617,3.4566667045618374e-05,-0.002461770470514091,-0.017221614958247047,-0.007459330509438892,0.002142190832170031,0.0016489639773057182,0.0016910528009998328,0.001216076895888872,-1.5012299162488196e-05,0.0011578448437262168,0.10259453318101028,0.012591737311890025,-0.01019506750161973,0.006640488239330169,0.0026540517404920524,0.00018132474602971724,0.09222469723319239,-0.0012346568632504648,0.0004501075328283311,0.00514611585261549,-0.11109321914507764,-0.0005645711399656812,-0.02891773245848605,-0.002838242857820193,0.0004532734427403918,0.0035565768824313594,0.0002379885661237229,0.0031902472994534315,0.005163304911298241,-6.190109022784392e-05,-0.0032753947717946014,-0.0003441443576845324,-0.0006786057625835873,0.0008770327797130371,-0.004800753206835141,0.0002306588137893546,0.00085158919647393,0.0003901407418368556,-8.448831317877693e-06,-0.1295562722209298,0.8192041501844944
36,-0.00020960669831192102,-0.0011160482415590138,-0.0017543007724930308,-0.32102728775081735,0.0008441753698391835,-0.00010091704198700747,-0.00043525280950819107,0.0005051732215818217,-0.000509938358215344,1.7788281820945405e-05,0.00016919729113687443,0.0011501959273549963,-0.00014290287930287908,0.00197109403600093,-0.00020114494001692573,0.00017482479120723565,0.0006241369677358662,0.9208773008468155,-0.002362050720438616,0.0014860149332756242,-2.5709166130628847e-05,2.3616657129369974e-05,0.007078956867513674,-0.00035753227117001074,0.0005419435726229903,-0.00017745749837817305,0.00026243261491866617,-0.0003200829292127217,-0.00020902495158319889,-0.008893335974934684,-0.0002713254199747505,-0.0005328283948667686,0.0046245638975537014,-0.001958118459779893,0.015963783247222856,1.657833478864619e-05,-0.0007457461524050454,0.00045355368386021735,-0.0002131051143550108,-0.012607498057664892,-0.00021079226885983848,-0.00010216042945581532,0.00030773440937680534,0.00022510917518906446,0.0004685547417750246,0.0012802356506571846,-0.013155699780629524,-0.11799585896515977,0.005407393908376929,1.7890644542041274e-05,0.0004136338644262702,0.025038855294825416,-0.00010655400034081247,1.8922335082334485e-05,-0.0011256696509899383,0.0007738617272133252,-0.0003778577207147558,-0.0012359754503402328,0.00021950677092486958,-8.456036892180118e-05,0.005732205387782775,0.00029306920523963775,0.0007911206282043559,-3.266175302903823e-05,-1.9594134598120358e-05,-0.00013907240007186373,-0.00035704471608637503,5.901993953057053e-05,-1.3035976771911834e-05,0.002639941738049994,-0.000546577059413739,-0.18201783480827097,0.0005498147254914985,4.5061849194583895e-05,-9.524005298553254e-05,5.695061140829211e-05,1.1481004360408553e-05,0.0001912675767682618,-0.00033969319766478934,0.0031147370931976365,0.013907188764780483,-0.002240153113394261,-0.0011657846050806137,-4.89667226853778e-05,-7.69581881433154e-05,0.00011521982339356008,-0.0004474937042876527,0.00011345986075710188,-2.282549899227499e-05,-0.0005112339483913748,0.0020646209849655064,0.01067032240541016,-9.365711386981747e-05,-6.653532747953931e-05,0.0011453817226640363,-5.331048091875533e-05,0.000531290116122813,-0.00015663025417268713,0.002127848412069866,-0.008532135824128657
37,0.0011409062464955342,0.14574847845963915,0.0002821092878332372,-0.0028703099154240436,0.0012331944604933032,0.002898719535665197,-0.00042203326070942154,0.001649171165210954,-0.001304559892626987,0.0012348309257875535,0.004261664055378506,0.011581209198219651,-0.0001322622137375079,0.00836865527073426,0.00020046902943086573,0.002304420544963298,0.00111603487243752,0.006467611697138332,-0.007320405946970589,-0.05223711000109106,-0.004665383754464309,0.00494317908474188,0.0450111616078749,-0.0013794260309343293,0.015933882395179844,-0.0002253131802691197,0.0005478977987934324,0.0007104047713823967,0.09606179126954051,0.9679151224927226,0.015834241036683797,0.003996261206186891,0.0113978425608098,-0.029322635270922246,0.027252086136906516,0.0004573142532656605,0.002609651547724544,-0.003922409697626694,0.008939438810294513,-0.042863898557680295,-0.0008647698195220891,0.0011065964000588286,0.003470055906772645,-0.0043313168244202924,-0.019335035555299307,0.000776488427594505,0.0013388765404141435,-0.007041475638127828,-0.025129272188103857,4.024769198974522e-05,0.001379697183138573,0.004390525497052336,-0.0013309596133923868,-0.0018090892851299872,-0.00166931567438508,0.0022148675042943508,-0.0014023486229106452,-0.004074157930302492,0.0014250075621035378,4.395104906223363e-05,0.008236139774622874,-0.018306020877213464,-0.016608300633274772,0.00036296693069282245,0.0008219187810713053,0.010520615132635443,-0.0017505268719695708,-0.00020271163469681198,0.002410032622785946,-0.03948222642116578,0.009257780330038125,0.0007793151186071849,-0.002043432888321685,0.0002605055607807754,-0.0003272578682927199,-0.12395661318327966,6.327023046302088e-05,0.01335813561713968,-0.006420106585387471,-0.018125207814676803,0.022187843031545675,0.012515557566764389,-0.014372742531678057,-0.03616913468727792,0.00208304859561239,0.0008353662263294339,-0.0015291083115516989,0.011213214177606961,0.000649762402507215,0.01961381206876212,0.0055839032969493795,0.0010889055582776058,0.0014457962352177863,-0.00016005700953809852,0.004159443883643818,0.0011845696821444025,0.00034736177379345035,-0.00044777794164969215,-0.012351141162258853,0.030475940131856356
38,-0.00014158332140885383,0.01739998213137522,0.0036548562555864224,-0.007210839976577155,-0.021375152503777237,0.0033701955775423723,2.070034718511986e-05,0.0012425806955607358,-0.001759629578727721,0.0005383707927446501,0.0009747270420412003,-0.0032124738532101444,0.0001482429676477829,0.0008817775221596537,-0.03418587055969601,-0.0005389369563054049,0.00013193696368887873,0.012207566636703,-0.00035372099407298806,-0.011069645456002152,-0.0006643684606036787,0.0036963645429555917,0.0013460672859446285,0.0002180038234001723,-0.00012666477430565244,0.00018171869988389613,0.007915430944399832,-0.00017206474799604616,0.004121647089958561,0.04316070484076035,0.004645918636783133,-0.0014587111640775117,-0.004159729717285656,0.02223122673888558,-0.00012819760831675537,0.00027684157542851723,0.005408538273115114,-0.02631889709446834,0.001211232040470368,0.9440243033178658,-0.00036701133505583246,0.001050693472020824,0.0012560944787771001,0.0027530427432394702,0.007086136057288318,0.00021086710124688577,0.00040477239427314876,-0.0011282797813783258,-0.001161752967326244,-0.000681685526588762,0.0007068817577205976,0.0003902219062595649,0.00023776487954770172,0.0029424176209536888,0.007061136685735381,0.001400591245584873,-0.0004659571006463809,0.08854360086937213,-0.0001697333003561534,-0.00017596668824352896,-0.00011136951001261982,0.0007232798392543165,0.0002624101522416319,0.0007435330141360968,0.0004749349328172831,0.0018961488997860311,-0.0011145225709104547,-0.0003118242966771203,0.0005129502150151955,0.0026960695163657654,0.001922875272014331,0.00023976940428036887,-0.0035242610145750568,-0.0010219946523123379,0.001194030339868063,0.06684835002821603,-1.809365415372799e-05,0.00045412029330312226,0.0005521757682571717,-0.26108951092217275,0.0004161277910234804,0.046216013572399836,0.002240428587241401,-0.004351529827196777,0.0008181814015057523,0.00030619400066523434,0.03735897433724323,0.006036622670405784,-0.00010363077055379347,-0.010833930634154929,-0.1303644711969981,0.0004617162004093095,-7.431237493569741e-05,0.03956754381841326,0.0008409376484046457,0.000367997422712496,0.0001293154499232849,0.0021476104460191113,-0.016524462327263532,-0.011065371622127567
39,-0.0003142696882383002,0.008086880807026088,0.00017688099603948293,0.00044823741007301936,0.0019507391773362715,-0.004057315971391761,-0.009744034436788507,0.0013034812981397416,-0.0016124994292158305,-0.0003977922649654403,0.0001722943615489747,-0.00017259300781520721,-0.0008243314277281838,0.0009092710291317158,0.00612399467286473,-0.0005273787472627588,-0.0003920823915998222,0.0011948076571380892,-0.0029469305861006302,-0.0044965604883159035,-0.0006540098869545713,-0.001390035798204123,0.0008796859115046785,-4.168864292107555e-05,0.0012235796363830593,-0.0004412002252217428,-8.807687439158208e-05,0.00033529782592769334,0.007077124677651973,0.031192333357701316,0.00161265434909304,0.00025394178243042,-0.0035364485608049747,0.8562878411931136,0.0015286301735966683,-4.032544260056722e-05,-0.0012255163827564388,-0.004449190509487842,-0.011842073802583132,-0.025510853396377164,6.288158267089838e-05,-0.0012811266738497126,-0.0014993330464097927,0.0022225332347478783,-0.011593757924785087,0.01686347258065328,-0.0001361977435663824,-0.0020191782376986146,0.0067110193309722725,0.0038352867955280413,-0.00030863549904783585,0.0006826284719524737,0.000133149155748526,0.0009647298829807611,0.0014374618844123395,0.017032386529567217,-0.0005991509377248842,-0.00362170228238765,-0.0002412063858845647,-0.0006411694923346558,-0.000756268974517227,0.004133185134601416,-0.001480219870682968,-0.0004942112431498411,-0.00026533640074910135,-0.0005062500063413601,-0.0011351325726849837,-0.00012143428889952633,0.01667023749501215,-0.010289014759282747,-0.009520218506349865,0.0008601259802059288,-0.0019420897066537832,-6.412540543000679e-05,-4.741451791950759e-05,0.00043017930027140164,-0.0006742473712718448,0.0021865081448305644,0.00048613441919233047,0.007966887572960895,0.0034848184563072626,0.005451323278354988,-0.011370344867555981,-0.05174996424143337,0.0003846381783056143,0.0049524777880245304,-0.0017674445735440091,0.0008242354695054222,-0.0002028477968521042,-0.509014967257651,-0.00038021810509300687,-0.0003945767939969578,1.723317610267597e-05,-1.9793913215928813e-05,-0.0006607748318893521,-4.85618020803407e-05,-0.0002596017450358615,0.028371736584819774,0.010791381340231793,-0.019825021786840737
40,0.0003973006886041002,0.004402262001492104,-0.00021365795506970498,-0.0001191255892446356,-0.001375738613323992,0.000717544747374137,0.00019729581823131268,0.011280434998763699,-0.0007352590176211444,0.00010889994007943962,-0.000306554161766252,0.007333888327366821,0.0004779564477160967,0.00032472566774694595,-0.0025977679077683106,0.0004897562758157045,0.0006205375972074753,-4.115705871912158e-05,-6.36049839143148e-05,0.00047023932372886827,-0.00044957233335722515,-0.00020183732359424478,0.0016953525238877101,-0.0006384976335438765,0.0034542040996923193,0.0002474571990564179,8.613431430184372e-05,0.00047327945369669724,-2.00615884600637e-06,-0.0030409948989843774,0.0033382076494450756,0.0008721323892252929,0.009552972684047279,-0.024237500753675797,-7.518123098418199e-05,-1.3471097888539865e-05,0.00013665370173731987,0.006405845453546005,0.0001561440181474256,-0.0005307215357901601,3.740507183269508e-05,0.0003727478842628112,-0.00015277665157225034,-0.010349101432577033,0.007323520548123009,-0.0011864146314529166,-5.4227136310605796e-06,-0.0005078037558062862,-0.004356397252355083,0.13062456658327848,0.0006228520920672001,0.0004514604302066617,0.0003924301302518536,3.4627536974112926e-05,-0.0006971991726697846,-0.00047234846506650515,0.00037647597284203114,0.0006681751511914523,0.00015282540963842397,0.00019106467403665956,0.0002967963363588427,-0.0008672616737438734,-9.20258328597507e-05,0.0002264663908507522,8.367292546434212e-05,-0.00038186141213585425,-0.0023068434568026476,2.719255354286567e-05,-0.0006481779494178237,-0.00047598783401973065,-0.00011071561561264891,0.0003670897478594516,-0.0024900532046310793,-0.00022480608526505405,-0.0003241213181982036,-0.010981383538324195,-0.0007009223752688833,6.871587754405048e-05,-0.000126431391165179,-0.0001900469153880823,-9.294369748429629e-05,-0.002046620265161423,0.0003993359881396363,0.002188697016915005,0.0007089549040470165,-0.00023121934301065009,-0.00023343833168480217,-0.00026142673190133526,5.235128787153874e-06,0.01457207112391956,0.0011435342211083997,8.063611533187158e-05,0.00010706008584155714,0.0019836073293845323,0.011373779005493039,8.160014374782531e-05,0.013321940797276898,0.9905075711085571,-0.0029973738945400586,-0.0013269867379815435
41,0.008295793079437813,0.07273600039933278,-0.009463749251276575,-9.913536428021036e-05,-0.0010663975804881959,0.003604392717249133,0.00016965566531948473,0.0007013525821338712,-0.001679436784508579,0.00018263371229296221,0.0007102338807837283,0.04934717208401085,0.0011337812911505485,0.006285358441034339,-0.0007928099870216782,0.00821229945622498,-0.0001963438871080414,-0.0005494992324028107,0.00029875648490241234,-0.00450213331344522,0.00037934579888607503,0.0023535208468701448,-0.006392970596149995,-0.0002058803861276423,0.039448039729712336,0.0012002376108318181,0.004815527385707934,0.0009350527605277818,0.0537925043767767,-0.06743000284042014,0.03828379383474087,0.0172261877363151,0.020582053506862333,0.007137502983455483,0.0002638890357223103,0.0004898520523780106,0.030905460193224855,0.39581826070006343,-0.0007756731438485417,-0.006449883497918633,5.5146288115422853e-05,0.00405046512265882,0.0005040703526635257,-0.003136320869574667,0.7368126013931626,-0.0030574665799080816,0.00030228113672594985,-0.001979783625869362,-0.08962025949873692,-0.002421884335062136,0.0078082908307945675,0.0013743409832480732,0.0016257097420223632,0.0013523601487716135,0.0023250447846689948,-0.0020026299225710358,0.00010592810486556581,-0.0012048819891268773,-0.00032016021441411916,0.0002933267852385166,0.001805443297973667,-0.0030297174194214745,0.0007916997406647031,0.0009278696149397254,0.00154639335074033,0.0010526913588672256,-0.0030048279263132586,0.0004361383935813359,-0.0006940522215538962,-0.0004208069792962475,0.002064568253214674,2.9270860054709386e-05,-0.00018365151078562122,-0.00017947878131793543,0.0016305528819656676,-0.4588234580014696,0.00024948063351896976,-0.0006404925729754539,-0.0032777521578552793,-0.12387100000227888,-0.0014745206874868313,0.2079346946111321,0.0007340025040080411,-0.0035255507769146426,0.003259744920115326,-0.00019558958784527482,0.003838802824324672,0.004061393807613459,0.0007343733847660875,-0.010736693014892822,-0.0006098553422818828,0.0009133377701901232,0.0011145973894958372,0.0033885632627547856,0.025911723674296682,0.003961136153256832,0.0009007185709479348,-0.014264548419092169,-0.0056152140706606235,-0.04109991175936957
42,-0.0031519133894721166,0.04448472348723458,-0.040299071011966045,0.0011203825532798105,-0.008014882791355045,0.0024316058424085144,-0.00020902127717333657,-0.00039577268553014217,-0.0002189143694780911,-0.00036688259610575744,0.0009234612603466197,-0.0216615508598679,0.0008687409369832338,-0.0005368915762815063,0.00597776698533279,0.00012273064937795564,0.0003381796468190229,0.0013416376640275956,0.00012648311099096917,-0.04849142143911514,-0.0010204051916812354,0.00549719125704143,-0.0018721996748998987,2.734469177825133e-05,-0.013966406073913983,-6.524467294268411e-05,0.0019459569770698408,0.000585232502050584,-0.0039245756026912715,-0.022530654772138038,-0.0069549767696439925,-0.002807319995654275,0.0035956728486504497,-0.006766811526065026,-0.002596804328865686,-0.0005230784515628077,-0.006451687015661282,-0.15010723464455158,0.0011134438474133214,-0.11318438006478514,0.00041072236517441726,-0.0006437975737754605,0.001432877004689415,-0.006759158404809708,-0.16875331027191298,0.0010948716531461698,-0.00012456862335772495,-0.00148000389263789,-0.012408261378206012,0.0005016316674241565,-0.0023539719197668216,-0.000637533568721827,0.00024875855865228585,0.0019288011622611186,-0.014757621318869821,-0.0007923793137073593,0.00015989941126701504,-0.010398478084377714,-0.0002972216084299286,5.465895574607648e-05,-0.0011693635291742301,0.004619318084655809,-0.001307933730945711,-0.0006520840076324383,-0.0011731043612028518,-1.7816947803157932e-05,-0.001934623933439876,0.00015531288928523552,0.00033471941863557725,-0.003443945851452946,0.022900384789994954,-0.001692425972740932,-0.0009212228521707558,-0.00021815605233889307,-0.00011537713774695778,0.09235806703281167,0.00017477230936154692,0.0015395416855852808,0.006451295063638035,-0.21513448240068261,0.0023545006808210547,0.9333619140901042,0.0003097567114003427,-0.0017244626555459833,0.0015871891219720788,-0.00015506111156828275,0.010697768427809399,0.002564104135176903,0.0003179787057721983,0.005701085717827412,0.005741571336742371,0.0010899994974851311,-3.7116888153256792e-06,-0.017682857240371785,-0.004383492899427465,-0.0006563353238209147,0.00016759715601166736,0.004564313423119505,-0.02852921765480605,-0.01459016922932628
43,0.0026418522455986288,-0.022421466707019222,-0.005843439754459204,0.002509221619037459,-0.009261449046381052,0.004385249463233987,-0.00242265623647054,0.001490786138970305,-0.0012660422817477087,0.0021703021774238038,0.002279268821248695,0.06362577786665265,0.0006626038170118032,0.0011416652506401406,-0.004510695361358166,-0.0007890862065126764,0.00010967969387438992,-0.0059862078213951,-0.0017108735419740563,-0.008250272482638491,-0.00025428824243401565,0.0025560575928027865,0.014618158883475573,0.00029542521947358144,0.019119790465810887,0.0009386043010376089,0.0018236212558740065,0.001324085750758367,-0.008177207710361373,-0.01319844856473539,0.006578029087762728,0.005142364549992534,0.9769217398843317,0.0002864376388640097,0.02849754952100072,8.606163383189855e-05,-6.517800705734336e-05,-0.13742066501145886,0.006810915436878675,-0.004442980749020421,4.5453676822541575e-05,0.0006009541309603865,0.001193043050454197,-0.0014232290662805503,0.045436525275277855,0.01620765791314559,0.00023814680449306966,-0.0023480473800340552,-0.00476582754818684,-0.0015297328593589206,0.00212436019910079,0.021201199886202084,-0.00021810251662810268,-0.01730746481883641,-0.023433424171505936,-0.0022495455921889194,0.0011153422425884858,0.00017996508870558284,0.0005067141674433091,0.001632278619584338,0.011848291989405485,-0.029128456701739025,6.192736405348466e-05,-0.0001428298253361368,0.0007597372259208297,0.002994576963534772,-0.0021612773951270045,-0.00013701066193848842,0.0008775720767112786,-0.019834402336221715,0.028302922523739463,-0.0007751744310327338,6.805576148255358e-05,-4.9655611126551286e-05,0.0004801378514993635,0.0032579846050486416,-2.6823252216007232e-05,0.0007613522209180565,0.00039603560351028004,-0.00506306115151281,0.010765152029124037,-0.019739802915964715,-0.0012874296245952302,0.0026604514531989427,0.0007827812059928302,-0.00016699230458718764,-0.0011432584526707436,0.004454385171190704,0.000975795676497318,-0.010158841086696568,-0.004582406301041607,0.0014251619190043606,0.0001234596916959726,0.06579619038382586,0.04671550063959719,0.0001431926210704428,0.0022656872310629697,-0.010123416782192664,-0.08312502546100678,0.002004470615182715
44,0.001289483333071609,0.9650461983804433,-0.014881432105463669,0.0012327947670138307,-0.00088623975843302,0.0076938760805459645,-0.0013614878234553401,0.0010182301459371133,-0.00205380064429449,0.00013302338309647676,0.01985736553385353,0.01700612181533927,0.003439150007511313,0.0015335255562312008,-0.0004481122557014952,0.004996488505415245,-0.000993946194210532,2.946697559388055e-05,-0.002712995676050666,-0.01344711943456435,-0.001881225808577927,0.016084713749757774,-0.01860468099802759,-0.002699401877398949,0.008107666361877708,-0.0003316775621357952,0.0013542924097232033,0.0026955014270335503,0.10208003065281639,-0.15813922173201053,0.023172093109498665,0.001245062022421764,0.0038168017725796893,-0.007427791597424418,-0.0057952127623609115,0.00024125354330875592,-0.0007885682199705313,-0.0984142407206135,0.011547078559685557,-0.006752067290392374,-0.00029865297911253405,0.0012093802194020169,0.019495171548446998,-0.005308346053631299,-0.03684441228079291,0.007285721471176912,0.002122953819006441,-0.004329207549371631,-0.009098642415096975,-0.0010762349692837528,0.0020005838106956775,0.0003178191077810137,-0.0054884620342909515,0.0001544900382162706,-0.002591796227388901,0.002902360675431602,-0.0016204515878292126,-0.0017967450281452585,-0.0008900252352726677,8.814638849585581e-05,0.00012943785917675713,-0.0009722530235395932,-0.017105819259225774,0.0008231278993025837,0.0015449312341235403,0.015540551061233324,-0.0014010687009191475,0.0002764168468151612,-0.00010840621516177893,-0.005001183250119775,0.029147153366029556,0.00244584609766173,-0.01555777626341781,-0.0010066129736180998,-0.00024272723526430617,0.015190607262938999,-2.5373856198173533e-05,0.009854108855292233,0.004321468319040539,0.018255549453115874,-0.00021617291272026107,-0.0723029963880917,-0.0005799633261988554,-0.018564837801836452,0.0017618491362948532,0.0005390439333724474,-0.00011397882529471585,0.10439060880150033,0.00031484556218945234,-0.0024707408036812872,0.0012105374994503225,0.00028347622074299805,0.0023274058386710678,0.0018173235439195683,-0.001160835984416575,0.001136243391080094,0.003684783202074715,-0.004210491258110677,-0.0020967235198366962,0.0007927847406517946
45,-0.0014407724824405316,0.05304492061617944,0.004829695538485105,-2.199173376631709e-05,0.0014919469744388153,0.0013912371368951862,-0.00036553708323245476,0.0027826192591431393,-0.0006132395578066574,0.00012012575237718443,0.005035837171069302,0.03048867540440635,0.00021517147212791327,-0.006144601640113299,-0.0026030053417042624,0.008248577917960104,0.000168001893494224,-0.0011516906396995877,0.0001799914560458647,0.0006005196663880731,-0.0005530888004813828,0.005840215042453693,-0.010038706415527662,0.0003136025406631632,-0.003975863397094865,0.0017720273912641424,0.004537665439461585,-0.0003963738726835342,0.0502506666382429,-0.034956395774936505,-0.010395726687925294,0.01421193260124105,0.1350134154815841,-0.0031080338897013127,0.0011549045334817796,5.2721931837869385e-05,0.0009335350403300892,0.8176561983251236,0.004283124669380674,-0.002013236606517309,-0.00015477187875089903,0.007636569396095032,0.004255619164956368,0.0006043272982084579,-0.5296529043040721,0.0023111925642417285,-0.0010359614393186047,-0.00017938804590903967,0.03274460934533005,-0.0006243016297250977,-0.0009506975894954667,0.0032543487098088374,-0.0018739671377219036,-0.0028416194585564637,-0.0023476660840783623,-0.00047149164691525443,0.0007529684041939627,0.001733809390211839,-0.0006282487392207063,0.0009822348913792558,-0.0004138859033693829,-0.003930295867370017,-0.0018654740923278249,-0.0005704793032783391,0.0031493785322940435,0.0017023467885618191,-0.0010929265598977516,4.5777505097015095e-05,0.0003935923440018731,-0.003176590281004657,0.015627697318179208,-0.0008792515259700554,-0.0030119949021422308,3.245054395604671e-05,0.0011812101567275114,-0.0832134290551795,-2.455581927265872e-06,0.002073707430498346,0.003930644501398143,-0.12211265459779529,0.0036402192764339834,0.01247330657078704,-0.0016485166611226974,-0.0011988015268424481,0.002184814722328744,0.0007078207261524596,0.0008148555865432647,0.016680327512845025,-0.0005452426045588704,-0.0039013159659309106,-0.00012873289800220764,0.000763226203314336,-0.0006815040058604833,0.017519726763878817,0.006570814022357088,0.002197941084939523,0.0002640477815158918,-0.00411076350558529,-0.017173744873529635,-0.002276646953932251
46,0.001320163072122421,-0.0793078949559601,-0.0017008614627208902,0.0022106061494688877,-0.0031592366358722083,0.027684533085301548,-0.001180422943615195,0.0018081782336972652,0.00020321455125798128,0.0019451512957766948,0.11109951239199492,-0.004868274112257025,0.04001576929961895,0.0030042538022648224,-0.002307869286253917,0.004201000853683782,0.0008521409716061371,-0.007323922059084179,-0.04611271430554956,-0.005694679835570392,-0.0014084301064216098,0.07098906682006452,0.6630917147407484,-0.0003889318715460874,0.006715269328053844,0.0023679790637129937,0.002736485407544987,0.022784655044879407,-0.01401659589060757,-0.0332674094422572,-0.0028226240821883544,0.0005880651735141271,-0.0233833301917891,-0.016760874859105795,0.029607143244887498,0.00022745447181667328,0.002538388796719082,0.0009189997708905634,0.07231466411194361,-0.004278169092437951,0.00045012257296910257,0.016889243238687436,0.1019842965670299,-0.009403087495600513,0.005614931255235295,0.033945464345237535,0.0008533778871157923,-0.007699959783889555,-0.0035201437351018387,0.0008412729394603386,0.000409224546635327,0.008546274662022119,-0.011728014902572192,3.1500285096019986e-05,-0.0017422491538017252,0.035508356177313426,-0.028101976947870647,0.0007353634767748671,0.004965920182216425,0.0005308943438967926,0.009108740149040607,-0.0004702124035892534,-0.0033926686934622925,0.021770005474637807,0.012593772757517586,0.04857127957557515,-0.0013897642097127957,0.00015244832195674806,0.009435882614278598,-0.016168325837471006,0.10325875864341495,-0.0004927632900637757,-0.0038314720882833505,0.001934973337835189,0.0011161820606898267,0.0004713972847048345,-0.0005179245911392516,0.046574646979758064,0.0014815103682328055,-8.662729614621056e-05,0.026400084697379533,-0.001454854014179257,-0.005999038264439823,-0.017586549122930454,0.01752205864189043,0.005720829424919474,0.007010697754115862,0.6999466961693565,0.0014348302232670522,-0.02761965986630159,8.831357195724547e-05,0.000141851355615306,0.010964845770055427,-0.0014659614235439167,0.007602011276770631,0.004219934095807733,-9.98587433232237e-05,-0.0007819727939699511,-0.004147452299790308,-0.012977857564240256
47,8.713245269592149e-05,-0.08548593481494984,2.002843245891856e-05,-0.0023667410513577096,-0.000370904095232162,0.02448927172339739,-0.0004231953845092784,0.0026927772240818377,1.5366464380913174e-05,0.0019787667484654652,0.09989671594565157,-0.002758828974737533,0.035518934368322985,-0.002538832768371359,-0.0012739850714570998,0.004826615638580055,-7.348331509679984e-05,0.007441482749741907,0.05239103035956104,-0.0036266383555963524,0.0004694688190599733,0.06388584594747253,-0.7381520574778215,0.0002230474593096464,-0.006578223518551685,0.003565128614866309,0.002910861460531648,0.021226321469875867,-0.01504919056954439,0.04076903254171104,-1.080122681320489e-06,-3.845570137622073e-05,0.0018332204989429,-0.004737882983763834,-0.02750945572856643,0.0004531865064314527,0.0007431081777334869,-0.010809092376656221,0.06382875099319063,-0.004296674577956926,-0.00029923863281766834,0.014669155750168205,0.08943349773277404,-0.0031272426902960206,0.00989023241282879,4.360110505765061e-05,-0.0007025191576480094,0.008863792010513096,-0.00482852600169701,0.000772721462741269,0.000170915769813193,-0.009213847835146026,-0.006193392612519517,0.001174318970851438,-0.0018907868577681033,0.02965388159099422,0.03241959748830557,0.00033596335470004266,-0.0030485793053651356,0.0014186659005641443,-0.00951500006711432,-0.0015671954487731163,-0.006237964705263655,0.020699976425086027,0.011436463042997905,0.03934763779862555,-0.0015955952493092252,-6.660415095558446e-05,0.010317551798973939,0.01906443856204701,0.09957820144280381,0.0003534360554005699,-0.0029766177851441485,-0.0014264017083451908,0.0013021122840186812,0.0026774379615875504,0.0005565846539396149,0.03637126914250658,0.00016550542810487515,0.0037613763434043296,-0.027998800100228424,-0.002126472529670383,0.007960803984679682,-0.003274113815085641,0.014808935359700251,0.004891433646420689,0.003958137261927427,0.6289692373813881,0.0013564500576597072,-0.010191045052625776,0.0008078854775198928,-0.0015481224759171645,0.009951212209280344,0.0010166122336875806,0.004743625055974919,0.0035921349399209834,-0.0011256180300640226,0.0017749557741561172,-0.004983341832812406,-0.01261744119566413
48,0.0033801519092946587,-0.019642671305463565,-0.014570988144668652,-8.816351966645368e-05,-0.00559691537377006,0.03974476263918385,-0.005364859011318484,-0.0007561678737503935,-0.0010938885498868248,0.0039964697078260815,0.01068602831981874,0.0002831577661393525,0.018331544757103635,0.001054779448510186,-0.004490319945548611,0.004054462592793138,0.0007971275479809713,0.0001343457257633612,0.0005711959507003689,-0.03392275935763445,-0.0002655069315341922,0.026945587129630497,0.0026030311311135796,-0.0009836454554567747,0.008619074210361698,0.004821194978091553,0.007321919704463297,0.008017410740065813,0.01354090027157855,-0.008252816512624939,0.0011705012692412205,0.001855459214825861,-0.033448565795305786,-0.0071734930042523385,0.0022390218162992356,-0.00030429192255238165,0.0034295608658011043,-0.006546702747954828,0.04626027106949804,-0.003332459813970383,0.00027096373185025134,0.02271475889831381,-0.021512132029360906,-0.0018560108993679455,0.005704313958759574,0.031418949112416626,-0.0005924548072509235,6.0549123248271634e-05,-0.008615518229830263,0.0055708378270995056,0.001410673382611017,-0.0006687485814794395,-0.00019461332621211868,0.00016486175614328566,-0.013101844355775428,0.05917776136021654,0.0001755862299829469,0.005773571787818603,-0.0004815810961973668,-4.606458329654179e-05,0.0007705176917720755,-0.0017696213894200273,-0.006572045225689507,0.011417390874805203,0.002799827599153592,0.018084772193163706,-0.0009886497660211214,8.889847682185502e-05,0.00830387845475855,0.003389888782778146,0.9760083574839515,-0.0003635995346897465,0.0013838579673229466,0.0010127165462257403,-8.919809847005022e-05,-0.0004715931404336571,-0.001979527324070123,-0.00031545925157913386,0.004333504117659849,0.0009001210836331458,0.003912933213514047,-0.026552824529291037,-0.0007622887219982527,-0.01353849726609459,0.016160286282719195,0.0015416907029241035,0.030548081036161197,-0.16951259799182397,-0.0010149201972459053,-0.027277043112367963,-0.0040652105318490644,0.0012251614651300122,0.0017462383090548956,0.0037826322401808667,-0.0024534218473212526,0.006532594744386349,-0.0007299078211253432,-0.00023123518940096864,-0.014092493083528189,-0.024749097705702997
49,0.019966305621778316,-0.13209225807024394,-0.0014725287414178272,0.00019317169686091078,0.0015567731179305794,0.010566783603136787,0.0012811114343943275,-9.82849944025227e-05,-0.0005057076957290796,-0.0003525170489841606,0.0065826238203879756,0.14740566071295708,0.013242243393809805,0.008858649843807825,-0.0010405961869187907,0.019221207481591673,0.0001511500074372757,-0.004747670187454766,-0.0011336335024667889,-0.006730418628927412,-0.00015368864377397068,0.013653486826180318,-0.01367867610445007,8.038266721074189e-05,0.09177439437014634,-0.00020131517459428443,0.004681269349115174,0.01628681320421721,0.9474523591005573,-0.09094580372403067,0.0322732968979922,0.037814733302914155,-0.026960965591728572,-0.006790028742031824,0.1032567797520126,0.0006575811491428482,0.07875853763325427,-0.10099823816526131,0.0218217354215872,-0.003244167793522194,0.0001564346792116214,0.008627007230572751,0.003013442305811681,-0.002373305899772301,-0.058866449133721244,0.0047127236357090005,0.0037504318983453194,-0.0036293663107367343,0.001456368922135444,0.001926655285060929,0.015269420981485315,0.017231865129995742,0.0005308164475016468,0.0010153046072128788,0.0012341721737791009,0.006581350620058362,0.00016075760196281041,0.007280277897462861,0.0038921870562513136,0.0006048998348724149,0.027908546186778006,-0.004520923929537356,-0.002052179994291102,0.009414154512957424,0.006798662410229188,0.012609570400938271,-0.002084543479919966,3.9805839648035524e-05,0.002122447914108962,-0.003663336489532508,-0.024736867318829604,-0.0014764427549049646,-0.003084127065813452,0.00014385405646897068,0.004474420501968751,-0.04326637131015551,0.00012685076506268808,0.004564350398668502,0.0021109357395159116,-0.017517614156574234,0.058248479363901,-0.012361465787802957,-0.0017675166940112506,-0.004016159149033128,0.01307905405294857,7.13835666283818e-05,0.006784684441711106,-0.0022360043355890277,0.0004744703492541198,-0.0024380244616466736,-0.0012322114984940642,0.0055602386466179436,0.0031688291013550218,0.01806440590395538,0.03544539076949811,0.004536530732675403,0.009419923666025766,-0.0014311563143773265,0.000308985751912013,-3.92858906376279e-05
50,0.011185792377235555,0.014767678767847375,-0.0001663166317605047,0.008633942937827887,-0.0014753617344291578,0.0017958150073440274,0.00011550860008461422,0.001647624754633814,0.0004594152032918464,0.0029298421137431765,-0.0007827828280431836,-0.015407188424477233,0.01838578941613348,0.021510062609860582,0.0006822202117974935,-9.686446689774475e-05,-0.00023852874562162868,-0.02937209631109991,-0.012862808995634046,-0.00022922707067074728,0.00010569035284256623,0.005623584335871512,-0.06155394529362354,0.0003713521575626315,0.10071270653873643,0.004450144152094433,-0.0002954015851621219,0.013913880688225539,-0.13962280593681686,-0.024170749270064833,0.018019235140535335,0.0050093705785262364,-0.03463100216388088,-0.002521068516058536,0.7915615968306178,0.00034849688882071864,0.007641008956671205,0.00837656970907452,0.00256779799842184,0.0015908356771162937,-0.0001703687655175215,0.007151330438932067,-0.0015881013764402878,0.0008108083266736676,-0.0024009127518056193,0.0015808392364286667,-0.00011263065398377378,-0.031749137491737744,-0.00482189921566771,-0.0012559669137574994,0.0069934142307067695,0.10000467975936425,0.0007444334121467396,-0.00040260007611217334,-0.0006336945001051602,0.00950542079397371,0.0009738590211391647,-0.0006801839649740263,0.026897439825100674,0.0007601175428311259,0.22884767668902234,-0.012121020690029436,-0.004887571609960504,0.013111176813244741,0.005285789201305755,0.001222269921185625,-0.00040215721916348054,0.0005544492216803211,-0.00014044757006452473,-0.0069779301355481485,-0.00754389227548706,-0.013163315102048665,-0.001025998309434558,0.00024943189873690395,0.0007439480391010257,0.004583400482821513,0.00034576702189418815,0.0014557706381011309,-1.9053821880762878e-06,0.00012883545450465862,0.5181739737846978,0.0013845712072962368,-0.008313819688016132,0.00018466046487055666,0.012190444524821207,6.914033812914998e-05,0.0016885710256800014,-0.008409880429630494,0.0011771309060879618,-0.0007538630255487633,-0.0012907462166791433,0.030547984590778933,0.0008521755521229669,-0.008385903270288358,0.01199339792803191,0.0020237686759153996,0.0038940781119546648,-0.0001562111628667462,0.0006386892392445664,0.00014672310766977942
51,0.010625765097953464,0.0034436014527594594,-0.0007990504409278298,0.00013992608465263848,-0.004476381317387068,0.07690104184032426,-0.0025799181140000113,-0.0007240419488053901,-0.0008093002088190929,0.01570419115662584,0.1355789215182195,0.0017568101401642128,0.24503398114005356,0.001994115947995194,-0.005087848983326943,0.012485216450474707,1.9639143333093773e-05,-6.5408762807204e-05,0.0012093818746056924,-0.0012138274142252069,-0.0007994416674218519,0.11341208623085622,-0.010191876416522958,-0.0012013590706226873,0.01935705010883028,0.047933966897994396,0.009909534384383358,0.23294124382154122,-0.034356521296180526,-0.0013720119720136681,0.0032848950075085905,0.0015170564037282033,-0.004881641767824962,-0.08906766417023376,-0.024406215913863386,0.0032530663356685682,0.009315094884094745,-0.00012177286289736383,0.22864918161767553,-0.004654441559435965,-6.422987908417423e-05,0.11192971979568496,-0.006201709987019988,-0.0026416284842083262,-0.0015080905795266941,0.3350920739539064,0.0003108872811405513,0.0017056837426582573,-0.0015969036060720088,-0.0010139889725730663,0.0033866908931422246,-0.002382851944543442,1.1147380003163898e-05,-0.0003056305875246347,0.0015658431464073627,0.7302102457012636,0.001233590639363926,0.007385005350100144,0.0017196092334913603,0.008977226733782323,-0.005532631581715667,-0.00206055277826883,0.0012908898184820702,0.19025984412304733,0.07138174937537561,0.06263551557205513,-0.0015534795734226487,0.0030595985261018936,0.060655672574094446,-0.0028744721801977568,-0.11906326772999443,-0.0001654588944536824,-0.0011549574233243806,0.00013006095388536087,0.00906761526333029,-0.0004550956303171899,0.00013912350433036708,0.023890215202051805,0.0003040167717485269,-0.0011842235431268958,-0.02346288741031447,0.00021360074563971793,-0.0015086938473147828,-0.0073627761879133885,0.15947894126557638,0.01185741556143141,0.044471087695956715,-0.1344575871487933,0.010239614577809406,-0.11666666064520217,-0.002542460212182634,-0.0009121513057018253,0.0251652935686449,-4.1195503380490016e-05,0.008190845819194843,0.012577350766363913,0.0015330081500981429,-0.000266262820339128,-0.002564615679316681,-0.008613219204083172
52,0.026816755720038398,0.003402611557238283,-0.0035725912025741866,-0.0005470637599968315,-0.000299146946285498,0.07537067496058106,0.0009365698857940613,-1.0375002728102434e-05,0.000627219025376699,0.030471221632417958,-0.03003133933104402,0.01833591370821174,0.4371056639939368,0.007556543852473438,-0.001748314985854288,0.01870850864144987,8.609923812635464e-05,0.0018866039043274729,7.634057638585337e-05,0.0011961243363988877,0.0003707191450117858,0.1337356510267542,0.008445587293854213,-7.475556458122479e-05,0.08917926212877124,0.14526787251530038,0.011624111286212355,0.47610870977072306,-0.036956244533305,0.0019028979910641793,0.021054492813665178,0.008594050946324684,-0.0037980861285521403,0.04783236241666673,-0.02933426297918494,0.007104373609624667,0.029965445907693372,-0.008083946295383615,-0.022883678342093393,-0.006841371027323774,1.4055075211669155e-05,0.16084236474067612,-0.008515137069228306,0.0005443167565363036,-0.012409752619380848,-0.21783456008072713,0.0006418129936683109,0.0009081258192307057,-0.00270580917420999,-0.0005764748460592379,0.011224394259349207,-0.0041936131027693856,0.0002764612865806815,7.327353319698526e-05,-0.0006580940366093802,-0.4315151226605783,-0.000573205836554895,0.012549122196805556,-0.0021124892731052307,0.024087679579765,-0.002059138540521154,-0.001551266800284827,-0.0007210594345298596,0.373431155709412,0.13041685943510742,0.015016828397784635,-1.2052588627591357e-06,0.0059212704414861855,-0.034338094093202425,0.0007837655990501592,-0.008316154901205741,0.0004808870620581062,0.00023358876202845234,-0.0004160171685632097,0.01911091641351724,-0.0021679565726799854,6.891920174618288e-05,-0.01071200766726758,0.0006044595536879101,-0.0028263835343290272,-0.025487102189160615,-0.004765807365479803,0.0015754887389531694,0.002131602084585847,0.2931449187905764,-0.0033947592592328585,0.06372720228316417,-0.04636722187420842,0.019988811596124652,0.05604320777850752,-0.002225520854862991,0.0005361346968775355,0.04843741939198014,0.015063984267259101,0.022993543613303576,0.023352685141974992,0.004931287868986299,-0.0018034392895553515,-0.0029615634703925708,-0.01691605185345736
53,0.09186411987406547,-0.005161644608927651,-0.00115574865766703,-0.0005510569705473103,-0.0015200041473356907,-0.007929120135831913,-0.0003072613374180966,0.010711810473617467,0.0013789330962588053,0.01087300018474352,-0.012478290452050886,0.09540830401340826,-0.06573861251976446,0.04722527354047863,-0.0009159372284327366,0.008534392440384259,-0.000612928605660118,0.0026939828650829898,0.002031646767467017,-0.0008112716150798123,-3.954464322333123e-05,-0.01747173811081472,-0.0023010394084789737,-0.0003732623425595147,0.9172270873030997,-0.052197650200426035,0.002978344502162651,-0.05500951109079216,-0.128054137804601,-0.005461361492328811,0.11389142872079355,0.054329237795137916,-0.030446750403414744,-0.002110972737928098,-0.09201759146590818,0.005225076043445208,0.22932189399850428,-0.029914621151171265,-0.010514085123567888,-0.002299667473866871,1.1732236695007753e-05,-0.012544359367534227,-0.0011242174476955638,-0.0012380780002090586,-0.06538221701778385,0.0006035914143439625,0.0019736700138422566,0.0035568675550050896,-0.012625728569230159,-0.000156056790982813,0.059935928100822,-0.007443309607380193,-0.0006217002659149318,-6.0062567695366026e-05,0.0017990480696904454,0.032095176501126,0.0012495472563357063,0.007970577378512436,-0.0030642797566313136,-0.006107214295869675,0.04134008664143495,-0.018535952207613088,-0.0034165025197814038,-0.056392057948303466,-0.019547368296709375,-0.004485937390697769,-0.001745950775257499,0.000917077977523642,0.001436826197059381,0.000564526933287254,-0.00408973662103998,0.00021024948314540392,-0.006337125504641102,-0.0011410299939845214,0.007522891399388051,-0.017720541238589363,0.0002789573408783601,-0.0018891311283214956,0.0003203281848811303,-0.002268403342208739,-0.09622152134770608,0.004292681338499629,0.000924370293034972,0.0012225239858781958,-0.01703966082489955,2.338105831405244e-05,-0.01232098193919076,0.008894947206114077,0.002411723277477746,-0.0013653283493544601,0.0014445636330631742,0.003885556770062303,-0.0051688206707237346,0.03589038601422682,0.06985745917927803,0.0025300724727653533,0.030536763317102963,-0.005123062128157187,0.00016458115610596714,-0.010194959128594892
54,-0.001503128553567713,-0.0001311846091698052,0.0003260895084337943,0.00020204973130186449,1.5670810891572115e-05,-0.0312467232169942,0.00018432508987691358,0.003538738451118698,0.0001730093334470469,-0.0040249037341806605,-0.01943240380178875,0.003174804706730903,-0.10505497733186336,0.0008655103498934418,0.0005587397000018117,-0.003452932198075678,-0.00010807588351057114,0.00012328649667121448,-6.934453782624084e-05,8.103800837418271e-05,-5.014462219688626e-05,-0.03893840477099555,0.00033093518145205984,4.2814269450242026e-05,0.03419889702079068,0.9775466404513649,0.01740763849515733,-0.08849738062934479,0.0016755493741832297,-2.5482361256575067e-05,0.0037155485645852847,0.0016076605670707054,-0.001934960153306648,-0.0032661305663677456,-0.004778632996935362,-0.0004894159639916643,0.008225556486793045,-0.0025136142255826857,-0.024625873031941272,0.0018156540894871745,-3.1043170672000533e-05,-0.039165927420811965,0.0004269026163305897,-5.259642567298061e-05,-0.002031626656270727,0.02928253128020813,-0.00012438580344212953,-0.0006208191785784695,1.1981063864959646e-05,0.0003959167250239576,0.0005740081419821769,-6.649331124757279e-05,4.080016012168036e-05,-0.00012178929744685249,0.00014917073310074733,0.033323618771233667,-1.175735672005046e-06,-0.005315888296815395,0.00030728759003335437,0.10110336243614952,0.002602401832429309,-0.00048219164307500804,5.963027395836443e-05,0.0009498796080975847,-0.026113281973770972,-0.014725330476277566,2.7646751448171794e-05,-0.0009370050346511623,0.0010171008186206434,-0.0004196794080123628,0.004381310304401573,-5.9462675377407355e-05,-0.0007709942316539604,-3.776439488152941e-05,-0.0029086079484679905,-0.0004886677358857602,-3.4952426602209707e-06,-0.001884988909270703,-0.00010769347490001413,0.0003287386655256054,-4.4078503544575307e-05,0.0010981937522737892,-6.379086060554796e-05,0.00025510569397338553,-0.06684626296989263,-0.0008723532006329074,-0.02933913829095474,0.016414797571994197,-0.00450324776017737,-0.0031907974940378445,0.00046462337348580386,-0.0004947783010129349,-0.004372845257437353,-0.0005880112107150503,0.0021534536878156075,-0.005039615402047316,0.0007490460344209112,-0.00030723444578967534,0.0022002323601464885,0.0034266170995102185
55,0.012385565535308863,-0.0020772710170082476,-0.0029260411681439613,0.0001951630593243752,-0.003636961767464056,0.017881898242188304,0.00019993458156890298,0.00905238764006392,-0.0006219285356533731,-0.002904714309961396,0.006424444859188858,0.6909131501756358,-0.01911553891754149,-0.0035679018361162006,-0.018964365555848767,0.02035031447675617,-0.00010897334322070192,-0.0013716895069605583,-0.0009179898421232766,8.665306318562938e-05,-0.000279853454284551,-0.009244300061121754,-0.00044700527703409303,-0.00019591600541490894,-0.1668507818649963,0.001055718495899625,0.027256501923563305,-0.020797261144762668,-0.1343984011998385,0.0028013580732099645,0.014669517421484346,0.04668492464587156,-0.096621655251076,-0.000678357816086759,-0.03286544769556292,-0.00037447737123087743,0.109787712390995,-0.0443057278288749,-0.0020891008188815017,-0.057580511999034245,0.00010841763870111237,0.009548945835263114,0.0028650981766897583,-0.002998467322620952,-0.03070546920241235,0.028827931836343558,0.001004653193483895,-0.0020872556993379275,0.0004150088446217143,0.0017440294163310055,0.006193259137938487,0.011443970255843424,-0.00020203094819480627,0.0013983518714403287,-0.00046988589821174605,-0.011942256815631248,-0.00029702225137615695,0.19831383824680046,0.0009111822171379963,0.002242287790252623,-0.01967759130077939,0.004297684338170071,0.001217618694617978,-0.020612321238111003,-0.004219595453927217,0.003805446339816016,-0.0009188226455802036,0.0012824390567119058,0.00045677711781904815,0.0007606123826844691,-0.0078070740653960954,0.0010378423010134544,-0.0011285929222316048,0.0003001197131330749,0.0011459520589571087,-0.013223144670095952,-5.370629079270994e-05,0.000807064214217364,-0.0017620542264647904,-0.031251606162596465,0.07287375470457769,0.002205912215211256,-4.050284916057301e-05,-0.0003153795384891484,-0.013848193161681264,0.0006248382182649607,0.09768537499912573,-0.0013960018650835569,0.0006921317037718207,-0.0010390459528731716,-0.014124673073942249,-0.0013953097785017144,-0.002512382839041764,0.5976233046807452,0.164952653957197,-0.0015414104562993455,0.014818925571606505,-0.007118360121878251,0.002391166520816654,0.0019035183172335657
56,0.0024396375226357673,-0.004198044598764406,-0.00020552872468606416,0.0003734870842085087,-0.0014841497399468834,0.0025818610159123023,-0.0033825103431342173,0.0015487280039331334,-0.001761039928339955,0.001205710826236695,-0.012263235973939888,-0.03538530737071799,0.00687901165136714,-0.0006096265721359402,-0.0005242903223297635,0.0011356924085713785,0.0002021146045121467,-0.0003860000700141504,0.0016911794271363613,-0.0016188404934036494,-0.0007517699254147164,-0.01434461527057044,-0.02023643518243502,-0.00024814731015169143,0.018429805157866602,-0.011751324549908891,0.0021352661486662454,0.01943621091945114,0.002140305703944348,0.002169177465805539,-0.006362301606069636,-0.003122904001982626,-0.01337610758776135,-0.02298782158968503,0.013004582763447826,0.0009191273088093553,0.00045150094325284613,0.003242733563915006,-0.038876632852011664,0.001488548500655608,-5.84111161996417e-05,0.0018243244110459204,0.003447910691725337,-0.00018119943371719405,0.0031776837027945853,0.9042652364925716,-0.0003105176337219678,0.0010914256175389573,-0.0004526183097582007,0.00025967879243993626,0.0005636879807899408,0.0016506534542328232,-0.0006781592668622547,-0.0013379343477091157,-0.001687662325815518,-0.41856325272169487,0.0004818140686163241,-0.008377850570670737,0.003409315015809632,-0.00047396431770872934,0.0016573632402372477,-0.003522453760997907,-0.0005819687912761561,0.009995585775124641,0.004503888502361709,-0.0024246886434100114,-0.0018666075404087203,0.0004873174115337604,-0.012013444517438236,0.0021744935200031976,-0.0034983704720943833,-0.0001706570803511996,-0.0008407850002916868,0.0007337918116551826,0.0006827207417615345,-9.381713905453736e-05,-0.0003612952932746504,0.003002107180296511,0.00041016938590111266,0.0008235463462955817,-0.024191371987611614,-0.00026459065672119943,-0.00594266124757175,-0.004683897535819173,0.008389601746110415,0.002099697672045907,0.003913679606426762,-9.751454531325857e-05,0.001141506936941288,-0.021479260940049476,1.4824122959381913e-06,-0.00014854681982798127,0.0028255153769514516,0.001208535674310262,-0.0045753008392820215,0.000747363437468002,-0.00044524653581069524,0.0009744700521033216,0.0002730556752263795,-0.0006537904857040868
57,0.017234000128965598,-0.0049401432828775835,0.0009199291435701036,0.0030337733982186456,-0.0005333993227667425,-0.02616424134262169,-0.0001158877429677796,0.0012355379013736095,0.00026171286833984175,5.985888366639991e-05,-0.034450177659258355,0.02959321073301079,-0.003057233879828678,0.0011068594911910652,0.007277302059219938,0.0025168233020555764,-0.0001169265305679297,-0.0045866387353788885,-0.010528140188319698,-0.0001680326256248446,0.000274462671050163,-0.011624068303589113,-0.011560705269727575,-0.00016716606168347067,0.007958971631275402,-0.007352728639161166,-0.007644251600754442,0.04110137787251633,-0.0049733112063289585,-0.003030180835514416,0.02559113066124627,0.01401435296349877,0.012462041778062281,-0.004472801390041465,-0.5152187317153261,0.0013463172718212579,0.10253162101015383,-0.005316049087920001,-0.0372729748330506,0.0200053567466795,-9.709189720235288e-05,-0.013266221965555896,-0.0016675055376482617,0.0012427136944685316,-0.00502882534622336,0.031012025079507663,-0.004175696280613373,-0.019506920153282217,8.485999230961226e-05,0.00016570117886037256,0.01077589660060558,0.04245817563077452,0.00019162016578344945,-0.0007893330630910668,-0.0007530631687112073,0.009244486506841603,-0.0007924097669620017,-0.10008195730871168,-0.014389131891066895,-0.000893484006213462,-0.1035136940228027,0.004697023103280403,0.0016121811233498627,0.01029399658720539,0.003967011962773704,-0.015003292334484388,-0.00029638901052211745,0.000995041611430228,0.0028670226534505054,0.0005125273066864376,0.005099713628804883,0.0028917959758754303,-0.0009662269048294554,-0.00024661435100137405,0.004786363951242977,-0.0057806620568098925,2.737185335870834e-07,-0.005014324546621179,-0.00011000115010869195,0.0049151017173401325,0.8160523125873324,-0.00227168858049363,-0.00155583555825006,0.0019012691079653887,0.0039070548697324615,-0.0019140525741734753,-0.0653746844208144,0.010802705240075584,0.001215977595007415,-0.0010376239152309003,0.00328570666046164,-0.02107145207998728,0.00379275271255697,-0.1403211207921726,0.01271499960750477,-0.0004598126593316767,0.003400811598683341,-0.0003248505119274564,0.0029046446101089747,-0.0013655443075108126
58,-0.04865977670954848,-0.0003563500103298256,0.0018039826131487843,0.001130911076923518,-0.0016528260218095373,0.09480602954795357,7.653822314498959e-05,-0.003270053620716279,-0.000830785094777825,-0.0019452323576714947,0.0843239371173265,-0.45748263918629883,0.000921222948035684,-0.0003207940828642841,-0.03054875319645544,-0.02048717016449079,0.00017647214393008703,-0.0006056058060392639,-0.002422930599163691,-0.00036718769646479354,0.00029245990629334084,0.04082873334562212,-0.003801731546869185,-8.315600256267319e-05,0.1594282414519675,0.0161531338778988,0.033732712911776715,-0.10671950904921013,0.08176659138927476,-0.002494025895691784,-0.044512295952913596,-0.06372302561934592,0.005439473403221643,0.0009290179434536792,-0.11346428835088894,-0.0018070859478099138,-0.3325957904485094,0.024308769745865176,0.10281291076805357,-0.0802735682806826,0.00010330743901727085,0.05552673643036669,0.002659047602503545,-0.0006603508495203973,0.0342952303800546,-0.02742314946770293,-0.0031529119180221613,-0.003648204491874515,-0.0005607084128714628,-0.004627751235081065,-0.021068740404103337,-0.002909256961990062,0.00023725976318311054,8.068164058119831e-05,-0.0034246314397453647,-0.04809852435896761,0.00024294523641594373,0.4354835865176543,-0.002410861720961139,0.000688565843457843,-0.008063953173809904,-0.0009786638437745132,-0.0009274433508789925,-0.03685671201715772,-0.011050742950016243,0.051854738531392316,0.0002593314535144029,-0.0014785325421835228,0.0034350765565897287,0.0013821565900228178,-0.031077584572915866,-6.834138704705974e-05,0.0011291962962000522,-0.00023116775733019596,-0.01213857229337055,0.021464060918248963,0.00011855712329606784,0.012512222836340075,0.0011894586648265558,-0.005610212880011321,0.17406598472717888,-0.006193736155174014,0.0006278765302215224,-0.0019368599560204095,-0.01241498902491273,0.002557938562126482,0.37088411986444525,-0.02799999260074261,-0.003110620235561703,-0.0020135675940314503,-0.014817956885831682,-0.005684508620065327,-0.006472985302349743,0.44069496043972795,-0.09982244759407458,0.001796167488813838,-0.013759815451842582,0.0036451870197014825,-0.005872981156659185,-0.005488805833238329
59,0.07719311555100353,-0.00023626988335972987,-0.001400165170356349,-0.0011395153313434325,-0.0007966598652289596,0.16211014583195832,-0.0015088125300670718,-0.005498855861243379,-0.0003962157063201882,0.0005210722510107513,0.29603995123948673,-0.07337037617002623,-0.013321480674277075,0.0013659283423239355,-0.005108566128668161,0.013676188525855539,-0.0008178971265950172,0.0005518699995110544,0.00018720804743099177,-0.0033384888462938984,-0.000367721291577805,0.1025820462929197,0.000130727941394748,-0.0006869893489296897,-0.16427199921362223,0.026910827251108597,0.019535293624483047,-0.20950812369789587,-0.047340279300932556,-0.0038513272577273775,0.0841629103935582,0.06249390917422239,0.01688139291116283,0.007619082030412283,0.015382466137272214,-0.0008847314081485563,0.6226765342133154,-0.014126573340767626,0.374857873486766,-0.016993171048984825,-0.00028592336441464125,0.09927361374587106,0.011175145878147325,-0.00045879709706856493,-0.021611314117039662,-0.049343983985224764,0.0034557065624683673,-0.0002338690285995492,0.004081235497961449,0.005644127125537779,0.0326776429904074,-0.0015301328522475594,-0.000349290458261875,-9.463980432672381e-05,-0.002741667624854914,-0.16671095704968938,0.00018662860576074136,0.09866265641390672,0.00040238784610398303,0.0015562801291436799,-0.01966275895481487,0.0029431446736570763,-0.0008121686157983796,-0.07197664707264374,-0.019837349015550336,0.11969263608408108,-0.0006486306135956147,0.0020994633137720424,0.01135471096196717,-0.0018092814344521013,-0.04801315821782,0.00043819435613267786,-0.0029632021031626484,-0.0007997746145154139,0.008179391054331717,-0.023543318598352944,0.00013256021472717212,0.03551147528183115,0.0012480120528812755,0.004846254666165839,-0.009948199391960063,-0.011355461279201867,0.0011596597743308013,-0.00564043432890763,-0.03885425414878216,0.009687698246305186,0.3471914470367503,-0.09440605116193683,-0.0026013412634250353,-0.006157503897509544,-0.0010905808154561651,0.0015868758066393662,-0.011618617104132773,-0.20286870637588938,-0.014100754123737451,-0.0012360451341967386,0.009774322990009895,0.0003797412469700393,-0.007418455810971633,-0.003961883453263097
60,0.08508554902660126,0.006623358560723769,-0.0003049599153708629,-0.0005792030141128848,0.00047613895679186197,-0.10400295592192407,0.0013377927545151352,0.0007933345370098599,-0.0005779178057625095,0.006093347557385692,-0.2969746637260455,-0.3649644041242034,-0.052182344023387006,0.006173899609527786,-0.01164404731203375,0.0025485812219888833,-0.0004437486529946244,0.0008894705611535384,0.00029472246586007694,0.00212064910088354,-4.524858771894763e-05,-0.10534795580049297,0.0012529147046343248,0.0007259873058192267,-0.14234191694665874,-0.019549001429074477,-0.0037712552467483056,0.22530682626036208,0.02355288158160629,0.0025199580822173814,0.08818989656924173,0.04634996099809744,0.015211146453939166,-0.006119022949475414,0.03138107586232348,0.0026898456191877806,0.5700276776456039,-0.0002854572812258094,-0.3937117421359255,-0.030866928406115254,-0.00021241125696851854,-0.09428029673514604,-0.011249857202416369,0.0022213937738815095,-0.008605933644786401,0.039221831314744306,0.0016216179197972788,0.0006432483794886704,0.0055109651109911464,-0.000267770844790011,0.03252895212363924,-0.014585899718728201,0.0008769292749335744,-0.0012280671667365406,-0.0006073217496503792,0.1673930297643441,0.00013716937791111855,0.20937006168370922,0.0035682436385949525,-0.0021014009690104793,0.0005139552305478308,0.003556073158616918,0.0016712662446713156,0.03310288278118313,0.010737945547872154,-0.10284071556378593,0.001665852725189848,0.003545900872231042,-0.012701496005421833,-0.0023503544867786545,0.035094498638655464,-0.0002715241633793053,-0.0010453848624064766,0.00035492184737647217,0.022953864175346853,-0.018679738471678822,-5.2360167299203564e-05,-0.036676334457400914,0.0002842478146534294,0.002537776948562026,-0.0312807560678916,-0.00018307326352137027,-0.0013907469429370947,0.004639578506498173,0.015776050064745556,-0.010240134234227394,-0.0494532639941399,0.09389142743399055,0.003852537844827149,0.005319265614854643,-0.003707751032701316,0.003086852001569638,0.01787088133502378,0.2538787680990239,-0.07499242708773551,0.0004897339677500051,0.004834560732021584,0.0024375006099645324,0.0036431968967004097,0.0036009778397668515
61,-0.014398216255883816,0.0003403506783314081,-0.001605464054547456,-4.216574990461783e-05,0.00460539376962587,0.08323823608108198,0.0014208150052140763,-0.00034926328430140256,9.090028277698899e-05,0.0005440670744361158,-0.2738000907940174,0.24149381199914682,-0.015986494388333772,-0.0010031851109208248,-0.01029002886488432,0.006158517183514943,0.00017312486465571354,-0.0005936023194630792,0.00035092745845501875,-0.003294796057649419,0.000418099454237153,-0.04533601212761258,-0.0014919518631824104,0.0006339048117610718,0.0105929270929347,0.0005233170103849987,0.030051605721086182,0.0208406838779747,-0.018495593440853685,0.003944241105409554,-0.02090568904814354,0.006029907034454855,0.014306443731970086,-0.0014752373099344161,0.004383731225980847,-0.0006494017259170595,-0.1181516030753622,-0.0046402555826029045,-0.3636344402000705,-0.027620138624367192,8.435587614754811e-05,0.026942290646459834,-0.012009165118898981,0.0010370686268594883,-0.006998632658304635,0.043038157024894205,-0.0012394632325125454,0.0006186952194062532,0.00030026075223155493,-0.0019236177283541325,-0.005628906439875861,0.011273565599552969,0.000639626498670165,0.00029844412305229245,-0.0017025358470432513,0.11735583361732706,-1.9546375145521044e-05,0.2574692841523119,0.0019470470879493363,-4.216709375254988e-05,0.0092087124055646,-0.0006658164504246807,0.0011321666022520577,-0.013559064680571694,-0.002272988354205724,-0.039954610263637856,-0.0002162200085065076,-0.00048038436145387935,-0.015406327642687383,0.00016911886888678002,0.003982166130169806,0.00011150783523202119,0.0004560634266962159,0.0007000665035122172,-0.0007614514080088643,-0.00029850255873015846,-1.9799423090008372e-06,-0.026031103741211325,3.250548380530349e-05,9.003907070280481e-05,-0.01899861755535362,-0.013241975273864826,-0.0018056594738108805,0.004556999876605942,0.011982823192655975,-0.009221660331416939,0.6309235437652214,0.0757778590764066,0.0019386488023224336,0.006796888896765203,0.0025385488938100328,0.0007352953816541496,0.002197817061616463,-0.46289250968615114,0.05320704020677753,0.00016298859426731307,0.0042643380391721025,-0.0015278772652341486,-0.0024520344888191445,-0.0021152383657043654
62,0.0031688054097460485,-0.002726788896875396,0.00043801289062267586,-3.393569891522292e-05,0.0020266766126166543,-0.10479733487201306,-0.0013174385956094012,0.0003513564137601155,0.0002974914193493985,-0.015038622214824986,0.25578628925370445,0.05761377974514534,-0.4991491117739826,0.0032228222970072697,-0.007417370442017564,0.02271730906836912,9.846716073583749e-05,-0.000295403274925413,-0.00013100515808383076,0.00044200764034430483,-0.0002973361490308593,-0.047476383732850354,0.00036570786184313207,-0.0006551676615080548,0.004233733961878441,0.006568710543430134,-0.00653118128333918,0.6674937861527259,-0.010333760190945264,-0.0023178297644161523,0.02634029266305132,-0.0025359930690798775,0.003098901156438648,0.0014512703911981376,-0.0017690134995319573,-0.0008310456546288328,-0.0739514272440345,0.001393394140872646,0.1868183679790336,-0.015999099608938392,2.0517117468393797e-05,-0.18046095536692425,0.019776390452539424,-0.0010220423113485857,-0.0005538194698484211,-0.017839031155568664,0.0008078111831903959,-0.0001899690930664711,-0.0009298122345769572,0.0006081060071835296,0.0020481564039251526,0.00722974520113616,-0.0006901178421116483,0.0007129270917452524,0.0008529328716456036,-0.05695785904590046,4.405374787888605e-05,0.2817748332689736,-0.0007356230638199174,-0.0020393091814367805,0.022245144589096856,-0.00025902361567410603,-0.00025347577270657534,-0.182156142753783,0.020562073691874915,0.023680110583366706,-0.0005795745013035168,0.0012623189428294206,0.017417287412611435,0.000123492711667934,0.0022974622270750915,-0.0005506336524701713,-0.00039043911851450314,-3.339293826815082e-06,0.028076045475871576,-0.0007066070005071756,-7.690782596457557e-06,0.022040997111488898,-0.00021060708320892046,0.0037754937398276345,-0.004257520589331959,0.0013312373476677894,-0.00010779076114182662,-0.004029351529553733,-0.04193531732153978,0.007446935020701576,-0.03919327220852632,-0.038230217568089996,-0.0032012748602823562,-0.001897642515759826,0.0033369384327359836,0.003952192870214368,0.054346388719707,-0.14324001086376018,0.013764206295729392,0.010819096810285521,0.0032268366835959544,-0.0005967458982959659,0.0016261400568711865,0.002480035327591886
63,-0.007213238098951764,0.0027013599560611057,0.0007229503754136897,5.567399400276986e-05,0.0045958958064238045,-0.09089706787734521,-0.0005822522620596926,-0.001567821262692868,0.00022229036018265886,0.0026269644967965005,-0.06757209843904322,0.0940674831280254,0.21692510586255556,-0.0028825137527970814,-0.019209824319130795,-0.002746861581650541,3.1365729698145436e-05,4.746391631626633e-05,-0.00031478505456801996,0.002556679638323735,-1.1590345321305096e-05,0.006670687027289353,0.00030564292002932796,3.689347472885917e-05,-0.002281868711587344,-0.009045120662684617,-0.014430967952204936,-0.23035438176425302,-0.010397837037212958,0.000513322886186887,-0.015570364801864451,0.008275835685359247,0.012023898218220273,0.0018560797874947962,-0.005241888699009064,0.00014697563330442337,0.0015448352174361121,-0.0005553664242488789,0.11047162599782778,-0.03388297075828038,3.598142558222661e-06,0.006817704526865255,-0.008019690677538717,-0.0005059127192282896,-0.0018098127612059395,0.0106030434696853,-0.0010424930148102726,-0.00013912183839503555,-0.0008593614760832244,0.0029129944392089647,-0.005318498347430044,0.004412350660629285,-6.849676873656174e-05,0.0005314475917569533,0.0030607278633191584,-0.019816697691586893,-0.00012437755058752886,0.7380231373490133,-0.002519927712856774,0.0020949374058973256,-0.008673907155585029,-0.001104868428341215,-0.0001776137025638891,0.10414181720478355,0.00044246791243521776,-0.030128995134868247,0.00031511253147162993,-0.0004126537579821083,-0.002567191975052815,-0.0002838063350035574,0.009735345220788845,0.00026041228910271205,6.780854150588433e-05,0.0002770951151547102,-0.012122849723115406,-0.0025322753727181208,-0.00010976149605344127,-0.010340507401276839,-0.00060832450470958,0.012601882860315168,0.007332835292696488,0.009354478517651935,0.0001632547923009972,0.0010730614639183436,0.006570288528071514,-0.0007879532409294494,-0.47879391047009767,0.0014006365374186975,0.0021671364780558883,-0.0020412875235062784,0.010827978008098047,-0.0023927667143653023,-0.01941974853704946,-0.2751078204155917,0.0007352705583573912,-0.0065009538106137145,0.0025218366595811236,-0.0012149929228032928,0.004957348459121438,0.002006571212149453
64,-0.006717276571274612,-0.0041080493970984365,-0.0009016163464982178,9.459967078191559e-05,-0.0002709703983872092,0.022783306407682117,0.0014277135729783316,-0.004177159031153243,-0.00017913196155677465,0.00023422000076354314,0.7425107312023218,0.013571842034027577,0.08989995669179894,0.0010878621044010175,-0.0007207161272485933,-0.007209898089994488,-0.00020097233926407733,-9.063536602689666e-05,-0.0001791528448638821,-0.0008097045864475724,-0.0003992564319890701,0.031353217646843616,0.00020568985399250107,-0.0011680967130352007,0.008654119514813485,0.0011414152640327538,-0.0034176942842285988,-0.07873636749275266,0.004607463806626327,0.0003067227846960674,0.0018579224552637275,-0.0005460214737348645,0.004407736517289873,-0.0014903126503985602,-0.0020186618920934145,-0.0001598977838054988,0.004923788262906237,-0.0012765220436197627,-0.6307645144997596,-0.0020043797136363346,6.470810897576604e-05,-0.05323917987862035,0.049202838216180184,0.0001955593667704314,-0.00085811020901011,-0.002484056066988467,0.00048317300850680804,0.00017794648336216237,-0.0008955466360416444,-0.0019161657046273986,-0.0037092312756062708,-0.009265610823046394,-0.0003341599544040563,-0.0003545677157863192,0.00025063871702628304,0.02567317362939192,0.0004933270690898224,0.05982845078332252,0.0004283548368561956,-0.0011061393386475734,0.0004269134592351102,-0.0006339384265016401,-0.0008050857498463904,0.05099180679938425,0.004465662620654936,0.07192740373648163,-0.0013314779399023723,4.3985423563364795e-05,0.019817770213234918,-0.0005273306726579254,0.006072030884788148,-0.00024957067276483967,-0.0011838408061657464,-0.00010996471689365961,-0.0035289883978570635,-0.0004434085227620066,-0.0001978800309030554,0.07042703959664241,4.883497664295855e-06,-0.0013622221323249945,0.005759024204323889,0.00017092271811245535,-0.0012481871133647043,-0.006748967375092733,-0.0006425393026598218,0.010213782391183283,-0.06436083519455821,-0.07818664512069644,-8.842491063471361e-05,0.014089200510788795,0.0007220866195746666,0.00022125497647845522,-0.0035160118922404537,-0.02403634035028515,-0.021891568343786253,0.002958958628230597,0.0005031032960796013,0.0005240704604752133,0.0031221080782839264,0.0012378545043532294
65,0.015125096595542101,-0.025612470809847552,-0.0012259491837682528,0.00034267539433787287,-0.001474330829139575,0.022993523316221436,0.0003633413102174653,0.027751511740862593,-0.0004035642146471086,-0.003541600095993004,-0.018395464383845955,-0.0035314144301965833,0.010303425005185477,0.06349912099928694,0.00023548879756249246,0.017516267744369242,0.0004635429551056316,0.0012990698755061321,-0.00010516294878329044,-0.00019253770523596555,1.3621850342582925e-06,0.011087243614218718,0.0030444599333710595,5.283951425037042e-05,-0.08141014438170556,0.00046282187213408986,-0.0035840641113489544,-0.03361896281766071,-0.018074699495579844,-0.01175973455895141,0.9624665791756482,0.010941350815606451,-0.001067241063740701,-0.0021885481857680297,0.02732347574971512,0.00020620942037485185,-0.17634899430061396,-0.011324930925433595,-0.010054198178987232,-0.0002582027386299761,0.00017386575757543515,0.020653225231368543,0.003577806637947078,-0.0011198902466264642,-0.038931872666006215,0.008510769174218641,-0.000417164609962657,0.00013258783213714997,0.00017529098579717892,-0.005291855426943,0.06109896083406288,-0.04444147464914922,0.00013603463603635568,-0.00023903861428500178,-0.000656503421158596,0.0006644228640844151,0.00021729921573899504,0.0020185747375539792,-0.006712992705751572,0.0013312766919201275,-0.11640806961463837,0.000868522905002278,-1.3199555503278122e-05,-0.011264159581918724,0.0013874800359394868,0.024369769576421074,-0.0003526864735823171,0.0004321697070770443,0.0008844931651235219,-0.0007897341585939267,-0.0018271232826531283,-0.0010470113576243215,0.00024160196373527922,0.0004829351521102726,0.0028934144582169682,-0.01746345242283533,5.9595101333100725e-05,0.0042831933429106975,-0.00019860981005683127,0.00272677040698399,-0.0037052452112698525,-0.0011464137353254258,-3.512716984844892e-05,0.0005895713920472992,0.002942317177577366,0.0005136432523811113,-0.012109240660967592,-0.0006598756597423616,-0.0019799676366480078,-0.00021575392780102986,-0.00030260915710710967,0.0034542975107149433,0.015217048685144527,-0.006708632136299837,-0.055178492359563736,0.0025854257159438955,0.011482909997008014,-0.0018705956058287971,0.0018762569830197712,-0.00019804771116405605
66,0.02095817031617762,-0.0016205010595032182,-0.0028011461268798027,-0.0024576702472921073,-0.0011434764323655887,0.013905285723001717,0.00010766966421079847,0.034320444646205144,-0.00044461709900580574,0.0013826473088459409,0.007991955159283873,-0.13864146878214503,0.00171993955195026,0.03158529655676588,0.0001221226820792183,0.005109908256705006,-0.000298939881807468,-0.019317676852650977,-0.0026013285462149443,0.0003382929840335478,0.00022378467803835234,0.007886987717306941,-0.00558737887695618,-0.00014213115605769128,-0.08352885661382625,-0.00028283382501534176,0.0034971154718421373,-0.024892675413290516,0.003917163730024764,-0.0014583071079735492,0.1021851493350828,-0.004536168557818947,-0.028234093288911345,0.0006676870691136602,-0.1783605962833098,0.001564173642540724,-0.029089006367855136,-0.0017703331761438502,-0.017693923036019747,0.00016616508565649255,0.00012876215966017499,0.0354355553183015,0.004587417137920294,6.073892499958004e-05,-0.010921574581287008,-0.002604670016196474,0.02201190199793298,-0.0014831125596351871,-0.005972021939029671,0.004774293821897599,0.021919463762074674,0.6321688274442903,0.00011057518107474712,0.00010891179990370203,0.0019982518462263116,0.0002918518231466745,0.00020585175949702599,0.005321938887641549,0.043521066724844154,-0.00017871529722613425,0.4959489247198666,-0.0029378851765963047,-0.0027891983754844696,-0.01827784732569307,0.003123100466206015,0.0049171618796308965,-0.0018207184374561562,0.0004520989708802219,-0.00028529600983964807,-0.00245112680584961,0.00039306002385006665,-0.008282089490236793,-0.003028639788095405,-0.00023667764904551376,0.004063536235805458,-0.0007935444317757334,1.8735278205919866e-05,-4.219636098736972e-05,0.0001594685811841766,0.003448008584783807,-0.0821726833573264,-0.0018004809888128356,-0.0013849599382918867,-0.0009090926356721765,0.006836252227797691,0.0007203615802710847,-0.022587074709043045,-0.007058492753997797,0.00020620189029293794,0.00012120253598859579,0.000321317474538754,0.05465777795444599,-0.0006674863517243143,-0.00376738105200846,0.5136745526993414,-0.0005547298011839208,0.027942278322679592,-0.006487710137880262,0.0006638647429763889,-0.0028566184295616996
67,0.025451197962753642,0.0015757222332521484,-0.0032314261761162057,5.990548658071221e-06,-0.0040246422552011,0.28159345223554366,0.0003251130510259865,0.031039322780679356,-0.0005422298324242103,0.01177760145270141,-0.08499607795039754,-0.14140826582076327,-0.1543454454108849,-0.0180294412465405,-0.000860967522639814,0.02558057123881083,-0.0001404590615030868,0.0018880160255858218,0.0033417474418533273,-0.0037612501219727312,-0.00017954119988587702,0.11923865191428933,-0.0003965025080803911,-0.0004519016947629739,0.0072775604804000416,0.012282352598177757,0.008716446391954543,0.018093336536385004,-0.0029743177812084423,-0.002039219557703584,-0.07005131532589716,0.01127134313867073,-0.015858885473221812,0.0008362266719930886,0.14259934532017904,0.0009181965837084527,-0.018655160867631554,-0.003978977584789602,-0.11733382198255944,0.001961793368155232,6.624383528391897e-05,0.2470951002073347,-0.0007304167341412762,7.817965507136287e-06,-0.0054757751944724195,-0.0028200008754658695,-0.0029229003782331574,-0.0005251619200520557,-0.00442820949650366,-0.002711724434274799,0.013931869064463528,-0.04239332414803082,0.0002780297942755368,-0.00025961388865820834,0.0003743742710366829,0.007797766143231554,0.00024543498864322555,0.032188510813395646,-0.04173850129100434,-0.00108490553432146,-0.5557350523303577,0.0002899722877610922,0.0005020530503238307,-0.1540767302145023,0.011910447951271736,0.22182255284508476,-0.002886603997762643,0.002044660618796691,-0.0010447375579184007,0.002426004578001079,-0.013204445065659643,0.002401864275412762,-0.001307151186098256,-0.00010140513421369457,0.008535043888811919,0.0012169704679226567,0.0002379815061188048,0.02245600121695709,0.0001895382258513545,0.0037375778413336197,0.02051442239881722,-0.0016455119497377074,0.000995467858618794,-0.001624867511130812,0.1016747213256009,-0.0008920061080853504,-0.15113435758182678,-0.013679299323583522,0.0029908707455787373,0.002286539675698602,0.002483402418722167,-0.012927788265749333,0.013153652906345317,-0.011440620224426412,0.5733763473613758,0.010345933478529894,0.019440438034547543,-0.005471678158534143,-0.003558103460696479,-0.0044580981098725735
68,-0.006463512518134068,-0.00813355316299913,0.0008517681572258779,0.00040704403436840793,-0.0017068734386460414,0.4394082642479906,0.0004176681222897221,-0.028048091445264916,-0.0004389231883585511,0.015083270925409495,-0.1629073868287823,0.08595442819862574,-0.21076084293716102,0.009378345100801284,-0.00082055197981281,0.027754268044662894,0.00020604411993772344,0.0010199034181799372,-0.0016082717515002384,-0.004953443608437811,-0.00012903040830036794,0.22778306693786157,-0.001268646431140722,0.0006524205556466267,-0.021728717859905815,0.01816201603682044,0.007384516064546749,0.023944589919557332,-0.007034944090729226,-0.003068618997352177,-0.011378415825827312,-0.005541529962480658,0.008879989111331893,0.001500199235846276,-0.09470417876033398,-0.001010913752138104,0.008790194057545178,-0.0014015807750046294,-0.15293705846477565,0.003201417992245519,-9.549000451668233e-05,0.32303179412283745,0.00028597795282376886,-0.0003624044172845949,0.005297534493163948,0.0016141227434389649,0.0015799953926157618,0.000515278052994312,6.296885364950877e-06,-0.0016471562162195634,-0.009280164608813923,-0.047299042520021026,0.0005914457943441316,-0.0009259984674637456,-0.0009047787160738202,0.004839720440888301,-0.0005366891898885666,0.02850440586006712,0.02546437759993176,-0.0007671962229998173,0.3819563169651536,0.00017261887926351208,-0.00025065731886288883,-0.19749496111099335,0.012740540594655124,0.36631756263251486,0.0011599961046023753,0.002630645848274396,-0.002626320183700084,-0.0010279761506873522,-0.022945172495277444,-0.0006567531000433824,0.0011469853122475105,0.00020836751698283945,-0.00025472103478693664,0.00038396341929830546,6.309304082981887e-05,0.041178445129899724,0.0008381666484497119,0.0007329600387361163,-0.0023489222366977315,0.0024315687444356297,-0.0021540930717946077,-0.002412854438845771,0.13749600910564463,-0.0018281105539959279,-0.21225342255824964,-0.012045674736067703,0.004346211533609885,0.0016934072830083733,0.00020447487029182088,0.0043639529063967475,0.022482493850277556,0.007457362430733518,-0.3815386677301327,0.013199994277020694,-0.017540423470503705,0.0041100432898244655,-0.0031635011538345154,-0.00015903668851014255
69,-0.016420895640124503,-0.0005827726250021183,0.0020967160393785076,-0.0044203406034504684,0.000992407067301697,0.04004340078493586,-2.444715557845022e-05,-0.03488389946938108,0.00023887844655037403,0.00017076976586312062,-0.01618875677369426,0.08520742763480788,-0.01596392352488337,-0.009588855028555117,-0.00017971342027798404,-0.004901556109520734,0.00038390404237213403,-0.021097747257057962,0.0033797821130771124,-0.00031847441394353745,0.00010668921807639037,0.02463716613700275,-0.0040202115650009775,0.0002239608205481889,0.05624410718908908,0.0022006817117960703,0.0014489611975169563,0.01853261653199886,-0.007310999530197848,0.0011812871554637522,-0.03695475072825443,-0.005192448091837056,0.0008069902491091322,-0.0006116749565894493,0.06819622779011689,0.0011382465244109997,0.01924956115250792,0.0011654438088007854,-0.011789740298117782,-0.000506485085206953,-0.00011501461928978014,-0.003879277437343711,-0.0035518657470966614,-0.0007190753563262938,0.007293944126491113,-0.0027394824447890755,0.030004593695861722,-0.003106558519681667,0.005160383739103734,0.009885655978245018,-0.021320366316278663,0.7560359873000596,0.0001490872405864722,-0.00020358661116370858,-0.0012494241643100376,0.0018023401016869062,3.15851900874551e-05,-0.0021753675835535988,-0.022681643945550944,-0.00037522181878432514,-0.4588494571814956,0.003484562241453437,0.0027525910947784824,-0.0036828615997718333,-0.004226925104514244,0.031360197880503635,0.0011316763676437,0.0008834904588204051,-0.0011122981139513402,0.00022955490076076446,-0.0016949567389672009,-0.006783230735559257,0.0021586120570494176,0.0001969717558547889,-0.0034923516257092235,-0.00022284763152099173,-0.0001095889793060658,0.001552482921386603,5.990153545513965e-06,-0.002035164965559807,-0.048903636996086526,0.00205315887850657,0.0010547359870108398,0.00046045120459142145,0.0022987982500867637,-0.00037314577412942313,-0.008189959505947276,0.003117070339167741,-0.00018251391934683177,0.0007656936847614519,-0.001185221637286901,0.05224066643477645,0.0034456886708005047,0.01614174145083182,-0.4320434504776037,-0.0003280174879469089,-0.01675050611125408,0.0032942911587683123,0.0004456328824766105,0.0020654231300171987
70,0.024267897512190495,0.006030188738192263,0.0011003269741574504,4.9129124457931994e-05,0.0024396123887976016,-0.060533334205217074,-0.0003668343820147279,-0.004467265725089304,0.0006233314869497257,0.0714020334709801,0.15287199714846195,0.005879912726702099,-0.26777853844550553,0.0010780260115798752,0.0013475619375914807,-0.013070796219327451,-0.00019439391749849055,-0.00022605192961500618,-3.685822442599414e-05,0.005621496800340714,0.0003903224824938732,-0.2369382053046436,0.0019449658658701042,-0.0002683090915182873,-0.01487400336883403,-0.0011117619590474258,-0.001333167427458001,-0.10322107088103276,0.00795105514491119,0.00453002591006732,0.0033883207005032646,0.004538084259891538,0.0031564463479767137,-0.0015056934488762567,9.17749477488336e-06,0.007188675133025298,-0.005305870688750276,-0.004709819831696467,0.020521883097891273,0.000508278867083635,-5.1549404248125985e-05,0.5214561845512589,-0.015572253922008767,0.00023839491117258384,0.001460881319306502,0.0010411141412189817,-0.0026221908421595504,-0.00030128561671194094,0.0014470249796233875,0.008657459679097037,0.012521941365622416,0.008295038969263119,-0.00015836914965025595,0.00011464857468802825,0.00048840899476435,0.00829632343023548,-0.00016780512567745806,0.009712643154897567,0.001904474346717055,0.003355760989705316,0.0041551083174988426,-0.0003932501281829204,-0.00014177049938703112,-0.01563408016199288,0.025135383232108968,-0.5625909726975289,-0.0007536221230585722,0.005191038056826451,-0.011282139406479475,0.0008917411477045553,0.009201111717526867,0.00022981238903835863,-6.381458184145667e-05,-6.161302237513155e-05,0.007239236208754583,0.0006466434253948883,-0.00012966251736302482,-0.07572675379762002,-0.0005137383280038911,0.0013891730809845668,0.0012108609371061924,0.0013154881596431599,0.00025147344263527077,0.006574512013460501,0.47539765139825496,-0.004125542894646152,-0.015001589319084017,0.03887506429206484,0.01927200996899794,-0.002752378092449692,-0.002188767246194292,0.00019621884703329654,0.0018113137166636418,-0.0028216442007781184,-0.055304654570209194,0.01505287027846065,-0.0013512263157700738,-0.000998972090334111,0.0007116226841647113,0.005142105293950347
71,0.039399107757952315,-0.00028978784588054585,0.004390718254873164,-0.0002014160746717248,-3.0200485315079115e-05,0.16137306549209715,0.00022464560663455237,0.011374374669958477,-0.00037515823085313425,0.0450124493250594,0.010700410974660715,-0.0014066953483488562,-0.06654700937650784,-0.0007824208187751994,0.0002252492903146372,0.014592954991419552,0.00010714553833839416,-0.0001411569024989312,-4.8159229852713994e-05,-0.005358808498263696,-0.00034102940052247767,-0.7963773773419794,-0.0018574573627144107,-0.00036165340675447383,-0.003230473077161202,-0.020799088086448137,0.0017803869253551438,-0.055134915290552006,-0.0003053303626013989,-0.004508638033430861,-0.00428905645529578,-0.007895988433095642,2.3384164126976324e-05,-0.0006217510317546098,-0.003349801453402578,0.008998691516382822,-0.009690125263286463,0.0021488792714436985,0.06364787056103184,0.0012039054546453642,-0.0001245558944940675,-0.08682868930255817,0.021551226195484482,-0.001237173820051839,-0.001665981080490994,-0.015035808599458656,0.004712328874904916,8.293333116282478e-05,0.0018746262015067808,0.004933098678227936,0.013079968075699305,0.005519601883411526,0.0012381470661851426,-0.00017566132461506456,-0.0012002377616287425,-0.005481818267558918,0.00015632281481966527,-0.003204106494942959,0.0042534576886234035,0.0003096497577750803,0.007335839818258087,0.001331427910762485,0.0027988523440513587,0.2800075214721759,-0.016447909279424078,0.436181051146588,-0.000894651476154959,0.006475045833766567,0.03118376270690889,-0.0015338273825748787,0.0065401735517240205,-0.0006783908929914956,-0.00047147107740471155,-7.479023772505311e-05,0.004511692800614149,-0.000990150512464781,9.318859514844974e-05,0.07944090236450115,0.0004931930926021233,-0.0016764906489778846,0.0004834426903850778,0.0033647483673103704,-0.0005298023342323296,-0.006594994636453981,0.1915716913697103,0.007370769685728065,-0.001673437591122832,0.02297586094529193,0.018705010849751836,-0.0012726110238503376,-0.0010861902161367482,0.0038068299957958202,-0.02449689276474616,-0.004370092700313061,-0.003416646407877177,-8.765309876754409e-05,0.005243223120443236,-0.0010000098453503263,-0.0009292180405426351,0.009463770341914332
72,0.023462902474991443,-0.0033837258207167417,-9.614989076870122e-05,6.06505774068157e-05,-0.0015872231065598187,-0.7265347249695271,0.00023036142883723146,-0.0009383183216878487,3.6217071647171766e-05,0.03859553416153287,-0.05208552546080563,0.00190160295629291,-0.15974615954242327,0.002241480091945032,0.0016585638802695361,0.014370901511328854,0.00021905256327531784,-0.00015441297725350168,0.00033834539827887894,-0.001336516303199,-0.00033694108027806924,0.22532035795468533,-0.0019184584133590758,-0.0001375984335422742,-0.011373975268052824,-0.00477288862386481,-0.006563819748565302,-0.13673102483542107,-0.004175283804860916,-0.004376676524825988,-0.0063757788485502565,0.002414612260444088,0.0008318508754039493,-0.00032889490348931953,0.0013644504832564554,0.006064126502550074,0.0011333819626678648,-0.002348497047893097,-0.03392927565393545,-0.0024309222313587025,0.00019371227527952006,0.10426610083617463,0.020905537422338066,-0.0003488743347178358,0.0015132777881357862,0.0022708247134636777,0.0014260525902763078,-0.00010868719717067096,-0.00014225566647790844,0.00596709365372141,0.010316324952701711,0.006228279333768973,-9.878844532916486e-05,0.0007010726252534849,0.002129992955169961,-0.004079769272911919,0.00019682920594006354,-0.010959246541058808,-0.002285047247390085,-0.0007684764314714557,-0.006694374581675518,-0.00020311167661222346,-0.0011019013918941445,0.04354537708019652,0.031014881195693563,0.4599245510774461,-0.0013604034212148057,0.004211192480765917,0.022094315143634424,-7.064253993351033e-05,0.005228306703735301,-0.0001476003418139707,-0.0008966575698958648,2.8140895785393194e-06,-0.0013908422054864922,-0.0004922466831444455,-3.668312343484137e-05,0.07062419165992337,-0.00023391189534077705,-0.0014420156180809003,-0.003302267252848063,-0.0019641190310252256,0.00016986889860664926,-0.004843635699450696,0.3573105600150387,0.004217441823438227,0.10216442925398213,-0.022762438516226995,0.013605134293198158,0.0057782469082015495,0.0012782492382661806,-0.00460947519414198,0.0030617290669086496,0.0015026272091516555,-0.003676418494888742,0.010136668780623775,0.004228407662073802,-0.0002725815963184183,-0.0017725321609840666,-0.002867021621507225
73,0.05975302709515961,-0.000980850931707699,-0.0023265046838693883,-0.00011070222076608321,-0.00034098039749417067,0.039803111311248356,-2.1605365182180564e-06,0.9719691725443681,-0.002916225916385507,0.019010766067814985,-0.001349273942663265,0.003301017598826169,-0.055931635226058124,0.009775888442568246,-3.60367594207274e-05,-0.00041279965958433695,4.177742891325713e-05,-0.001020696446594544,-4.411767357945934e-05,-0.0012944912485367312,-0.0006310942634258632,0.06231962703658881,0.0008868386867230489,-0.0004139044675001702,-0.012525803044750816,-0.009626185247381229,-0.0024975729696911945,-0.027368096893800736,0.0011434627689062213,-0.0010129872255020406,-0.042320942989621343,0.019856450157630975,0.000994278173194734,-0.0005815870463586805,0.0004706423083961214,0.0053160081171630125,-0.01409862660558639,-0.0013136030735058177,0.0006693343153029697,-0.0010674042054813135,-0.00013689694460039536,-0.06394791539233959,-0.0012949057351700317,-0.003618531145919505,0.002585252720779793,-0.001517647703146835,-0.0016189467968127152,0.0004368138599567823,-0.007999151679757364,0.11830903519381551,0.09212954410507387,0.003058200837072235,-0.001644321362531856,-6.111421515458959e-05,-0.0010436219592729577,-0.00021728819667709485,0.0001651054194666407,0.0014999535589400913,0.0042306601131396,0.02021027460482998,-0.004459484692101867,0.000751794265892336,-0.00014220206240414535,0.06933605549373328,0.006180918047429497,-0.02183415164954862,-0.0023789985695846783,0.0027542608287252236,-0.005938489503401591,-0.0004389610962568188,-0.003108395895203734,-0.0016043728252462814,-0.0070491575980253,-0.0012869009431658671,0.0015729177806733385,0.0012126572076363862,6.511725705798943e-05,-0.007899594384607578,0.0002716502964786871,0.00039173210402144304,-7.3062407426501e-05,-0.000504930713165784,0.0006629467759923235,0.00048094678388948403,0.03430077781576877,0.004329304905392371,0.0007301512175612312,-0.005895885679023248,0.005749573969020361,0.00015804107892631843,0.0001769017186682327,0.007330242839927421,-0.0006597554514013483,-0.004068506927202746,-0.0648237843049783,0.006215979493203259,0.017345872256872633,-0.026232259494989862,-0.00014996341498973997,-0.0015111776304526162
74,0.08154797436980735,-0.001037698906268536,-0.0022567299483249766,0.0001588253076069586,0.0004923252146939658,0.25925198572179076,-0.00039140315862411235,-0.1458852337676032,0.00036311509522892957,0.09228421294087494,-0.03270835973613593,-0.003125300130971561,-0.3924937987576535,0.001965968056636798,-0.0008351599708904221,-0.0042825338235265645,1.9663588367632018e-05,0.00012954163174477276,-0.00019783675483376392,0.0005186478653126363,0.00016555112578581221,0.3293645388817506,0.0006875052562403121,0.0003729462914258061,-0.0119379784583769,-0.03580819430251575,-0.010461459792858046,-0.19416688438577104,-0.002455328211509282,0.00021823193066988593,0.004857215826088427,0.0024969707332989505,-0.0021000361313806004,0.0012852395331458466,-0.00024626501178810767,0.017685312324453875,-0.019330580982989606,0.002897059859127993,0.01532762087831675,-0.0016536042919553916,-5.995573912731533e-06,-0.482195947305996,-0.016101632688400803,0.0009586117236333146,-0.0007694992350049668,0.003521649815462429,-0.004251367829315686,-0.00019683681757285342,0.0016354979810934422,-0.014391131453705252,0.013004071512199199,-0.005125986413156234,0.00045655418010763504,-5.012027853945611e-05,0.0004654697752178999,-0.0007688910992244369,-2.8943153985654113e-05,0.003088179563408698,-0.006552829532826092,-0.007354068827496678,-0.0016998448042530364,-0.00113648043919189,-0.0005669153218073354,0.4915717058984245,0.03953340862257224,-0.13281885441692706,-0.0003490370384680169,0.008449074160547809,-0.014134657503823535,0.0006804756374970545,-0.010262729229330202,0.0007228646300302742,0.0017306622011241078,0.00047895872097164505,-0.0023402586537383877,0.0016309934716247365,-2.747355765617132e-05,-0.0350247161941664,-0.00015355775238087843,0.0005652647552541468,0.0025445603022998513,-0.0017223010840274125,-0.0002967057811987181,0.0017211644017001144,0.30607682221702537,-0.0005524793240607893,-0.004661475301510763,-0.008693000671730415,0.03279271376688276,-0.0004921920414435743,0.0004383015949326087,-0.0017273797451001958,-0.0025238718728071464,0.00415937529640963,0.037756820335560264,0.014730315300220474,0.012327616981602884,0.002979756508946184,0.0008766228772314271,0.001913134107799466
75,0.037536207073589026,-0.00023477811483271598,-0.0007774986107000133,-3.465126911856263e-06,-0.00023496278175402265,0.08558324259466811,-2.7895644520647793e-05,-0.0008265329762941953,2.839969034403554e-05,-0.00010630977694868265,-0.0011741393412506552,-0.0015427688134886002,0.2984217708038893,0.00015129495803796467,-0.00041836585881177644,0.004526282404116795,0.0002529351689933082,3.7473886108035145e-05,-0.0001893280287831216,0.0006115645327541813,-1.3911969293636806e-05,-0.044082536659299,-0.0006947782165116281,-0.00019520576277728963,-0.014112648651832323,0.05378009289427172,-0.0029243406802975094,-0.02211198137438327,-0.0022605141815869104,0.00022591330425649186,-0.008924382195006204,0.04251453149267302,-0.00011614364201538094,2.0845538155408712e-05,-0.0023292963449137102,0.006299009602085827,-0.008432459199250338,0.001529650126673614,0.02910515690296136,0.0008913056531989587,-9.496326223056711e-05,-0.4479545235279552,0.010051691897579361,-0.00014095227582958288,-0.00022975219898827004,-0.0005774966476074512,-7.083110586269983e-05,0.00022052586233412257,0.000554892785831318,0.024306937433162718,0.01942195968186659,-0.000996991357118492,-0.00014927953440567465,-0.00011994188679560758,-0.0006475890244209068,-0.00453998895572519,0.0002367373876753856,-0.001482822045467379,0.006054177175339143,-0.003659591594685612,0.00022623080302841807,-0.0003918944337015229,0.00033542305985918147,-0.5957385296961861,-0.04063957416932842,-0.03778242956985672,-0.00030309106703661597,0.004731141470899312,0.002687410470584713,-6.356944369194286e-05,-0.0009456289454697585,-0.00020737110307415514,0.0002683916536395624,4.4344077766517165e-05,0.013471043148271081,-0.00023893004305736154,6.769340415201108e-05,0.0036797118416325497,0.0001665406815400429,0.0003854011322907691,0.0019190855165815684,-0.0016800446634151443,-0.00017050799126500787,-0.00044991843705998033,0.5769715682817244,0.0009296040817943307,0.005438380758984587,-0.0012032260546942983,-0.0019746496689511447,0.00036913433178895234,0.0015037658778101932,0.0027605968901978062,0.012477461531541905,0.0006193524374075868,-0.004273566411478209,0.024271552880178245,0.006421367140460125,-0.003559488825762546,0.002686636454512845,-0.0016199155332334335
76,0.903491411603078,0.0007597763935734414,0.0005215803520541226,-0.00012891008815591604,0.0003360887778966898,-0.022136357498622722,0.00013206142117405673,-0.09149628846419541,8.824226437334493e-05,0.0686116549495299,0.007898877235124606,-0.004340518377029819,0.04601672701711168,0.01931838679905492,-8.213635536613584e-05,0.00858685078371299,8.803531942480625e-05,-0.00024143196845336488,-0.00011857474237280969,-0.00022452672875396956,-0.00010259402782118125,0.0017375236853880687,-2.7640239312609876e-06,0.0001912552968287677,-0.0657574377408507,0.004716608523337123,0.0028678110868317766,0.0037828712282109017,-0.0020442751498446,0.0019344890288056082,-0.07291363074352186,0.10046603972390718,0.001301518400626399,0.00011033802714391079,-0.002882049122679097,0.050399832344183465,-0.16434859581145664,0.0013796670370761748,-0.003595098071311736,0.00048352466226772237,0.00010767751764616945,0.04770516152646437,0.00035917000270269854,0.0005346427218846858,0.002202675061028961,-0.0010719706826144181,0.015003512291395838,0.0004126227026034395,3.86827936763659e-05,0.05463310514987024,0.27369612395261445,-0.003042047280587169,-9.526296684946728e-06,0.0001264487483097921,3.8982206479715176e-05,-0.0009217723167980686,0.00015116853697203989,0.0011173693290744164,0.015823561116757943,-0.0001707385194840142,-0.006910396005417948,-0.001116652765139177,-0.0006572014576764276,-0.03809649039524552,-0.014580817997198042,-0.0030581545456481673,-0.0002912394906082143,0.0147273620386973,0.008573551922963041,-0.0004391749851151987,-0.001930815137782444,-0.0019341416486741022,-0.0003129209837898104,0.00010511918030362,0.06719978362151043,0.004156229006780452,-0.00019157116889188613,0.0040736703986679005,0.00023610722626442207,-0.001368532098312794,-0.0007178146216153787,0.0011650955502797763,-0.0008442029862319907,-9.79850099362572e-05,-0.11178349038679748,-0.0003886591616672063,-7.564921947704906e-05,-0.00026165942629529336,0.020250474749342655,-0.0004019208973917504,-0.0010845580854614099,0.02753202398499907,-0.0014647890547286047,-0.0004425319689712508,-0.05562058681740715,0.010647063047177512,0.11813391661491157,-0.007109407159633874,0.00018694231589591256,-0.0015308344117178838
77,-0.05778779789610694,0.0008699801064483079,-0.0010553051464603702,5.145401333677064e-05,0.00013657882126663396,0.0030101521924299495,9.12441723634038e-05,-0.11492833761049759,0.00015984152842641892,-0.006098784910794545,-0.002581572854890599,-0.006661433792760725,-0.006205942527779073,-0.005456292924017557,-0.00020887472410298803,-0.0004491068580939018,-0.0002733877248642339,0.00033779295028742314,0.00012096816748957597,-0.0002647602065336393,-0.0005770634303968512,0.0028087718024174544,-0.0003425370066187384,0.00018008219384036545,0.006510732613144311,-0.0012452898958119157,0.002235397228114533,0.0037479958051768163,-0.001929645453487448,-0.00017242077428803555,0.013052457902653237,0.03057522783260804,0.00036686903429077955,-0.00018827896798991484,0.0006614406309784753,-0.005810615108135707,0.0006855326682639953,-8.131647993218308e-06,-0.005445391716186143,0.0008485537920382463,-0.0001053760075256649,0.005557323647379788,-0.0036841847608642606,-0.002339026497903331,-0.0006533583132090834,0.00035294538824327863,-0.006221665725890263,0.0004730725992108522,-0.006616071169833249,0.9810131929853768,-0.035492349770095875,-0.011120106317430269,-0.00011410756588853092,0.00015084623735539537,-0.0014394855405343628,0.001131636642994368,-0.0003020727313217315,-0.000786417771297382,0.006943739574095961,-0.003504083382685759,0.001830076507200773,0.0008187274637232768,-0.00015960052708321147,0.015411145885205306,-0.00048281582861693173,0.002690821121700702,-0.0011515729920855847,-0.0009838465887015357,0.004451212549560193,-0.0005414867812617876,-0.005690461186636414,-0.00014716401982264768,-0.0014872095237666826,-0.0005963771525117111,-0.007576465970441849,-1.010042721415888e-06,0.00017623602606774147,-0.0008133016588338965,0.0001635225126450507,-0.000754690623536447,0.0019097500942139166,-0.00030736377627219817,-0.0003399615381034053,0.00016524352105200387,-0.01475785583006815,0.0010922830670524336,0.0005732613864553342,0.0007823240718972456,-0.003646468687564161,8.369365580263458e-05,-0.0001015678595507691,-0.00279024392733864,0.005954876871267133,0.0025486185404018477,0.01258499218991187,-0.0029245082493822745,-0.029993233879077576,-0.12786503340922023,0.0003064625731411044,-0.0015521631156929841
78,-0.12528431837678877,-0.00014813105014997718,0.002122166696232405,-0.0019366085999249442,6.107286289081925e-05,-0.0018893630699507464,5.288350637227667e-05,-0.010282953933225428,-0.00017781379668080008,-0.028943082442797887,0.001911678060344469,-0.05759526565498324,-0.01469753493283589,0.008791462300712212,-0.00017857574090884148,0.053478775920581985,2.9915289459673394e-05,-0.00014081103019458746,-0.000558735045289349,-0.0005812332302723257,-7.105752157624164e-05,-0.005210583479472534,-0.0004435876561215558,-0.00019150502615083997,-0.014823501464351348,-0.0028726604180358767,0.01816282183479846,-0.004332429746678959,-0.020959258630440424,-0.0026224748703892985,-0.029323742627739208,0.9723324974562744,-0.002488789832897513,-0.0014152633342071378,-0.008571583797851359,-0.007370539580067198,-0.09399168004515554,-0.02156830161279394,0.0015060630690128078,0.001883974813101922,-7.62302382179697e-06,0.010369112974772741,-0.0059910236753900935,-0.0015509529586828076,-0.007928531741191486,-0.00035751994017583914,0.043551067365321945,0.00042118265468043354,0.002278414756585267,-0.040046671493563814,-0.02346033814292485,0.001435296355436659,0.00014326649794509615,-0.0008516701837035096,0.0005326100757417707,-0.004158881757674964,0.00012474594710143623,-0.004592409764697935,0.10724645969515599,-0.002392498484892998,-0.00030987985549573663,-0.0009771372432369552,-5.678727040110687e-05,0.03133972580027332,0.0041620764184247695,0.0024644975621248718,0.00040427374521246695,-7.83262864846564e-05,0.03659813937569508,-0.0004650490410550473,-0.0012589240616635742,-0.002924705640069001,-0.0008488407911572684,0.0002884667206430741,-0.0010149369560032775,-0.016953284869212132,-0.00011646052733745894,0.003079879132778574,0.0012088800510432294,-0.003756948871098005,-0.0017818313074258016,-0.003900379895963924,-0.00023892902307050354,-0.001916017276225499,-0.017646306005316907,0.005565910413287479,-0.00083213433413504,-0.0008567690741869249,-0.0062103025847356705,-0.0007243435601305623,-0.0018573746617283537,0.019459601675850563,0.00822641669193444,0.0038545868098226717,-0.02064946671035215,0.012722584093227476,0.010983526102375917,0.005260483189620906,-0.000247129901772307,-0.0006582511471243131
79,-0.004906538851419517,0.0011862957116133316,-0.00012631667279808028,0.00077840329570968,-0.00014029241153514372,0.012238836766165263,0.00015322120061706928,0.004435362768559528,-8.713784191929187e-05,0.003951051115345731,-0.0526397157321028,0.001191209785057956,0.0012708977941835737,-0.004835460818518587,0.00012262776566245828,-0.004293740013592714,2.9162951126424043e-05,0.00014608671098830135,9.273164671327406e-05,0.0002760451034879178,-0.000148002183455051,0.01593002632447773,0.001722963070894145,0.0003364628448493277,0.00011250248334670684,0.0005245777891262807,-0.00042315804384891975,-0.0020750940369304673,-0.0005005654765824269,-0.0032748645211547298,-0.00023148021134484446,-0.024166327191069835,-0.00034675810636445887,-0.02152019653908643,0.0044209907758111485,0.0008962018752739238,0.004127710066095639,0.0003579781106186272,-0.02612209011203077,6.481265662891273e-05,-0.00011585731101957254,0.0017262620676291277,0.01776391304701561,-0.0005021483000724363,0.0007372904941663587,-0.018852928836658667,-0.016867675337877076,0.00031305330943048654,-0.00024791468962334954,-0.0026907540243671737,0.004139881903142463,0.0036716300544587677,0.00018607211526340192,0.0001896940569303448,-0.00020250595672920797,-0.06266647416448523,-7.12844170448596e-05,0.0006671803216239159,-0.1111026119328807,-0.0016017880678573008,0.008561155958986197,-0.0007939406350521566,6.575129004458835e-05,0.0021640754668770653,0.0017377095659400386,-0.05686308368363636,8.702853350652786e-05,0.00048547127700576947,0.9766808505878806,0.0006072027692292743,-0.0033202666000663626,0.0007523146143144699,0.0003532491786606787,0.0001016177183437916,0.00044766205694358845,-8.165425955806733e-05,5.014040078445137e-07,0.0748201114294242,-0.0003557391179715916,8.591309023150105e-05,-0.003561143466872787,-0.0004891418932577987,0.0008005199698872512,-0.00993510226959156,-0.002967425123265859,0.12042001328110585,0.0010269437235660662,-0.006292152581663988,0.0021012365872067583,-0.004134603565104351,-2.2181284855863395e-05,-0.01129028230147726,0.0023502906076177635,-0.000276272291272757,-0.0002479419779150339,-1.617445315681967e-05,0.0033577946294879287,0.00039136880351710367,0.0012128443506341721,-0.0004911101469422213
80,-0.007386086950364545,0.0007439319987404087,-0.0012016478957425545,-0.005194152137535603,8.318826810501485e-05,0.0003308748462209791,9.490687645047422e-06,-0.002127049452435033,8.775001311123968e-05,-0.004324610367480376,-0.0076589189631665645,0.006795468123919846,-0.004707102248324985,0.023296286056291922,5.733006105307749e-05,-0.009426030621931383,6.300688917848648e-05,-0.003278986992601935,-0.004426403084390084,-0.0006205259649993213,-4.3494702011205935e-05,0.009504239165657638,-0.004020131692171643,-4.6201681930472215e-05,0.007479106792722647,-0.0002900624642728769,-0.0027310084374505992,-0.0012161844222875785,0.0012642790108890432,-0.0008361721006929269,-0.0007120308870622416,-0.11873153826688912,0.0017294819753795468,-0.0017288084392547535,-0.017518055462035345,-0.001342513353770068,0.01233943123253355,0.0032991718101010445,-0.0021966782837622087,3.3049330711157625e-05,2.857451442977478e-05,-0.0017914748765698373,0.0011333454518553986,3.326530079940143e-05,0.0009713314906842825,-0.005754610835106271,0.15108026901467922,0.0007174040334857656,0.00011857291125586889,-0.003290274162226531,-0.007254165695326238,-0.03753702116223195,0.00024556426373485186,0.0006134046306929706,-0.0003825953752649245,-0.008200884764890127,0.0003434857340900181,0.0014206454217638518,0.9434976863690705,-0.00026167441858055573,-0.07672681183194341,0.00024288565035325473,0.0007668843908003606,0.0031529476370662337,0.0008424252204758023,-0.008207118823712533,-0.00035495291628602726,0.001550196540725182,0.1061938350908814,-0.001677738436231507,0.00017915284240152714,-0.012569440787636133,0.0003491890244769636,-9.744960434550191e-05,-0.0005915871745339916,0.0020734450908379415,5.1712796165163943e-05,0.01193099452580042,-3.8533287113859914e-05,0.000713486055422409,0.0038787193142255896,0.00023270163816944143,-0.0018454652796634054,-0.00152561735178338,0.002947745086779968,0.013636614744157505,-0.002229740398986774,-0.0020374393674610293,-0.0009429786297831802,-0.00019290067229152082,0.00037696237110124457,0.22772998685735146,-0.0007408375735383065,-0.00279974726409197,0.0065752301747745556,0.0014118132987345595,-0.007791250445977916,0.0004058889247921366,-0.00033381993111719394,-4.644135903044528e-05
81,-0.021461671028275956,-0.0017575029677621892,0.00016802563662137024,-0.027567516009185597,2.9801926040268212e-05,-0.002033372196670515,-3.54533887370681e-05,-0.00074402488160806,-0.00011913196936899807,-0.003249541359350353,-0.003160347167655662,-0.00033716650540583943,-0.00048233622529143295,0.04369913244884823,2.0879826704232538e-05,0.004007555825653918,-3.0789965191825586e-05,-0.010592488772624151,0.0014311359959752398,0.00016101745038242955,-0.000138966590234154,0.0028890669112148467,0.000565051175265789,-3.6403736354412297e-06,-0.003887870649755383,0.00013117624155675284,0.000562515478499401,-0.0032970930375944957,-0.0023502514882618817,-0.0006237724680064624,-0.007229813456451797,-0.02158050535173755,0.0009097308839821835,0.00046069874372588616,-0.011547492223064143,-0.002746813304474016,0.00033193344124795026,0.001147018483115091,0.000261279823289941,-0.0006171071095237015,7.686389169390528e-05,-0.0008407277125487651,0.011802838631773093,-0.0003907061082129835,-5.3876701201734274e-05,0.002304950215355754,0.8274723730013706,0.00022584196342816833,-0.00032623192002144506,0.007013479355504679,-0.0029343433708990535,-0.0663819064200132,-0.0001655369687667439,-0.00013358713757872544,-0.00019571176148019275,0.0011830549173493853,0.00022622481850791652,0.0008183645439291255,-0.256533724253085,0.0003288195279523438,0.006342493751514411,-0.00016248714842394794,0.00014156290727383204,0.00199769593664035,-0.0019836851568890927,-0.008547355359800996,4.763486627863494e-05,-0.0016023234916884258,-0.011002842456721755,0.0005474314690027723,-0.00013514553668765692,-0.04503415683960706,-1.2905412136085797e-06,6.340230577190839e-05,0.005744111394786018,0.0003902286087881547,-1.7742904443996538e-05,0.016644587420402066,-9.766842996139502e-05,0.0002221247165275892,0.010415011577180878,-0.0007679573076373888,0.0004421632155084387,0.00023550685257746546,0.003849697528278676,-0.002268553073307402,0.0009448819988344516,-0.0013186050602667712,-0.0008468475884600762,-0.00021580690366796774,0.00020318845529069304,0.487910930097094,-0.0018306678561151402,-0.0006315852018008921,0.0055991770753499644,0.0016806873122456691,-0.007986870909616356,-0.0007786779815764447,-9.255023091998501e-05,-1.4104128700422741e-06
82,0.0007034474618275994,-0.0044320240670054235,-0.0006076143426791484,0.001286538799121555,-0.00047901549452404005,0.007452785081802128,0.0004066618212741625,0.0016044286178588782,-0.0006351355875217976,0.008063082943713632,-0.09933026121134159,-0.0024824304020538354,-0.00751962261348758,-0.0025896361630475687,0.00011482179815859784,0.033312138928443785,-0.00034960552350532775,-0.00015807946794897947,0.000686265043665057,-0.000929485715280007,-0.0001119567209187794,0.008845862665094486,-0.00396929904240947,0.0002593570250398504,0.0015011869870648863,-0.0023508886558349013,-0.0037357917552257253,-0.0030450342634798268,-0.0044129334138881884,-0.009070776285232587,-0.003204210521629787,0.002171219633983295,0.00010925010155120535,0.0011825355827599358,-0.0019004768653915012,0.000588797889055085,0.0018514947519613113,-0.000760452001544577,0.002226031889278865,0.00036263188082455346,-0.00025172466863187387,0.004716147439221316,0.3835363092411132,-0.0015414232157730397,0.0016161238758347352,-0.008383731403515728,-0.028592002938819947,-0.00011925517776007269,-0.0009481336493194254,0.0019824498472610125,-0.01558198980169943,0.0024047663496492935,-0.0001074715925186917,0.00012147392077487516,0.00046646721557493977,-0.0017976352046421412,-0.0001268679135249069,0.0016729295863055636,9.49033227589936e-06,0.011093180069446566,-0.003980365005392797,-0.00012474328905359017,1.0085928640508196e-05,0.011010644599786562,0.0016749580987672423,-0.1620106508970526,-0.0007860719774731022,0.001230991182616802,-0.0928735125324234,-5.636261087637348e-05,-0.0019283667377888846,0.0010246393261885752,0.00043623991403878167,0.00010377306637512039,0.007530654348493811,5.5249157240089275e-05,-3.1885224169993925e-05,0.89295860665842,0.00024323916280411667,-0.00014899340271708065,-0.0005646532859703346,-0.0017084292300076577,-0.0010511852916799454,-0.004162951915007162,-0.0050384427757857,0.011138858721233918,0.0004401875296466516,-0.08528622804832442,0.00752483424465868,0.0009490321107532649,-0.00044152746324699517,0.0033830105167340302,0.012459416071016749,-0.0005622909474253246,-0.00013443098724493776,0.005215681853849035,-0.0012276144397248491,-0.00044171918210021525,0.0010702043720378926,-0.0009417608961199168
83,-0.006262831101293161,-0.0007445501066551509,0.0001015973291469375,-0.02418973756177456,3.192006080585813e-05,0.002416996941282233,-0.00011724119470909143,0.003007425665158596,-0.00011491888521701003,0.10767913234693621,-0.0016577499915202028,-0.0004504001670940913,0.004282532165988592,-0.034329499090180446,-2.1968135186911826e-05,0.016297263814429877,0.00017300236332348133,0.009355212235182054,-0.00047944440855320763,-0.0002680973655706081,8.53801845755002e-05,2.0478125830203017e-05,-0.0014071055166936205,8.162825270401422e-06,0.0028610509153050457,0.0002985867493609239,-0.0033535827263916646,0.0039374701378887345,-0.001006999307330495,-0.0009213534106941243,0.00712736234321576,-0.016894879307862116,-0.0005265563770383701,-0.00020677747365471463,0.0224182128649479,0.017776757371637857,-0.001116171295255792,0.0012840575702639627,-0.0010288515109666129,-0.0003491236737806386,4.349630082902539e-05,-0.0034731283171249797,0.0032177040514211764,0.00040320875438945147,-0.0003300031786689153,-0.0015789565259001243,0.5296474748724905,0.00026650944093004384,1.5280843988954573e-05,0.0033497096714830803,0.03062852434649008,0.04359659529081486,0.00016086244802332797,-6.254672361566405e-07,0.0001314238224639358,-0.0008296274779140942,0.0007225216550866007,0.00038743381864825277,0.11651230400339928,0.00038217869438996615,0.010173405406730306,-0.00010217436949201686,-0.00022868636057466613,-0.010680324017340634,0.005470978854329431,-0.006440148783864281,7.517597075180947e-05,0.012411774898863446,0.009046955766564132,-0.0014006746510751519,0.0010509482002707936,0.010971420594148198,-0.00012326935526127706,-0.00022651125248420584,0.006024052746811343,0.00020071873427691955,7.940061679063016e-06,0.016699094312401564,-9.364116871347222e-06,-0.0005817288561039136,-0.003602491339409054,0.0012229920665419646,-0.00024898071179393563,-0.00029368663661767484,-0.013174793951718285,0.0015491252114930485,0.00021204900791237704,-0.002451736082621253,0.037102472058313574,0.0003328513021032674,-4.190923282542183e-05,-0.8278015503124797,-0.004545427706112619,-0.00011405171195262459,-0.002112599048385749,-0.0022002703729957366,0.014566863825208633,-0.000654149809795967,0.0002988365660530918,-0.000464546326197429
84,-0.08705579566581655,-0.0005355223463175407,-0.0008603011213242431,0.0026213713226040172,8.542029464306267e-05,-0.015080563972205752,-8.219233926750474e-05,0.002472978239017539,4.059683743035114e-06,0.9060641880265867,0.004197634035621984,-0.0007235611006313307,0.04340812748981912,-0.020600467450493314,-0.0003513881816891787,0.042372483930204013,8.052970609415816e-05,-0.0011091356413066335,-0.00011260750523210683,-0.0006799825026984202,-0.00018176611218681527,0.0014771498080387597,0.0004799035770075531,3.5406288002748365e-05,-0.0045532402751912275,0.004020631618238656,0.010180516010839696,0.020536501577302357,0.0026579321737524655,-0.0011563730912874728,0.009438821153545053,0.018585893349139217,-0.0019473719347269797,0.00016928722475631486,-0.003015901778470548,0.13581941987594315,0.002360573300853902,-0.0006007457394031357,0.0015886050623426901,-0.0005045240501856032,-3.001879943487218e-05,-0.010947944128773592,-0.02807761668407809,7.927506986001726e-05,0.00014879627782121707,-7.215592108795413e-05,-0.05765289355353732,3.790577135413635e-05,-0.0002589369410112771,-0.0005684760612989521,-0.06041480412519146,-0.006111775066316102,6.393456559862509e-05,-4.861564331992696e-05,-0.0006961675016972646,-0.0003838034686815359,-4.286950973375614e-05,-0.0007455296712394918,-0.007498230233251382,-0.0006128343695912294,-0.0011492126068668863,0.0007033139974994274,0.00036308329563400354,-0.076083797776602,-0.014647257364782278,0.006678760944113843,0.00017420482437789566,0.09874228276574974,-0.0033465028014157353,0.00011494895222251798,-0.0015384687157289079,-0.0014269035973383587,4.578190124499698e-05,-7.856568393202479e-05,0.009592162758836335,-0.00025546566225903566,5.588131785894124e-05,-0.0012982307875960399,0.00015967161205113212,-0.0009041753264289187,0.0015406569283054512,-0.0005372151225714397,0.00023016359416978827,-0.00032769260677796563,-0.10208448509273493,-0.0010073211984842467,0.0010586928716767767,0.002377438051502255,0.3210154451234389,-0.0005584047875709502,-0.00026447450993785995,0.10042758817003163,-0.006233326050927255,-0.0008542448219614959,0.002739880834168396,-0.0019416538337902432,-0.010932683598062973,0.00019349130607536433,-9.674634161914442e-05,-0.0005067165246108798
85,-0.03854167997237766,-0.0016947762327877355,0.00021069942724174194,0.00033414568937124856,0.0003671007492983651,0.0066220096818686534,-3.0786494839431244e-05,-0.012993555175363495,-0.0002678868065662844,0.03230231090694935,-0.03384618734867171,0.0006487717164141045,-0.0008541516067203277,0.03746786752590371,-0.00047770278901293484,-0.06967024333814158,-0.0005123629093438074,-0.00015248802769018304,-5.130667451363688e-05,0.0006832280173571263,-1.4941851554368772e-05,-0.005174003788178463,0.00010000952726247139,0.000363214705053707,-0.0019127327005385329,-0.0008763203086864636,-0.001481934813637514,-0.0038013772136359547,-0.0006541493752063223,0.0036295658003722715,-0.011792656235466003,0.007711853536328661,-0.0002726915980383344,0.0018860607630707144,0.0015806187294129066,0.0034626664123289,-0.0006232752639929902,0.00020651904511929855,0.0034983195277863053,-0.0004381322714869995,-0.00022784851150358683,0.00559101098047357,0.9004908800586519,-0.00044591278493015876,0.0007269110860630805,-8.89703716274534e-05,-0.005199992229810688,9.62171148156784e-05,2.8773407789998984e-05,0.0032029844995573944,0.11629738993006586,-0.000505732375308023,-0.0006643980313348133,-5.364578306923766e-05,0.00010140482433829319,0.004486593439257622,-1.7903406696870294e-05,0.0001723985845736547,0.0030148227549719607,0.007969558376338741,-0.004796827582175655,-0.00014207571688469155,-0.000314363467123005,0.0023335150246189982,0.019212543594946074,0.022029463658659362,-0.0006519734999577184,0.0014475317310856878,0.014490140063825504,0.0002365490900709047,0.0012702674968374998,0.00025306503814596275,-2.3288700297126493e-05,8.038168460007544e-05,-0.014009379825078678,0.0005402407475999238,-0.00013834317339976414,-0.3906132558308786,-0.0001846640621182622,0.00028003483648589636,0.00020390864763907522,2.985478130398435e-05,0.0007561751337537542,0.0010077207788626486,-0.006991157252084953,-0.01744095985981452,-0.00047110613083881385,-0.10215061447134582,0.007792029010127783,-0.0009504937463634343,0.000669605574125921,-0.001141872971554666,0.002661032706708341,-0.0015832095351321406,-0.004989036887613818,0.009892249680808884,-0.011338707099619778,0.00014040498160957293,0.00021445026079319534,-0.000482172166027381
86,-0.3095744599807674,0.00023728114432269853,0.0012242423525611196,0.0012914067027620935,-0.0005113219665842383,0.0014739301543365835,-0.00016220849320380815,-0.0763731296241753,0.00037396280065871146,0.02876386839970349,0.00249417242946064,-0.0013194284932810663,0.0006541702307487907,0.25794193243599006,-4.85937195622288e-05,-0.010929569711284781,-0.0003028963734815482,-0.00099331694683083,0.0004545795262952401,0.0007034788608523967,0.00019741945598376193,-0.001268763125737933,-0.0006551111615721332,0.000259775060236736,-0.029751789744372648,0.00042578887681482373,-0.0015423959223407882,-0.0006720853032665189,-0.0024903661944809807,-0.0011389281256695347,-0.07354578811883807,-0.024804798312044046,0.0010128433650332673,0.00025313627085494497,-0.0003832122731029161,-0.00983777333674022,-0.006662756447829259,0.0018806156692696835,-0.0005807529735874228,-0.0006168641518628885,8.347953341822367e-05,-0.0037287617303978227,-0.11270011250531072,-0.0002559293907751642,-0.0009895946304705194,0.0004101721992264771,-0.026889675425881512,9.117964341150977e-05,-0.0018094985507055043,0.01183324932185725,0.8853445232810897,-0.0006544128861759868,-0.00010356965520102318,0.00032925662156833846,-0.00033002162327812107,-0.00021384534354403474,-2.0475795564731114e-05,0.001600978514079674,-0.0034144046526054283,0.0014040440003096812,-0.013089176658982703,-0.00027280734104559445,-0.001273621636417817,-0.0019131609334911365,0.039775560778906954,-0.002833560329557472,-0.0015365448970962575,0.004019711449160482,-0.008487349381332679,-0.0007450695011670888,-0.0002060090278042416,-0.0001951714923892657,-0.003752323368662245,0.00022080668238325107,-0.019101442945857236,0.0018555217786274392,-9.396473341131972e-06,0.0640497784440292,1.0327314798733167e-05,0.00010074368308076592,-0.0031602104023032603,4.8661913626286794e-05,-9.334750771516562e-05,-0.00010651751128016446,-0.013367722847820823,0.0005613182783816464,-0.0009042830468876488,0.012205106704961152,0.009949214343346502,0.0002133226708477473,-0.0005188793545192263,0.013414826858444973,0.0021299398887940258,0.0006005094621198276,-0.020490847031978926,0.01098806943500975,0.13717866058123546,-0.002474606094125147,-0.0002723371891305282,-2.79647541879674e-05
87,-0.0710381858830856,-0.00268979736934824,0.00021815028970837216,0.0004714896506478744,-0.0003365779441381056,0.0027783340097868037,0.0001571053838282377,-9.869492760822968e-05,-0.0002233388634026029,-0.0007370763888829256,-0.00229108224228598,-0.009376026817635679,-0.0003086955133851585,0.039789432506999005,0.00024407631370162303,-0.019559005288893733,-0.00010699111066630324,-0.0003750633487631294,0.00016648385130958385,-4.848259898375482e-05,6.445086928247778e-05,0.0002146643935948666,-0.0005414736429840553,-0.00036577466997254546,-0.009693817937055597,0.0006941886618707423,-0.01404583285450643,0.0035740420098312993,-0.000442350200223705,0.000747839856508524,-0.004011547570231546,-0.023942720901163735,0.0009525352232718657,0.0005211631721696101,0.0001780494382045009,-0.005941999025208703,0.0033036669739107717,0.0022250185101778293,0.0009345007839225239,0.000593211148762627,0.000166068951728055,0.005880129472615982,0.02465425464836742,-0.0005097902859571733,0.0023705597132677447,0.00038881180194052167,-0.0006980854569334275,-0.0002669214587538895,-0.001071806939446677,0.018224525449719413,-0.186324358083895,-0.007465891295124366,-0.000369003550481032,-5.321092097138047e-06,-0.0004488646206226607,0.00015797430576592114,0.00031310896727318287,-0.0032167835978157144,0.00025673038786045896,-0.0041145029139448685,-0.0050775624394798664,-0.0006329536882099807,0.0009621090355051553,-0.00035604106978252685,-0.012321622677397772,0.0011723125750798392,0.0001192854329299599,-0.002122984890088362,-0.002529611562090693,0.0002811458778090944,0.0011799377733117448,-0.0005250188013726956,-0.00294674226315036,0.00010273651350528601,-0.02034976265316802,-0.0017152193659338288,-0.0013176888708930782,-0.011881213677786023,-2.5988664008328582e-05,0.00014055617057447145,0.0007311319785991092,-0.0003265741002626002,0.0005732540035811497,0.00019109011512547392,0.003959011323007185,-0.0014658317296578182,-0.000472541080135199,-0.0018464053370054441,-0.00776945333211489,-0.0004726934507836608,0.00026307098252399355,0.007495963349613983,0.0015317017479634187,0.0009501841401737341,-0.03487440628463777,-0.0055945355452606225,0.976612583145311,-0.014910036947300172,-0.0006021238781660889,-0.0006253306525404161
88,-0.03233530190074173,-0.0023924416025466744,-0.0008416987035351903,0.00037956708873125924,-0.0003548426638311751,-0.014356862227554817,0.00010259980133701246,-0.002821568989536158,0.0001315665044565352,-0.029754847202977823,0.007920477217727961,-0.019026792438812362,0.020018379088564242,-0.01857714420183341,-0.0002844489069185451,0.7600084596408266,7.206130418408244e-05,-0.00029244933399813836,-0.00010840853196500411,0.0005931340190589718,4.076405045880249e-05,0.027038787603491675,0.0010786289818893284,7.5751359938508456e-06,-0.0021046804973959,-0.008707232388470352,0.17042824618392038,0.01845966065603127,-0.008737728259681922,0.0009600732491350308,-0.01644786508876995,-0.05240259728238619,0.002044910639609876,0.0006555021521503639,0.0001824159459886624,-0.011133221707508495,-0.01218143433719343,-0.006431822360028136,-0.003954814203947483,-0.0007996506979054269,4.00579798959938e-05,0.014907450453345879,0.04651926116731641,-0.001124982087633914,-0.0013542203943220366,-0.0012281506038382458,-0.008046993346503783,2.920331708040555e-05,-0.0007569317695058364,0.0005701823898820024,0.038081341129898416,0.00041287704243078694,-0.0001279382696988407,0.000256429191760027,0.0005315758187076081,-0.0005305154922294148,0.00011092648185136861,-0.00454371419718509,0.003195521054872236,0.002107659188528123,0.0012600880748531076,0.00056728473174672,0.00016791358062015482,0.06942505368498336,-0.5830497581328115,-0.025957173238656005,-0.0003850532316347216,-0.006626709122077166,0.005185249625604439,-0.0007319272217188762,-0.004205706223362335,-0.00015579112317101393,-0.0003270549300538293,2.375842045571064e-06,0.14346674538172605,-0.0021096226774555693,4.406092794388694e-06,-0.05304552350572988,0.00010451682440960203,-0.0033044955054080394,0.0012432784133605112,-0.003947293711181049,-9.311012235467542e-05,-0.0002277860803675414,0.027998500138758146,-0.0056384509631381705,-0.009090840458150623,-0.0065345096418409285,-0.018946341838964598,0.0003817112083421975,0.0001153467692647861,0.0028584614389431436,0.10223902286846252,-0.0017497144761929474,-0.0097761697369526,0.021279840865088457,0.014807658917811425,-0.0002220217649349654,-0.0001779862234139798,-0.0009750184661891786
89,-0.030223822408610698,-0.0010861928324082115,0.0003133805086848931,-0.00044078643697444825,0.0011991241252803375,-0.007809012072872715,-1.4996912722733957e-05,-0.004747409386812399,2.3862277376305446e-05,-0.030298589713666616,-0.0011482247114390776,-0.013539382795827233,-0.015744765735654715,-0.4879599597678628,0.00019642980939421455,0.4781827785289855,4.572606623009026e-05,0.00013053691235869348,-0.00037730453213152826,-0.00019655699763030526,0.00012050688871077797,-0.0447756854501475,0.002179189500038717,-3.296306201501509e-07,0.018828973204624993,0.002025114227380146,0.06616692056448006,-0.08726598092873297,-0.007771699378046823,0.00355217047465949,0.015140896672741051,-0.03186089729347749,-3.610672059575076e-05,0.0007833812502989848,0.0011224576075456495,0.002802288302903244,-0.005198138014695514,-0.008127117686176105,-0.003136701164450104,-0.0005813998823526352,-1.7282520260187987e-05,-0.03966479896251956,0.017441359451291823,0.0003676121623791932,0.001571518618093043,-0.0022190245222408617,0.002747203776497756,0.0005728512492655519,0.0009864301273935921,0.0027513316914530845,0.10276851904352147,0.005367467068992349,-9.613439669262092e-05,3.1316336582695725e-05,-0.0004452515653399214,0.0020087265105954363,0.00011401518846057557,-0.005771693073315987,0.0055095161553510245,-0.0011068847627814578,0.013463513241514095,0.0004084664005243044,-0.0002359860078836873,-0.06485528788640067,0.691111572661721,-0.017031199152819695,0.00023221833505297773,0.007693453733302989,-0.000585115935544536,-0.0006673325395800712,0.0010059244095874872,0.0003753693852134952,-0.00013189376767039351,-0.00010697857126440447,0.08015578164457687,-0.0011665854000003917,-8.93621879468065e-05,-0.029909085002020597,0.00033853807973710515,-0.0019710822533232364,0.002421083125409989,-0.0005256428937684132,-0.00017252467478788558,0.0003502438363664432,-0.055883446606890534,0.001574897630008976,0.0005236287587527848,-0.003160554735625048,-0.006171142331303222,-0.00010387415549807308,-0.0008529787961396446,0.04002979858181393,0.0455085003423327,0.0020574682812846733,-0.015701672968910996,0.049909117632777736,0.056894143069779274,-0.0008841143851145558,-0.00016398542755927982,-0.00032833154723290944
90,0.05387994035297693,-0.0009423630426976942,0.000654841975065823,0.0013196136100069589,0.0009605482116697497,-0.005439239780966061,-0.0004926371261423229,0.008686362578122622,-0.00018887660774388054,-0.0037302758560518734,0.0005818565159903567,-0.006587308656127342,-0.007136976116527829,0.8229267505464325,-2.4238295156322337e-05,0.30583859100826677,-6.253574200544218e-05,-0.0006726330668328905,0.0005060245520790846,0.0004259248249547515,-0.00014391663064634852,-0.02887701398401356,-0.0019378361996713524,6.646762184231436e-06,-0.024229628212856014,0.001442489003436193,0.06948332778220823,-0.05007203602306266,-0.0038180743618817653,-0.004841316805183647,-0.052969192197180014,-0.02533013321474209,0.0018965215739288957,-0.0001679730103024636,-0.004093401057837492,-0.0007580478852980965,-0.0020884686731228105,-0.0010701962783135205,0.000643516626749171,-0.00015427723845605132,-5.8863471505188336e-05,-0.024539622433289172,0.003982562446217914,-0.00100753481455855,-0.00365598184478097,-0.0008213920533161941,-0.01919064498497862,-0.0009654231412560971,-0.0034810864545136598,0.0012753780889900816,-0.22902607481843507,-0.004926867083369373,0.0003002132864662055,0.00013372697823695696,-0.00034131597152925464,-0.00034606792212962204,-0.000162539274891349,-0.003894165121260229,-0.009556974977068098,-0.0037047628044924656,-0.025768217175260844,-0.0012235300161812512,0.0001864459105095917,-0.03998808057618765,0.38208766306783964,-0.012073817976884015,-1.4501173772399345e-05,0.007214995625160965,0.0048887210390718165,0.0008542140267016403,-0.00031015797627749996,-4.7047720499657913e-05,0.0007180940812586897,0.0001327462667267687,0.0394089971536869,0.00010854307370758431,0.0001466157261868356,-0.017854909200030192,-0.00042256586619693337,-0.0005583093323034832,-0.004391705348683788,-0.0014782197425343424,0.00021822205155468816,-0.0003932935076125209,-0.033877395180209866,-0.00039022508210058383,-0.0005271513616732972,-0.0012806824819490432,0.0027347975057760016,0.0005682526061925857,-0.00015076745524040223,-0.04957977806365431,0.0034953067456217927,-0.0006727173549727654,-0.007204375579261574,0.04935420164020358,-0.061277512311627425,0.0007012039602882036,-0.00031638947766693404,-8.17881712838961e-05
91,0.005110630856481158,-0.0008708715168665223,0.00026552581316995495,-0.00024264543919707508,-0.001511885600968395,-0.017964131643778188,0.00013964596796609084,0.001676172546954964,-0.00019525187241623086,0.0016412903970464176,-0.0005499101007660433,-0.004604122849376183,-0.008976454860930556,-0.022080656626913997,0.0010162615188558438,-0.18170363172639697,4.389695015211289e-05,-0.00024817290649198787,-0.00011162397455365125,0.00011962568694079759,0.00010881266872012074,-0.0004191477095532325,0.0003274490890523181,-3.698622515313499e-05,-0.0031187218467525375,-0.01836350220854284,0.9769182056677969,0.009191167859132363,7.023519558025781e-05,-0.00011994070789890163,0.009793634724665927,-0.006937746863359155,-0.0006279853865423062,-0.000373922050749004,0.0013992461652274197,-0.00026269867126513247,0.004289845666310424,-0.0036502800733226974,-0.0004672456514168656,-0.005992125493358508,-7.08489176832576e-05,-0.01729017924180396,-0.005789193145933495,0.0003196251520986154,-0.000657454703892682,-0.003017342984296161,0.003707400528999725,9.953500605092624e-05,0.0003933966978044087,-0.0013339806652719602,0.0029596389305722864,-0.0030592856495055597,4.4582513105299176e-05,5.545130461632195e-05,-0.0006136710212165386,-0.0011819172105626426,3.415404731263883e-05,-0.017655865452068303,0.0007636779544027269,-0.016589441711032896,0.0008151068298400833,0.0004579687551082099,0.0003853203517126605,-0.00048275206443816176,0.026771171731633195,-0.0040580919448677515,-0.00017727300715932948,-0.004471800736778015,-0.0006442175815057365,0.0002590023025339687,-0.0036971305260350903,0.00010314953000048477,-0.0003986810959937694,-7.70059573204987e-05,-0.0534411321147172,0.0009259688411473663,3.775038342464579e-05,0.014465368912750272,8.63563161482353e-05,-0.006637076152283906,-9.118602599993814e-05,-0.005100996847110701,0.00014468293884147346,-7.687780284780618e-05,0.006912383197033316,-0.007436227763470887,-0.04665175467319384,0.0002733133659867698,-0.004699089278295727,9.310938798363314e-05,-0.0025129779315386774,-0.00353278223863773,-0.05558856561328133,-0.020223852016818783,-0.004217440719425215,-0.013101809324854675,0.011405102425678031,0.00014080619698025876,-0.0014418689814342332,-0.0029646650516878693
92,0.006520384589163741,0.0001334404668345314,0.0004838288428303597,-0.0002061714639338937,-0.00025869422044631253,-0.007275329195944308,-0.0001504420736722703,0.0060431716399457856,0.00018609092427648334,0.00033237470809890056,-0.0020398485010278064,0.0046818222571144204,0.004367030212417289,0.013081638274622965,-8.876905139570263e-05,-0.11282978561624817,-4.269629244550363e-05,9.257110479682514e-05,-8.147256805159965e-05,-0.0002740920820382912,-0.00012744302211199418,-0.0319691259304304,-0.00028733097027901526,7.538662230146057e-05,0.0005960593531549249,0.017220704289933702,0.028891708144691188,-0.07483195123471774,0.0001702550029816976,-0.0008545233233838681,-0.013734056818200068,-0.005159631511918467,0.0002574011058831035,0.00038330431459167715,0.0005527719227366487,0.005926122979075226,0.004003655781856852,0.0013586636578985806,0.003737131834111055,0.0001812992091853446,-4.421084977128745e-06,-0.0067751541880915565,-0.013736544712094997,-0.000602796647669321,-0.0010798407094489981,-0.0013605142565701763,0.00496357978491836,7.750087925288912e-05,-0.0008650976527180606,-0.005677702063791026,-0.01031504967692854,-0.00015589751249959287,0.00012981591033937173,-5.591158260999547e-05,0.00020108203514693918,0.00014575968090818799,2.2568822482782122e-05,-0.002012840936451709,-0.0007098940076098127,-0.2224066663981058,0.0010448500051360662,-1.2098942753994979e-05,0.000521335554523189,0.006855986474064624,0.008027558623772935,0.001347178279001579,4.7384593185427135e-05,0.023851415204029978,-0.002857079305980779,0.000175950813406431,-0.001655449689866442,-3.570183540120217e-06,-0.00020572543374589784,-0.00023086142889383598,-0.06669879162493483,0.0008207697504341999,-2.0467115197412948e-05,-0.0017537018745594573,-7.887968916246366e-05,-0.00017507710273686333,-0.0004767186868700603,0.0003723761033170951,0.00026784152771083466,0.00035134042075317276,-0.03077430383574211,0.0026253414410910103,-0.0008476978188907472,-0.006318527490610908,0.022150369831310225,0.0008761047017437585,-1.3146061475632215e-06,-0.004977552157541324,0.9488746402789613,-0.00040146659095107763,0.004267343880277808,0.14812316540447157,-0.005547413218673847,0.0007104283370217069,-0.00017370044140103437,-0.0006579427179889616
93,-0.001105690897405556,6.344960430708932e-05,6.06331219628949e-05,-5.5109882117433586e-05,-0.0012111656435541147,-0.0006254032147160915,4.085213542143846e-05,-0.020497289869940365,-3.056283714459804e-05,0.00015064883965541938,0.0011338937834060286,-0.0015589937528168213,-0.003473750698165007,0.004325704780000147,0.00015853440683529342,-0.036251395343398475,5.346924833876752e-05,8.88184752358839e-05,-2.8560821581361927e-05,1.553813061744725e-05,-3.0850657015187716e-05,-0.0060512365436502956,0.0004886046832919498,-0.00023520757523729776,0.00011939735280119688,-0.10256647861146301,0.02165791972303379,-0.021472682264917418,7.448464084048277e-06,-0.00015009645466064698,-0.003587752022631855,0.0003019774790037127,-0.001458817740011704,0.00011768814590777167,2.0974388339286285e-05,-0.003724478045439364,0.0007255730545768501,-0.0001707854670005256,-0.0007850289814004959,0.00016346885680742574,-6.700375621083391e-05,-0.009207294885639625,-0.015136321908132183,-5.705461331554696e-05,-3.236091422012706e-05,-0.0005535127689117748,0.0009097022817024133,-0.00018233433733891627,-5.640670916803002e-05,-0.00026858621871321607,-0.008693216663055942,5.915694389742104e-05,-4.9530797848671565e-05,-8.859794009837777e-05,0.00043696033738688765,0.0008187723089018906,1.2426604279826541e-05,-0.002063532701618155,-2.6333613638602598e-05,0.9678850721329534,2.7661756647865706e-05,-0.00024442028154208475,0.00011592735187560162,-0.010634550726282695,0.003616385901344673,0.004310973221666154,-0.00021611709229599473,0.0016371251101903648,0.00267608834689178,-0.0009456176961618423,0.00017234819533026283,4.98279436255745e-06,0.00020078249817812022,1.8149967161226396e-05,0.017017680901006315,0.00012637625745458292,-1.328948258760669e-05,-0.006641111126987382,0.00015564273089167932,-0.00020679649848167128,4.816415209688528e-05,-0.00015453171456420237,0.0001423041937418457,0.00017498420043683238,-0.0077111626158727345,-0.0031125991607807257,-0.0006966754773202274,-0.0001377475221339535,0.006375276161933357,-0.0008114448676289378,-0.0005981820564430213,-0.0013237858777968721,0.2131489044306814,-0.001240270940477202,0.001822330708377951,0.058871400203846916,0.002774936919184629,0.00012556898870957705,0.00023532405656823867,4.791767527395196e-05
94,-0.004228777763919819,-0.00028233672182502445,-0.00011825626354422568,2.397960686459019e-05,1.5085255722408278e-05,0.00025183249047462837,-3.122655531181788e-05,0.00029692292432453686,-0.000150074886875887,-0.35952022242319537,0.0023243445311589474,-0.002743109689870204,-0.005910033577312216,0.00015971315724092397,-1.090270064196125e-05,0.005176041278092011,-3.865228020211945e-05,1.8389167779065112e-05,-9.713110794121876e-06,0.0002745898446163894,9.185482017901037e-05,0.0016339305773190771,5.3593555473782205e-05,6.514858099729293e-07,0.00037926810990386584,0.0013523985733674313,0.005053266261545807,-0.005733101333825073,0.000268967476805531,2.83167393535233e-05,0.00046662376919820187,-0.003945006706334482,0.00010395339267748813,0.00019622314791285268,0.0007198378864888016,0.15341410447056253,-0.0001531689741891204,0.0004938832584246711,0.0006219947797333084,0.000526850589870155,4.567324560694752e-06,0.0037169372081082277,0.0024064593451351792,-9.803282449346272e-05,-0.0005027559507358587,-0.00038712690355693284,0.00013592077127416052,-8.428392044377815e-05,0.00017621144994263427,0.0024237776490711365,0.0014409681643758792,-0.0003251747666442088,-5.99882359276771e-05,4.2999948345834316e-05,-0.00029830458937939175,0.000398792845003374,1.686119967987676e-06,-0.0011065090919935214,-0.0008576858821652296,0.0008346458059024272,-6.162072206212935e-05,-0.0006380541525142502,0.0001338778619109915,-0.005011446070320503,-0.01209988418611716,-0.003262312808881271,3.17403587187879e-05,0.12106419938604392,0.00047833783512370685,0.00044417159075362846,0.002672635892916538,-8.761513135347072e-06,-0.00011114890781415603,0.00010638372018765413,-0.005256219372797848,0.00019071941699391748,-5.011971404678822e-05,-0.0056168193012500305,-1.7396969672470175e-05,0.000439720987675557,-0.0005240747765919617,-0.000423620822500222,-8.282797282738869e-05,-0.0001233806889824121,0.0018613786353570277,-0.00803061849601498,-6.741760859217157e-05,-0.0004894491945973119,0.9114802324484524,2.747896715981019e-05,0.00017423295165576967,-0.0004983642115045062,-0.020604079221328023,0.00034518352867789984,-0.0011753885456217252,-0.027389055656255365,0.007566922693638584,-0.0003471479486716394,-9.783384609472756e-05,0.0002878283431446034
95,-0.06302055667308991,0.0007303577558879504,0.00019836381897491567,0.00033450294631234834,-9.230385181266398e-05,-0.003328131477806265,0.00016081415097071727,0.0008440692766066016,0.00013291212409896613,-0.010117529813125858,-0.005010317156906016,0.006514153896118563,0.001559426925882318,-0.0018064915284814465,-1.8552336102345413e-05,-0.17721243777236106,-0.00011247248098178453,0.00013345390428669084,-1.4862882266430955e-05,0.0001614418975532661,3.1940079760789386e-05,0.0013890632311948925,-8.855312242345148e-06,-2.5311597185967427e-05,-0.0006765690939236485,0.003552060166403922,0.015591222522988451,-0.029315128342978718,-0.0006275523372354305,0.0001737747995533747,0.00028127022092530596,-0.005751649272204253,-0.0006500315221212444,-0.00024142007237381094,-6.300562514639958e-05,-0.034226188416555725,-0.005535866805757978,-0.0013502579044489538,0.00034440120747720755,-0.0011202398986377548,-1.314182383678475e-05,0.0014851794538412637,-0.006605547794539572,-0.0017543434814053724,-0.0008663706732663645,0.000771562622147578,-0.0059196969163370725,-0.00022063965053149403,-0.00036955412643241425,0.0036455393927390515,-0.015186895294166641,0.0010074929145581781,-4.562462073754575e-05,-6.751964012728016e-05,-0.00033588086837533365,0.00030150976666145935,-4.7799161063921593e-05,0.0007313636042290679,-0.0010882292764758912,-0.041555806706862,0.0010711186904445655,-0.0001684179917623707,-2.816658214350315e-05,0.008999178806891325,-0.015146005978661453,0.007013485475483859,0.0002718857098085569,-0.018249674314098865,-0.0010710434725805904,0.0003252879984266977,-0.0019337826912153907,0.00010227337163792351,-0.0007429323719093267,-0.0003694457500032153,0.8141113595824612,-7.497107969610568e-05,-7.300454117805874e-06,0.0008788588833686747,-6.798569938679458e-05,0.0006414917258930203,-0.0003834787350726395,2.3483559070124754e-05,0.0003961003939944585,-2.775128365860519e-05,-0.025563107583828855,-0.004427602695361774,-0.003620618922978965,0.0006406449818269471,0.02406517592744019,-0.00015112613353948211,0.00028256824108884027,-0.003614240023203431,-0.06109505289314453,-0.0006708355173044539,-0.0026446811997503303,0.5398504920281835,0.00916287229814218,-0.00024233307764606402,7.587743834495085e-05,-0.00014420685496114097
96,0.028883478444756312,-0.0008246825108654543,-0.00031577898274358016,-0.00017712751684243605,-2.0306412487625103e-06,-0.006935752695192594,7.572730160608498e-05,-0.00287834095635027,0.00035701539011105676,-0.005131703236095457,-0.002011058327112028,-0.0021199752646835907,0.0002269027035025628,-0.026422569416784933,7.157575557351081e-05,0.06752477655835346,-4.4949762704526997e-05,2.5556722382871224e-05,5.852753349591677e-06,-6.773804473241343e-05,4.7076595264771565e-05,-0.005736833882435181,-1.752681539158099e-05,-0.00015967622563370885,-0.00391909297839213,0.0015385242641461102,-0.014645336589605418,0.021224538170481748,-0.0023898814134014554,-0.00023574225763024152,0.004801308261799093,-0.00883130185976901,0.00030963193241171326,0.00023140201231768855,-0.0012633051898156,0.016096788350621977,0.008840066737390405,-0.0025050276791792,-0.0005908436339622812,0.0006119432427033394,1.6047601699046427e-05,0.00228811906054267,-0.007185543349076117,-0.0026548066629707512,-0.001729001797413976,0.00020054716206683952,0.003328983123466504,-2.4774698625294527e-05,-0.00012839691387122633,0.00023245478040662777,-0.0014161874101703761,0.0013811796082460475,-0.00021498535773340627,0.00032031326715598225,0.00024036617651879144,0.000458246770520926,0.00010841363023103437,5.9086602565516875e-05,-0.001633498527936472,-0.002297866854014937,0.0005053505842835902,-0.0003092497970264771,0.00011378665996873358,6.563976755549154e-05,-0.04839681988094505,-0.005309982291431473,0.00014236328891874738,0.002244517796473872,0.00032287276133426905,2.497539711766427e-05,-0.004480115747256643,7.513172604998791e-05,-0.001214598525279709,-0.0006972977338586886,-0.5395644339525891,0.0006534822401701567,8.396316444135641e-05,0.0015474932670368484,-0.00010699344642498432,0.00020612770858998222,0.00012107507011815304,1.9865263494144025e-05,0.00045362598815990376,-0.00010315430084187837,-0.02095591658009932,0.0007423487854557557,5.2438172463597794e-05,0.001763560620113608,0.0123555470192694,0.00043165631647451054,0.00025671657112212067,-0.0005520209236896955,-0.15738984122879215,-0.001029508640669196,0.0027189327228756624,0.820757305893375,-0.0026157709646116127,-0.00022012702617009655,0.0001536729063679118,-0.0006832284111056401
97,-0.00023324004400037776,7.920467346848913e-05,0.00033886111497537984,-7.800447073448016e-05,0.0005024541240707314,-0.0018964077750488586,-0.0001972942428387415,-0.0050626402802787214,-0.0001661484785262955,-0.0032306299924256443,-0.014057091203965257,-0.000215971528953476,-0.00021449557883215114,0.001723197073918711,0.00015283684331875754,-8.20288721255861e-05,8.882421811456335e-05,-0.00014457108513790372,-0.0002601431196303793,0.0001764158549192145,-0.0003379592363205713,-0.0017758913251531212,-0.00021084242060181462,-0.00013685764736068174,-0.00023747040300003565,-0.00020112812474127998,0.008262406869046814,0.00018271453314956256,0.0006998141521476447,-0.0002075143308256556,-0.0005972148387350284,-0.001149030445548922,0.0004990310225917007,-0.003731374947826015,-0.0005335635005626137,0.009132689980098928,9.452658101941525e-05,-0.0005080493489246925,-0.007555754215763147,-0.0001604731427496873,2.349945227822156e-05,0.0024613446544277493,0.007321168766421513,-8.763393686512275e-05,0.00032180773718441975,-0.0034955070290476464,0.0008226152530154873,-1.0975751414459093e-05,-0.00012758094461113017,-0.0009650470023973355,0.0005805184165652123,-0.0004947048592431199,1.0867856042214886e-05,-0.00019718786556264514,-0.0001762319868820467,0.0020397262698517516,0.0004659908084459753,-0.00011072749802348312,-0.0009183508283960351,0.003571032765134827,-0.0003320030740317359,0.00039772722448392066,0.00031584186160972527,-0.001758429271477216,-0.004624905175425434,-0.002588763202588152,0.0004676156838931883,0.006980000433353579,-0.1212824570640007,0.00031233150096575066,-0.00011462156627049683,3.326424510011837e-05,-0.00016227200685069436,6.725495110103223e-05,0.004508700738619687,2.951870259130306e-05,-4.469077939466557e-05,-0.030296125665936632,5.3129677574409624e-05,4.945998361304796e-05,0.001282486362653463,0.00019440923311925934,0.0006335251199577544,-0.0026928977418735995,-0.0008006770060925346,0.9917975043538335,-0.0006016699110984235,-0.001819763531273506,0.004753383581970156,-0.0003515363595607679,-0.0001871979940934759,0.00042016983357391266,-0.002724147827431496,-0.0004765756139991845,-0.0006647884583052008,0.0012381792991791164,0.0008528107338393235,0.0002520348313047356,-0.00018553239850949014,-5.572874097696436e-05
98,-0.04109484317887262,-0.0002277477219298496,-0.00010655084094501888,4.162339086320743e-05,-0.00011581098901561337,0.000328594745808819,0.00017687320242040783,-0.0002805014838942188,4.337537947134151e-05,-0.09550465920076787,-0.0004070740232515885,0.0004491067746380528,-0.0027133583238109216,0.004565030028041983,0.00017060929421572335,-0.010316824964600624,1.1169590703463683e-06,-2.702735080650274e-05,6.0140196668211424e-05,0.0004273180825703979,-4.0030461376208866e-05,0.0021286627309936995,6.042459812825667e-05,3.1477714232848453e-06,4.154245147270502e-05,-0.0015411633167657477,0.002070546283030736,-0.0016084172377331834,0.00020061311372647495,7.840955730414878e-05,-0.00014129944244399215,-0.0031357147797200884,0.000507911117212172,-2.8042364386996962e-05,0.0006999355873432804,0.7662519603285038,0.0021307407937470185,-0.0003485004718470309,-0.0003561698095989451,-8.276495348872193e-05,-8.013644146615082e-06,0.00624818851150973,0.00044265404336022774,-0.00013873266170045043,-5.86697534219029e-05,-0.00025258077563257994,-0.00025644755202354486,0.0001718044891556342,0.000253045003935682,0.0014235829293392649,-0.0031419340229886655,-0.0021014385468250854,-3.5095099708531974e-05,-0.00015654661843034212,4.0926773267530026e-05,0.0004735168029182432,-4.384854710978367e-05,0.00037242256192033304,-0.0017795258138974981,0.004485449730929174,0.0009332712559608075,0.00014308266976910747,7.00363128471708e-05,0.005830867930151681,-0.01083019246850413,-0.0009085274907949413,-8.776750073440608e-05,0.5832420500768548,0.0005249703773023474,-0.00023461606007732418,0.0003818519964985164,-7.836652740506305e-05,-0.00021897803355384947,-7.432264864087879e-05,0.037647293022881556,-4.066489172878038e-05,2.0621766420318016e-05,0.0014143805495664382,4.850511611189257e-05,0.0003211322934014438,-0.00033336625402176356,0.00025214553766021545,-0.00020892574678896617,-0.00042783188856371007,-0.0002708045935235631,-0.010537778175963646,3.491384025174071e-05,0.00036641315567470176,-0.24427751512704216,-8.140905182447804e-05,-0.00028386752067356344,0.001350139794604686,-0.012669338965805585,-0.0006883956964252452,0.0007057144769990718,0.010610817280798327,0.0005697333023691881,-0.00016144917518035962,-0.0001139479109652803,4.6440869170102234e-05
99,0.021070204550570976,-0.00011701506340780488,-0.00035711089078078323,4.14038683987511e-05,0.0002952176176318211,-0.0012155730831740763,-7.838083350815428e-05,-0.00022606635484813398,-3.711473141278232e-05,0.006503182065979968,-0.00023580500405967486,-5.836343594207982e-05,0.0005837591871862835,-0.005528320229548606,0.00015961633994635016,-0.00229943949110209,-2.1085837605766544e-05,2.5477649623728386e-06,2.2142274416667943e-05,9.273777960934135e-05,6.165819558766848e-05,0.0010761074450516273,-0.0001827672249735214,3.5772047759428244e-05,0.002000421917775483,9.012158397514675e-05,0.0015065396264472048,0.00013414316816637902,0.0005091007219180065,0.0004969188667833836,-0.000142620872436593,-0.0015778258287431034,0.00011725735939941155,9.386031019846248e-05,-0.0003625318538332499,-0.6044987560561048,-0.004156895148717914,-3.5533511103635895e-05,-0.00010014282237254778,0.00039035189745513597,-3.1552092559668926e-05,-0.0018045478725395797,0.0015209231602560606,-1.2694222312597744e-05,-1.846410541326074e-05,0.00017860593288534252,9.652317361772897e-05,3.628959804853724e-05,-8.56252269580372e-05,-0.001521612785950248,-0.001091022599853375,0.0006095097146996777,9.946187740474295e-05,-7.56882863131407e-06,0.00013870899321742278,8.924239416248012e-05,2.3253487084547164e-05,-0.0008063021390930609,-0.0019291929459803701,0.0002065635505812684,0.0001998205463294312,-0.00027959268871175527,-7.780917387971778e-05,0.002014376699645652,-0.005541456145340627,-0.0017065924250573377,-5.684215082218491e-05,0.7959991361109754,-3.99238312161947e-06,7.54192953739824e-06,-0.00010416528254612346,1.3219661738825272e-05,-9.546999702805941e-05,-1.2871993337482818e-05,-0.007937381628293105,-5.00381398027272e-05,9.446755864185238e-06,-0.001317698009360885,-6.759867677626208e-05,-0.0005832696507058373,-0.0003246881011220448,-0.000503014551160301,-0.0001493242666093294,-0.00021335000536314933,-0.0003700921128244163,-9.758761333365914e-05,-0.00038987584678515505,0.0005430885683847296,-0.00180668772721531,4.822887863154251e-05,-0.00031585812657273366,-0.0004876101854541174,-0.017086412459163237,-0.00046385239234965,0.00020157206864793165,0.00024109150090466727,-0.000634501857836943,0.00017475602837756146,0.00015508208519862503,0.000155069208443364
