,0,1,2,3,4,5,6,7,8,9,10,11,12,13,14,15,16,17,18,19,20,21,22,23,24,25,26,27,28,29,30,31,32,33,34,35,36,37,38,39,40,41,42,43,44,45,46,47,48,49,50,51,52,53,54,55,56,57,58,59,60,61,62,63,64,65,66,67,68,69,70,71,72,73,74,75,76,77,78,79,80,81,82,83,84,85,86,87,88,89,90,91,92,93,94,95,96,97,98,99
0,0.0,0.9640301672893419,0.9910788141670703,0.9968366874654959,0.9992158633759974,0.9882886112519846,0.9979024031144993,0.92331222878586,1.0015470318834003,0.9447166411459949,0.9896545100543771,0.9715345535766174,1.0441951912491683,0.9703804176273455,1.0059967267985315,0.9687002241881365,0.9991135641315342,1.008969774011852,1.0052549621252056,0.9876017983363665,1.0018967862438821,0.9938035303883151,0.9830422484161889,1.002719233614133,1.0031228229081497,0.9938057057016741,0.996047977514286,1.0019888093571139,1.0101943154860922,1.0112460898329696,0.7810431435574147,0.8730602258702523,1.0247974893972542,0.9970693981068365,0.9835972601810062,0.9841144762117746,0.914358769898335,1.0270756106204133,0.9958925748240116,1.0003755075827208,1.0008501877976408,0.9612768936394823,1.0024449640550057,1.0014006255419283,1.040231253451383,0.993980323360985,0.9711920129390755,1.008336162045271,1.0029540764509826,0.9821378510768101,0.9177392848801647,0.9838896390651309,1.0048235026258425,1.0013943305868838,0.9955928770982826,0.9952934143492204,0.9994152536861836,0.9949375002314632,0.9811553042655499,0.996302657711222,0.9814680660783274,1.0238029485004532,1.0044750762376664,1.0082878463937317,0.9819335560602926,0.9856963256755054,1.0063234182373921,1.0305752573687688,0.9960582853829253,1.001659518619273,0.9912786061996894,0.9973644421496104,1.0067461724200761,0.9993341128485352,0.9542022535211376,0.9894711126535954,0.9981910071331337,0.9944755346331878,1.002704686878908,0.9884390516985353,0.9912802768462743,0.9861618005409905,1.0034996122472823,0.9967622912359909,0.9552345266037137,0.9979654570391353,0.9949659457309746,0.9954038022620035,0.971132512184362,1.0047299153791607,1.0080186811402934,0.9938824244761038,0.9903607650501147,0.9895318772906794,0.8908613740496741,0.9865308806640731,0.9850709465937051,1.0038632933518796,1.0015865862600022,1.0100492300239006
1,0.9640301672893419,0.0,0.9637968514081898,0.9939460860935768,0.9706858398663284,0.999622478460424,1.0223964494797435,0.9883716148796489,1.0088430312113545,0.9976665513009467,0.9704127909113671,0.9733078058059351,0.9853022735673164,0.9518972360270563,0.9707618725174862,1.0178954016238038,1.0084556791986117,1.0024476582057948,1.0179231713086518,0.9811326992944087,1.0348911324791847,0.9856005070994166,0.9424905945565824,1.0153661472239146,0.8978630119071191,1.0016860497046587,1.001183445092632,0.9798469893720653,0.8237298931895455,0.8999526007279972,0.9208501616690128,0.9886210207170266,0.9373306973665144,0.9811202749323922,0.9489572399792371,0.9964211642055634,0.9577368469024065,0.9240461654409247,0.9854424963067853,0.9906291331719912,1.018871828018343,0.9936375481534591,0.9819595807405296,0.9737773695832508,0.9263005271280679,0.9829638360893079,1.0000795292623434,1.014565896242647,0.9654051990181597,0.9927709083594543,0.9879710183242085,0.9853169224084668,1.0348967691148687,1.00035333397819,0.9850453806051773,0.9967214651345327,1.019286209401716,1.0096149455427526,0.9839490930405421,0.998282797259827,0.9387502641504559,1.0098725316758919,1.0377451066156012,0.9850877538279228,0.9948176738453923,0.982269016889603,0.996443751665556,1.001446239777747,0.9958795909319657,0.9457289287253682,0.9280539891850142,1.0035936903899885,1.004731979105468,0.9949914535291499,0.9920810213201237,0.9677909549332949,1.0109612487508624,0.9886899836361382,1.0581993532270504,1.0111901261055831,0.9551026704881581,0.8777226082000843,1.0230585417022282,0.9638831689161845,0.9851501500003178,1.0106836557916679,0.9946105445152681,0.9434703368103765,0.9973094668383512,0.9857635278929902,1.0243643262489073,0.9892382166324309,1.010346664870623,0.9971262383229227,0.9600630748883849,1.0033673913199972,0.9955505782642593,0.9988912885659081,0.9802738974594508,0.9740045064489598
2,0.9910788141670703,0.9637968514081898,0.0,1.0053826015117504,0.895938807474021,0.9993480936145587,1.0292768237196515,0.9950911062236469,1.0111492730409777,0.9978323157924853,0.9963471873644515,0.9753326337282126,0.9938315238894979,0.9849748779670902,0.9830547851990009,0.9964703155617995,1.0013246265548694,1.0057653547981433,1.015598579626149,0.8430513580472949,0.9861775213020634,0.9937856031455593,0.995481107049767,1.001753063763139,0.9641378327228008,0.9982173113558551,0.9984289983384445,0.9946062220030716,0.9733393050755298,0.9396559562632517,0.9867078940941444,0.9806601204647429,0.9732058672791811,0.9917453513639721,0.987599043125123,0.9991657531946573,0.9792990879035085,0.9345326709818783,0.9961301530798115,0.9759898451126632,0.9909205219611115,0.9976822125231669,0.9901740621665318,1.0025409642449252,0.9464983573971026,1.0007318988117662,0.9967377640718227,1.0059037663775718,0.7769579226058652,1.0025929764999975,0.9930100727561784,0.99399529045103,1.035377489595686,1.0265066176144735,0.7900923539925386,1.0031181060081966,0.9883157254723013,0.9974396297623698,0.9971192583035272,0.9998842249227183,0.9824024260306738,0.9595619817673356,0.9824872561189554,0.9957871524333346,0.9985900414375775,0.9990949954267657,0.9865489252869972,0.9995790411275823,0.9979513103391823,0.9726269958780009,0.9698626873466479,1.0061334250749168,0.9772022698963647,0.9826348994269136,0.995073224333822,0.8880763846252826,1.011045710341376,0.9984830790713644,1.0830528816876113,0.9355687122381893,0.9895949526703225,0.9047094568477403,0.957124743770236,0.9598184997282829,0.9927375591192125,0.9969435453908817,0.9982421229445672,0.9632151206105926,0.9984379089916244,0.9956586308631052,0.9772663490452892,0.9959293138209847,0.9991836230162403,0.9835488321015551,0.9832546698482697,0.9987528440199137,0.9956950236987036,0.9966218233793029,0.7950192091956878,0.8748105781754776
3,0.9968366874654959,0.9939460860935768,1.0053826015117504,0.0,1.0021364661508665,1.0008262027194679,1.0088017888518677,0.9990332517422323,0.9877846509467185,1.000643564093253,1.0026780665701787,1.007063038484742,1.0023074034603832,1.0034539590952922,1.0025704456276332,1.0093647320647592,1.0091235294782568,0.884652465814808,1.0010675802936784,1.0055120114126421,0.9963726303964079,1.002233328958218,0.9859795055894264,1.0051673594961796,1.0020387452179103,0.9996905509862247,1.0042065539262002,1.0014054308355453,1.0024143391977327,1.0142542193854511,0.993242025937151,1.0100344246189166,1.0111568961343755,1.0023362397535285,1.0014289903854525,1.000114194881891,0.999461475754231,1.0111876612600406,1.0028611179175149,1.0048430143998865,1.0035506431675223,1.0021156538121476,1.0020032967422268,0.9927275333371295,1.0083279064760653,1.0026701795351618,0.9788480389039197,0.8117543157889846,1.008912253187491,1.000835099916525,1.003982697093877,0.9854039863132412,1.000322844547462,0.99814904944909,1.0070929693784023,1.0043454534828897,0.9960148795392791,1.0042918892041017,0.994183273221362,0.9998056992393096,0.9909630089348601,1.0132805432991683,1.002296936542937,1.00023045596467,0.9997384359866575,1.0020356017419272,0.9893432303912806,1.0003977870661434,1.001239060911547,0.9796696922064069,1.0018354562849456,0.6957040899678604,0.9871843632384243,0.9941443101991433,1.0058764083636014,1.0022095637361432,1.014029684898787,1.001788303503442,0.9929410963179623,1.0061013548727331,0.9968600503996341,1.0081629490689448,0.9917761251009776,1.00154651155904,1.001690296228246,1.000719441722009,1.0047472453239856,1.005958191746965,1.0002182930476462,1.0102357191743707,1.0026370343562072,1.0020396147344417,1.0019918312875224,1.0104874343754837,1.0038501174341719,1.0007360851081935,1.0027837895114544,1.0025799564649485,1.0079430966185885,1.007365474351203
4,0.9992158633759974,0.9706858398663284,0.895938807474021,1.0021364661508665,0.0,1.00444347927175,1.0392952835931297,0.996821145695431,1.0091307317524958,1.00079020002356,0.9978872405433546,0.9935675331696358,0.9975350588009413,0.9940281398468591,0.8623769083531081,1.0024666118106123,1.0040385029345715,0.9977493916779325,0.9951019825423466,0.8753348750870835,1.0086129967424913,0.9988473482727872,0.9979669759577002,0.9948569681749285,0.9888172565123481,1.00212218353962,1.0144253445431328,0.9971874902406588,0.9876249173960843,0.9831827215120061,0.9926553532061877,0.993273129930759,0.9502397761776622,0.9846750945448114,0.9925737940848828,1.0015857106864854,0.9927161188292353,0.9870981214992074,0.9991095334466877,1.033925065419376,1.0035736160140354,1.0018335347529594,0.9960263387376729,0.9887088235502309,0.9566235742356666,0.997853680639529,0.9988124984992128,1.0007806588868249,0.9006500213987138,0.9988845536768711,1.0004005100965572,0.9995321272769969,1.0164235545232176,1.0556508601136116,0.7798158743224994,0.9964589326315345,1.0050850818640982,1.005284809359261,1.0019813430634703,0.9986597171805575,0.9939669356093942,0.9736136615806358,1.001535150043502,0.9958454270040883,0.9971705915266184,1.0008333602664152,0.9719063024066265,1.0014516246517402,0.9992883526725066,0.977608832060089,0.973355858608654,1.0014745366110527,0.9855668138428291,0.9866496846160333,1.0002825923604417,0.9280615385454811,1.0074628343666199,1.0005982875166965,1.0065289812725162,0.967196820084067,0.9936011778609825,0.9824220995420118,0.9531857384088529,0.9952158813860965,0.9979708056456615,1.0017005245986712,1.0012127755941815,0.9851136675740003,0.9995277943436707,0.9783788726804014,0.8726037899635893,0.9991049614916397,0.9994607671158551,1.004809000083543,0.994793199142146,1.00227993102038,0.9971885414593639,0.9981435845841107,0.8306529313140045,0.9139287169357174
5,0.9882886112519846,0.999622478460424,0.9993480936145587,1.0008262027194679,1.00444347927175,0.0,1.0069683761601234,0.9997631439100227,1.0099496445401195,0.9764349774477092,0.9446356832736609,0.9980710864554427,1.0281921531680893,0.9938080361783274,1.013666910965775,0.9243066528088847,0.9979409568040909,1.0054854378400093,1.0003855072280976,1.0125926223927033,1.005201189053357,0.7963736646628422,0.9966122966048158,1.0068625580853943,0.9858923316741787,0.9926878031779649,0.9232999071817245,0.940900734613989,0.996096832093315,1.005833308988886,0.9929978013039666,0.9755919925167523,0.991853544561005,1.0149797653689838,0.9937123248176514,0.9927600335182193,0.9863683414345904,1.0043365126723023,0.8928889617781792,1.0192473776288047,1.0011751409513565,0.7399126581367733,0.979931295072439,1.003565070697799,0.9916045631089483,0.95047699815544,0.997964310867537,1.0048323183553858,0.994587911722341,1.0022704930059805,0.9991218509615726,0.9894387055447064,1.0087101067261972,1.0042321400752716,1.0010926044417214,0.9609777844603107,1.003466492524773,0.9415581510911305,0.9918664558558573,0.9912831546695268,0.9951604791004645,1.0035887741860712,1.0097807936740444,1.067101481045154,0.9534732612727603,0.8196197267775385,1.0089318055558818,0.9918397329798637,0.9884913800866678,0.9956365264454223,1.0535666025912132,1.0050447639044642,1.0037764243377552,0.9985182650405294,0.9908120779850307,0.9917197490477089,1.0015850064954095,0.9099684493958162,0.9940641161076785,1.0015456337950888,0.9900345132100161,1.0161471059621876,0.9963841936534816,1.0181188839380648,0.96815832804828,0.9710219055960434,0.9317182792338022,1.1143043952299567,0.9890650668510764,1.0355630801275233,1.0019812456047863,0.9972647184126324,0.956611368627252,0.963410330599379,0.9619028241484099,0.966188809150028,1.0001239797901125,0.9985989038950307,1.0179821252577468,1.025206701497596
6,0.9979024031144993,1.0223964494797435,1.0292768237196515,1.0088017888518677,1.0392952835931297,1.0069683761601234,0.0,0.9949654356667464,0.9846656413651391,0.9990379680341306,1.0227931793531773,0.9970415949353357,1.0048782801848222,0.9969419404877045,1.0368997825931767,0.9957407893416084,1.0097375588346522,1.0084558073858183,0.9401812537910582,1.0120469100906442,0.9600532198928445,1.0095033865914662,1.0211202452570916,0.8737337237954653,1.007159486689283,1.000557475492368,0.9984698380501015,0.9995626588461313,1.0046454576070287,1.0501727920016868,0.996623265438325,0.9962054566522276,1.0175733662238522,1.0469305972994312,1.0122434879022952,0.9992413636790849,0.9973883458812,1.004435599986753,1.024088188302298,0.9974184571222025,0.9450189464324517,1.003640655776288,1.0080080886385656,1.0108569935086968,1.0041728585199114,1.0486331479423638,0.9992064959004842,1.016352799526333,1.0381778716263959,1.0012369207186285,0.9974971220720612,1.0012274022492174,0.9001914830768069,0.9098314020623667,1.0339386962012835,1.0367637186428313,0.9349374949502736,0.9994010839195013,1.0066251818565517,0.9993291256933429,1.0049069070942829,1.0446249884250718,0.9965817774766601,1.0002042749084854,0.9984826107333965,1.0138167282417376,0.9812375933011279,0.9991626294842445,1.0382285897140353,1.0596635367909677,1.0202824862867559,1.0102820697914656,1.021750136323528,0.989184092108198,0.997163561662482,1.0012109624132295,0.9366933269854051,1.0112685237727783,0.9432037796410915,1.0031213442910978,1.0101414745453825,1.008733016376354,0.9974704355263152,1.0541405182424217,0.9993710948837353,1.0152222087094542,1.0010883372420185,1.028831165155272,0.9986267083741955,1.0237877441976597,1.0265951463703307,0.9989529743479958,0.9964905969197045,0.9966583944940475,0.9967442090995207,0.9968778317381658,0.9935055441038729,0.9996794733396335,1.027456021367306,1.0372627242759878
7,0.92331222878586,0.9883716148796489,0.9950911062236469,0.9990332517422323,0.996821145695431,0.9997631439100227,0.9949654356667464,0.0,0.9911680981459722,0.9846496101216604,0.9932299094986975,1.0010416015669301,0.9925025399231713,0.9632007650964014,0.9992625249598285,0.9910931678998582,1.0094194973615263,1.0026790543535102,1.001893763993776,0.9932165096156789,1.0083980892555573,0.9894199173216376,0.9967028480480163,1.0034563514971604,0.9985688382676221,0.9848427479799229,1.0048582825405057,0.9973259331703345,0.9932061099376293,0.9976153201071196,0.9522830664204077,0.9544648658553749,1.0076750054842083,0.9994812532962124,1.0017239645711926,0.9810030469380062,1.0170603520168315,1.0016428712146708,0.9915070006093859,0.995404340758662,1.035435504342583,0.9927548679604428,0.991979264261857,0.9812899089069378,1.005576021778363,0.9975363246083272,0.9844627866313541,1.0009292833630066,0.9970706271424177,0.9287949140455143,0.9635774856696682,1.0041267056281893,1.017796872503798,1.000551273257718,0.9929737208169325,0.9995783473629228,1.0025374673986518,0.9933436187482796,0.9981067542355726,0.9802152254406639,0.9873971566822246,1.0163965439030114,1.0109639191381343,0.9938758961641162,1.000241650633384,0.9959030776715524,0.962782037533747,0.9959254342718065,0.9959120504548996,0.9893002588895858,0.9854720022547934,1.0037620085366463,0.9775490963653992,0.9951188213940694,0.9802184934249025,1.0021251070641497,1.0021689574335404,0.9942381367632868,1.0025158788541102,0.9917970868194963,0.9915393387797249,0.9902337344011611,0.9928403894552045,0.9971398388843747,0.9994145176953149,0.999266756215813,0.9929975291331115,0.9807245796619763,0.991318134134889,1.0012482646368668,0.9973431141746084,0.9956419776394972,1.0009461544981695,0.9955923819250218,0.9563607076963184,0.9888528184767887,0.958923965908834,0.9945131872626269,0.998690473642808,1.0021223738735574
8,1.0015470318834003,1.0088430312113545,1.0111492730409777,0.9877846509467185,1.0091307317524958,1.0099496445401195,0.9846656413651391,0.9911680981459722,0.0,1.0003832868323772,1.0074992949553911,1.0109595925560644,1.004728478076318,1.0003436033296533,0.9993907373318593,1.0055936836712993,1.008353843762818,0.9901254424991431,0.9865602148079641,1.0224690612056895,0.9323412618037447,1.0071978161566855,1.004610879156958,1.04322572266524,1.0044603284554987,0.9987002845610008,1.007993719259761,1.0026971995808185,1.0120768291728455,1.0046668190657932,1.008403271052312,1.0078988970164602,1.0177194517452675,0.9944376877619836,1.0054622311605204,0.999934782408933,1.0061869276269872,1.015655396577615,1.009549207001956,1.0253649871568806,1.0625675150740128,1.00642269058075,1.0062808665607423,0.9710506075188791,1.0177588067790095,1.010914788981013,0.9990372759166095,0.9838465441711057,1.0045597298818045,1.0061665939675155,1.0036432200044794,1.0027134510010072,0.8949694040771428,0.978914200283151,1.0169359482042464,1.00710881683273,0.9617917232961867,1.0068975286584698,1.0022276290688188,1.0026905503264754,0.9994571144165342,0.9748388830510727,0.97266457677073,1.0015716857256958,1.0018419531584863,1.011012372535357,0.8323637244197392,1.000400802044125,1.008766875090238,0.9972451545112526,1.0153164640530716,0.9858223211762452,0.8805466308031148,0.7708250630617539,1.0008009571604262,1.021844990268289,1.1275182221094637,1.0092526808360713,1.0128108364779884,1.0183575232877526,1.0035413004633662,1.0211699620182946,0.9861557089623224,0.9930278528736426,1.0021139920034396,1.0080001920432713,1.0103975897855797,1.0055642423962423,1.0001315486666482,0.9995629407187933,1.0130937835012028,0.999963079237141,1.0020260759866164,1.0130095701183262,1.0068528794427476,1.0021424565794539,1.00530362137542,0.9934819351096111,1.008436775215666,1.0040223193065965
9,0.9447166411459949,0.9976665513009467,0.9978323157924853,1.000643564093253,1.00079020002356,0.9764349774477092,0.9990379680341306,0.9846496101216604,1.0003832868323772,0.0,1.0039833335602344,0.9836288652281514,1.0544577607319994,0.9851153559272935,1.00327513485362,0.9675195552062603,0.9996301194854266,1.0023093914419323,1.001317312244244,0.999623102534368,1.000393257658127,0.9822855258291894,0.9966366345454122,1.0017762472397949,1.0269401813291517,0.9943918540995865,0.9912831910873233,1.1068016782408319,0.988778957990192,0.9991262452783105,0.9934557077626682,0.978800941840107,1.0005567077888067,0.9978835418884721,0.9990436606916766,0.8900692171299699,1.0256976296641447,1.0080545279247446,0.9644441854427309,1.006844897853783,0.9995676967033233,0.9694707628362618,0.9923736623482006,1.0027482483833117,0.9992241700010307,0.993418706160653,0.9847141841329784,1.0017244334230582,1.0010965588608172,0.9907546467765483,0.9565291048914886,0.9918665229427038,1.0014989727073753,1.0003189646687667,0.99907986304117,0.9864374560137068,0.9990751352045544,1.0048544209299817,0.9920140681099854,0.9926648407951086,0.9928170966649293,1.0043612973860736,1.002434541291899,1.0225270989196342,0.9345340417337823,0.9792455554925241,1.0049129932644787,0.9570997150388213,0.9891101776019037,1.0001515269373458,0.9758776081211408,1.0030779647533496,1.0045522514343326,1.0002212804078716,0.9661956782987162,0.9931854726263118,0.9999127086801113,0.9868322227960704,0.9972348015619678,0.9958859294181786,0.9909437436342099,1.003475190933804,0.9988826633021802,1.0027860154763348,0.8911309671964776,0.9909650307176768,0.9490460321351322,1.017081902380369,0.7359507467092578,1.0047337498238074,1.0022113527265173,0.9834872340769284,0.967627844860904,0.9949752043158685,0.9889243590169535,0.9408192052387274,0.9589737625637963,1.005316786368309,1.0059073064281285,1.0154130926760485
10,0.9896545100543771,0.9704127909113671,0.9963471873644515,1.0026780665701787,0.9978872405433546,0.9446356832736609,1.0227931793531773,0.9932299094986975,1.0074992949553911,1.0039833335602344,0.0,0.9947991642196247,0.9784995702499459,0.9936786024904778,1.0071144975730495,1.012929314528723,0.9996834391835251,1.0035847821138044,0.9988739692339192,1.009936785137162,1.00898028295622,0.8687240202369597,0.9903674107158799,1.0073403518809463,0.9888196108926522,1.0001661671988131,0.9730981607745868,0.9548891065017705,0.9893801165920854,0.9890459514854211,0.995255282465991,1.002030728595752,0.9944699984952834,1.0189749993112893,0.9928346014813308,1.0006875102133195,0.9972166004817091,1.00265342077334,0.7087936628519789,1.0096895708112026,1.0037907716587207,0.9073113093555996,0.9268041499916715,0.9921860715760743,0.9945368059921029,0.8731123570305356,1.0024901629388274,1.0013375626414804,0.9935132585475395,0.9935328362102694,0.9943987313239637,0.9971150910816619,1.0152045719101086,0.9979816208936866,1.0032457261852796,0.9548739421927652,1.0046788847967605,0.9922624138649341,0.9961043963669028,0.995151338942336,0.9972943509103886,1.0022077564834906,1.0084556743751507,1.0192214388151482,0.9978570372870074,0.8317714499600032,1.011035899649786,0.9989046889521285,0.8235332067863943,0.9831036638469411,1.0333865842482306,1.0037840020095585,1.0064358314124473,1.0042060634334622,0.9922642376360352,0.9939700922803806,1.0035629521321374,0.9488128400122808,0.9937361718960478,1.0011130698297181,0.9905790795368684,1.0080177980427731,1.0079002359059375,1.0135691351340896,0.9697869361663093,1.010689056182505,0.9420037221057893,1.046995296996098,1.007031778577715,1.0655275357281748,0.995897535972015,0.9971472543046093,1.001240588179765,0.9974707250298854,0.9927875218435199,0.9832736864968569,0.9942012192680946,0.9991092550049373,1.0111634566586263,1.0153218728518252
11,0.9715345535766174,0.9733078058059351,0.9753326337282126,1.007063038484742,0.9935675331696358,0.9980710864554427,0.9970415949353357,1.0010416015669301,1.0109595925560644,0.9836288652281514,0.9947991642196247,0.0,0.9954260513098562,0.988324801901921,0.9993757019491073,0.977890927607417,0.9985101700688879,0.9946433985366958,1.0101586839239276,0.9685412708366175,1.0066890124228602,0.9880378143162166,0.977193918153617,1.0066165156960138,0.9331346580539879,0.9942518653531022,1.0090645200027115,0.9833636636975736,0.887422176775221,1.0072633280772616,0.8967557596414085,0.8843147970657205,0.9516327047331389,0.9930556775373752,0.9575590094711703,0.9872599739874613,0.8575083325134301,0.9611207222410509,0.9903094769135281,0.984580045004032,1.0034250111051124,0.981215944280361,1.000051718379356,1.0026802776074109,0.9893196303659121,0.990400764128669,0.9951276578183511,0.9972118503546331,0.9690279306368988,0.9998200802787115,0.9738062893217226,0.9552881381745542,1.0023072272770368,0.9923254741095735,0.9880314622593591,1.0036375371227024,1.004467168237601,0.9827715086421598,0.9958578686779008,0.9948358367260196,0.9936275332084675,1.0132828762358979,0.9992959381124785,0.9955957607861259,0.9951012975845904,0.9656269833508759,1.0106661910818326,0.997525897123921,0.9943885968069794,1.0080703192614302,0.9647583084721897,1.0024285386608718,0.99905376078666,0.996687011901679,0.9996805518333208,0.9833648823620795,0.9990648124219119,0.9956180664584241,1.0242690365093063,0.9642114682729529,0.9694340013703737,0.941093655524167,1.0045973045507304,0.9956962815186395,0.9867554683430245,0.9976206183773866,0.9678737115368714,1.007449018381858,0.9853668236117142,1.0080353322913438,1.0045423703037393,1.0007688545765465,1.0093978384688147,0.9503135455963848,0.8479657717862339,1.011083669104234,0.9888027681225298,0.9990453246713054,1.0144866283431684,0.9884072923755055
12,1.0441951912491683,0.9853022735673164,0.9938315238894979,1.0023074034603832,0.9975350588009413,1.0281921531680893,1.0048782801848222,0.9925025399231713,1.004728478076318,1.0544577607319994,0.9784995702499459,0.9954260513098562,0.0,1.0004458656860458,0.9979661063297901,1.0014950690936246,0.999389290144308,1.001401431312287,1.0013234660862214,0.9976128842871667,1.0001013386153508,0.9323661973724428,0.9970458114085992,1.008486464892583,0.9772227394709134,0.9876784067321258,1.00304127056327,0.8272999553107185,0.985814643054118,0.9943983633904906,1.0170773359623437,1.0061680217688989,0.980991906101705,1.0041351190281995,0.9895075253391518,0.9841936490369977,0.9985202852775186,0.9844652851142193,0.9599785583969753,0.9855895087131846,0.9991789587036705,0.9933304197013191,0.9827762814670696,0.992133905265773,0.9879862608342036,0.9904507719694594,1.0004255979235317,1.0032119058156004,0.9926164381893262,0.9902545050367227,1.0051145022496228,0.9965707166959181,1.0172605881014232,1.0016679982619205,0.9952915551056623,0.9552693764143307,1.0023352457828427,0.9981906225314142,0.9997411035088486,1.0130031277793827,0.9919781845880047,1.0078519891847693,1.008688344127422,0.8891647581120649,0.9761441164841763,1.0132065700148936,1.0043605848899397,0.9875718674999862,0.9923490125927031,0.993062125195673,0.880988732779101,1.0009772390174871,1.0002914731714,1.0008508001889966,0.9780186795715397,0.9976998705693222,1.0031564983343557,0.9909310619683639,0.9956374750039357,1.0042329541628432,0.99301269897568,0.9900810955250844,0.9911623397650783,1.008146381095278,0.9728597574014077,0.9984146702519776,0.993322958178598,0.9867577843309439,1.0096405073094463,1.0080345633397356,0.9920807227711135,0.9999703756224224,0.9974841101083043,0.9865311130258517,1.0021012053789737,0.9977183935572622,0.9961694940849135,0.9965786502504117,1.0086712216242397,0.994905144336514
13,0.9703804176273455,0.9518972360270563,0.9849748779670902,1.0034539590952922,0.9940281398468591,0.9938080361783274,0.9969419404877045,0.9632007650964014,1.0003436033296533,0.9851153559272935,0.9936786024904778,0.988324801901921,1.0004458656860458,0.0,0.9979471879485586,0.9662727141944767,0.9993277358709329,1.0109705142593346,1.0229851653218418,0.9949333845903044,1.007691504341876,0.987915689327172,0.9551624111874707,1.0021970965764986,1.0111471125766989,0.9990644085247838,0.9903594525797882,0.9913568207656541,0.9552162910873161,1.0286597062680984,0.9557608945754055,0.9414630662403047,1.0051867001733894,0.996905441105748,0.9808362145322994,0.9802819421736306,0.9881266081345335,1.0167303514309127,0.9984298023794381,1.0020989971667944,1.0033990637588086,0.993363712921587,0.9963588365765447,0.9930830788905823,1.025474192185353,0.9989489404006511,0.9854729804768012,1.0270962480805146,1.005564018443004,0.9908395022660401,0.8867694512263499,1.003205759047056,1.0033729886627147,0.9977628739432333,0.9974199251980352,0.9996694885724886,0.9992631819905119,1.000486693189617,0.9496420719422158,0.988959877708206,0.9269912655840209,1.0346798253681544,1.014905706563397,1.00971655292304,1.0024608931908665,0.9941286812061607,1.0075944016738587,0.9903107936367364,0.9985270834565138,0.987973508248399,0.9817155181071061,1.0311309281179963,1.0156972754633051,1.002705796985543,0.96530954865245,0.9977974992556409,0.9972840264893971,0.9929008430210001,1.015289033547184,0.9888650413211667,0.938779402921726,0.987261916133352,1.0217805580483648,0.9948343729135688,0.9932125670665733,0.9967806344558238,0.9942957762378606,0.9870367673066401,0.9878689816203815,1.001938998904822,1.0062366306452697,0.9544614294624472,0.9823787937809455,1.0013664150952664,0.9886982207085243,0.9796147408565141,0.9110908075755579,1.0046105924550832,0.998706018588473,1.0108286203448205
14,1.0059967267985315,0.9707618725174862,0.9830547851990009,1.0025704456276332,0.8623769083531081,1.013666910965775,1.0368997825931767,0.9992625249598285,0.9993907373318593,1.00327513485362,1.0071144975730495,0.9993757019491073,0.9979661063297901,0.9979471879485586,0.0,1.0034721631949741,1.0067497655055406,0.9977232565182158,1.0011276115618748,0.9727271873338086,1.0181714825775385,1.010697017508844,0.9989187703761683,1.0014953430109381,0.9974739941988647,0.9933334341979262,1.0387995077718017,1.008544765089602,0.9782446595392648,0.9350139605099285,0.9906352877799453,0.9996812333079456,0.9570500908045884,0.9836415304702161,0.9938210008172732,1.0006013169338444,1.000190142654692,0.9468988518268938,1.0121661484368314,0.9697475299911925,1.0052025775284572,1.0207811164641238,0.9983239599665239,0.9860669811913709,0.9820377792999608,0.9974431568655145,0.997913433359707,0.9981570536914144,0.9541777046952448,0.9989009258466597,1.0009426517195912,1.0014362316902488,1.009953978763671,1.0429891655198604,0.8908155615354042,0.9953396779993697,1.0131511830375195,1.0384938032231492,1.0008013796906405,1.005649393525888,0.9988056317601948,0.9765590480449587,1.0282488525425333,0.994659763153328,1.0002155817702865,1.0048383775075296,0.9783414013184729,1.0006294274850618,1.0072801105839169,0.990954711225668,0.9658957904991107,0.9997660899212565,0.9809619578945219,0.9923856442555897,1.0008466484868723,0.9952528680040565,1.0047947242495343,1.00474066105633,1.0420886656056552,0.950070490760227,0.9989887296093951,0.950189346428191,0.9983789526045852,0.9442271458885866,1.0062877615761618,1.0060284248595728,1.027424021331204,0.9915083332592756,0.9998135865098405,0.9740991229023592,0.9720454303011916,0.9995392730792607,1.0012281089522839,1.0155848460598533,1.003426494814675,1.0036318223756446,1.0016844098304198,0.9942726912148009,0.9339069159942435,0.964929896999954
15,0.9687002241881365,1.0178954016238038,0.9964703155617995,1.0093647320647592,1.0024666118106123,0.9243066528088847,0.9957407893416084,0.9910931678998582,1.0055936836712993,0.9675195552062603,1.012929314528723,0.977890927607417,1.0014950690936246,0.9662727141944767,1.0034721631949741,0.0,0.9985369546916765,1.0028682700935874,1.005720959675877,1.0091710024715486,1.0060848620093792,0.9467163527242125,1.0051178358181276,1.0031983492486884,1.0035303018412036,0.9735641860296482,0.9044479026524387,0.9573146255542934,1.0170320389796859,1.0219102195386802,0.9894590719055502,0.9064935275742251,0.9989080548462814,0.9960565049902452,0.9990133466167179,0.9755074390146602,0.9966161118057212,1.027097398032784,0.9733750980913003,0.9917588128304126,1.0022306788561417,0.9673497772321296,0.9376325311039245,1.0157139496462326,1.0129479502187277,0.9999705258644109,0.9936676679809895,1.0028131505724658,0.9979186877874198,0.9911884324292937,0.9362926447387013,0.9870744090948167,1.0048841054288542,0.9924763295233503,0.9935793964903417,0.9834162898420206,1.0000958697492959,0.9714644764573902,0.997435735612905,0.985612901698406,1.0001678706884116,1.0046792346778135,1.0112653750550205,1.0239201449354893,0.9476680395648688,0.93851339347348,1.0118543329406624,0.982338117778508,1.0104332292971479,1.007607660205988,1.0151187614188584,1.0129505863878796,1.0091486344736,0.9980705455021822,0.8977264136821653,1.019831445953322,0.9991314205167245,0.9181564880626115,0.9930025655472751,1.0004167301100706,0.9878867505280181,1.0094869728269151,1.001220390634823,1.0168947728682651,0.9736857277665221,0.9834307285498868,0.9672574709247468,1.0613081088963494,0.97285325314459,0.9958603923794777,1.0037961894481076,0.9870257508304624,0.8716340629712932,0.9659582120293748,0.9404767352004614,0.938044389018275,0.9313307393553669,1.0065183583079333,1.0078184865773356,1.0123835119885705
16,0.9991135641315342,1.0084556791986117,1.0013246265548694,1.0091235294782568,1.0040385029345715,0.9979409568040909,1.0097375588346522,1.0094194973615263,1.008353843762818,0.9996301194854266,0.9996834391835251,0.9985101700688879,0.999389290144308,0.9993277358709329,1.0067497655055406,0.9985369546916765,0.0,1.008217347011323,1.0086701273770713,1.0132805595419399,0.7487859386196491,0.9997595330844291,1.0003055449985843,0.8002035157114404,1.004328915817716,0.9997109449945831,0.9976752438382389,0.9994962914921856,0.9990866939377765,1.0026002529606812,0.9981414276191006,0.9985795134871777,0.9968215201170129,1.0050835034789705,0.9951276199650323,1.000448922071932,1.0003099480901394,1.0011305218353137,0.9996578687986111,1.000488151722394,0.9393476482167903,0.9992586424693833,1.0003831110970478,1.0788033505656036,1.00185939790192,0.9996834373565866,1.0018595522872178,1.0067722643582888,1.0064385253162353,1.0050637161355593,1.001726859601233,0.9976051701890911,0.9255941840635051,1.0209774305955779,0.9988233671014668,1.0003265442278908,0.9642436882798369,0.9984355986233658,0.996915862342919,0.9992299490257197,0.9964817848062398,1.0049228105498538,1.0111993403736508,0.9993946400345024,0.9987472935948102,0.9971010744768549,1.035639122774688,1.0002969309521381,0.9988397463174055,1.0322832507843513,0.9990100713985232,1.0101138538425187,1.0358350948561283,0.9039609179804523,0.9999952299636262,1.0029681361252225,1.0794100703015714,0.9984222879691526,1.0147130845382288,1.0017400498546847,0.9968071887971767,1.0000847462813058,1.0268539862978572,1.006073788558052,0.9994421005149323,0.9994332166280065,0.9983393067275298,1.0053997622331596,0.9996003259095427,1.0077902134341423,1.0006580124533966,0.9997351621171515,0.9990838097995115,0.9978167546613477,1.001663658965208,0.9996316498970722,1.0031488592499855,1.003358358332814,0.993063742896318,0.9936000433273614
17,1.008969774011852,1.0024476582057948,1.0057653547981433,0.884652465814808,0.9977493916779325,1.0054854378400093,1.0084558073858183,1.0026790543535102,0.9901254424991431,1.0023093914419323,1.0035847821138044,0.9946433985366958,1.001401431312287,1.0109705142593346,0.9977232565182158,1.0028682700935874,1.008217347011323,0.0,0.9758902603048989,1.0003375585009644,0.9996885980338873,1.003664287165488,0.9935389411910373,1.0058913859772254,1.016678110336219,1.00173561043244,1.0071848879497756,1.0022476668549742,0.9946086338538442,0.9923039880664004,1.0117318981962948,1.00855318730978,0.9778450807816704,1.0009567899700107,1.0050351704403826,1.0013006360699364,1.004456756010158,1.0000165989740382,1.0043637439929405,1.0014134747045786,1.005097331514262,1.0044026867099762,1.0013314546848293,0.9917599991391325,1.0010038444130984,1.001760537627201,0.9837050054235995,0.8496916649845863,1.0064697347117326,1.001187817752862,1.0042672728347382,1.0309340464688184,0.9982804609285587,0.994459827574331,1.0007147561909902,1.0012310713915114,1.0054511176088659,1.0048584213637057,1.0264508175496494,1.0022362260303173,1.014630163293143,0.9922171434235293,0.9949148921209064,1.00139990740701,1.0029663419761206,1.0023930357055506,0.9875916984475476,1.0016744563416953,1.0024395942730715,0.9605811751752537,1.013534373662039,0.7752962318359458,0.9878357619048825,0.9977493796437392,0.9994690188063746,1.0059661520594791,1.0145832893774518,1.0007774794493545,0.9951434280075131,0.9984635276779031,1.009460188062727,1.0040611002939082,0.9618272012894612,1.0007699003223114,1.0020379823413648,1.0015676836250091,1.002603987540363,1.0035246458706304,1.001965398840546,0.9972233114820838,0.9998340729996484,1.0370263356027312,1.001789232778336,0.9924518225054881,1.0136786112382994,1.0051022512019858,1.0065753611478883,0.9982496384222433,1.0054197632915272,1.004289975058052
18,1.0052549621252056,1.0179231713086518,1.015598579626149,1.0010675802936784,0.9951019825423466,1.0003855072280976,0.9401812537910582,1.001893763993776,0.9865602148079641,1.001317312244244,0.9988739692339192,1.0101586839239276,1.0013234660862214,1.0229851653218418,1.0011276115618748,1.005720959675877,1.0086701273770713,0.9758902603048989,0.0,0.9895537163616006,0.9716833142568261,1.0012204391811397,1.0078065588843192,0.9621578053947198,1.0291651330562268,1.0016523918718723,1.003773568876932,1.0035276382040035,1.0157708253123143,0.9916258974690251,1.0197735894565172,1.0076314658466163,1.007769362939854,0.9715988316403021,1.0297148285702529,1.0003798498898997,1.0095457640058385,1.0050521924044122,0.996337498756588,1.0015975013566956,1.0051073803493902,1.0010007090256363,1.001706621367293,0.9880765765376641,1.0082997164458318,1.0002152138213796,0.9997885192742169,0.9597156150909337,1.02077246439902,0.9966309689235489,1.004447950834365,1.0414707363551474,0.9772892428573252,0.9720677085431719,1.0003273761994493,0.9927217341199316,0.8999441041636286,1.000267231619944,1.0324862303960036,1.0026718552772524,1.020062148559362,1.0213243751057575,0.9981010002252851,1.0016471623504741,1.0022842278280473,1.0052696259849725,0.9910162093575745,1.0006908245645365,0.9990365686496898,0.9598411533404455,1.0055153621447002,0.9877228309595879,0.9980935050305924,0.9761669136294343,1.0031013771242556,1.0085979398541658,0.99467314500166,1.0063156486727352,0.9521458252341486,1.0041010213529757,1.0367486558473518,1.0089943812760476,0.9599594751293461,0.9824256951564893,1.0021114182180797,1.001306893314525,1.0001876584889744,1.0019226499478973,1.0006631500558032,0.971035984042823,0.9986401239157634,1.0184616241275426,1.0020114909235167,1.0010350182987442,1.0084565221217123,1.0022934187023829,1.0003027282805368,0.9976452137750439,1.0085619657834435,1.0076455292326847
19,0.9876017983363665,0.9811326992944087,0.8430513580472949,1.0055120114126421,0.8753348750870835,1.0125926223927033,1.0120469100906442,0.9932165096156789,1.0224690612056895,0.999623102534368,1.009936785137162,0.9685412708366175,0.9976128842871667,0.9949333845903044,0.9727271873338086,1.0091710024715486,1.0132805595419399,1.0003375585009644,0.9895537163616006,0.0,0.9878873094889196,1.0061740227579203,1.005393546407652,0.9917542889419303,0.9633067186318932,1.001399265641222,1.0098133322969112,0.9915798177260651,0.9596350195157515,0.8961058616226865,0.9663478887903069,0.9783662872030617,0.9532970740402482,0.992141854106104,0.9932358295165586,1.0003524209403445,0.9499533602153533,0.871285074259072,1.0140285056999696,0.9274822478454557,0.9989445037391755,1.0035064465291834,1.0048852585586703,0.9814814132593468,0.8099287337151516,1.010583208075495,0.9993194751120202,0.9954513699950952,0.9179166968117385,0.9988395879663138,0.9900546722807735,0.9996767493394005,1.0118770702162945,1.0340523913775186,0.8293419132562797,1.016856333042795,1.0003467241654032,1.0079356288332055,0.9987783866795066,1.0011747084787346,0.9976690456798467,0.9524449193610466,0.9432482520217719,0.992990588567953,0.996719735127379,1.0199056287046315,0.987944540761629,1.0018286678712576,1.012565877222379,0.9763480766333752,0.9787214704990305,1.001740166159085,0.9837548329017824,0.9861782154951811,0.9994729246616972,0.7772530728883784,1.007531807265502,1.0228718603719018,1.0362770695935495,0.824271710977116,1.0027520891439314,0.9197605145653311,0.9319531218106651,0.8843823746973858,0.9914710091815092,1.003354430899274,1.007082738626043,0.9668447658769844,1.0002134315570341,0.9973763847121303,0.9524362602272929,0.9982734650944978,1.0031233191975122,0.99361482199197,0.9823043800769617,1.0015384375674685,0.9962978951854838,0.9930828783883411,0.8622183122565137,0.9460460711428829
20,1.0018967862438821,1.0348911324791847,0.9861775213020634,0.9963726303964079,1.0086129967424913,1.005201189053357,0.9600532198928445,1.0083980892555573,0.9323412618037447,1.000393257658127,1.00898028295622,1.0066890124228602,1.0001013386153508,1.007691504341876,1.0181714825775385,1.0060848620093792,0.7487859386196491,0.9996885980338873,0.9716833142568261,0.9878873094889196,0.0,1.004871680635726,1.0222476192576928,0.7969077887092411,1.0059882025255065,0.9998212054970597,1.0029638300655468,1.0009441749226535,1.0194451066566934,1.0184553005325563,1.0111669130580894,1.0074578135982195,1.0055482992736064,1.0226828884418233,1.0142030483779656,0.9996247636823766,1.0047511450730948,1.0003994519286372,1.0082578465496188,1.0100057322564329,0.9860961267927056,1.0006379130110683,1.011283352285431,1.0539280984082717,1.000293747339539,1.018689930665096,1.0024624680695304,0.9970696271769123,1.0051259214661648,1.0025497538153416,1.0033602861541915,1.008553353974011,0.8822379937954457,0.9017355225131689,0.989499159527393,1.0130061671740582,0.9516480042555142,1.0031297889437816,1.0070221721014976,1.0007675650007208,1.0106748723566044,0.9947657340153307,0.9740820193938129,0.9997455995805041,0.9999576904711014,1.016422838330801,1.0246352713857654,1.0002979972507047,1.0109562728648032,1.0292710718354061,1.0123693299468253,0.9952489978139548,1.0281789712015248,0.8290629185450953,1.0018749954419148,0.9984403534684496,1.138936210751016,1.01936740685955,0.9277611778920261,1.0015444009147516,1.0176593868861457,1.0063727744054183,1.0038089749546262,1.0261731439456592,1.0001722141566354,1.0084021660912776,1.0029127643873212,1.010834062570217,1.0004011199438578,1.0212700204428575,1.0035863895709523,1.0037309113998487,1.0022164303976142,1.0037588528811812,1.0026678503554673,1.000898688730081,1.0013842885002213,1.003580299487747,0.9918510513760395,0.9983054153884652
