,0,1,2,3,4,5,6,7,8,9,10,11,12,13,14,15,16,17,18,19,20,21,22,23,24,25,26,27,28,29,30,31,32,33,34,35,36,37,38,39,40,41,42,43,44,45,46,47,48,49,50,51,52,53,54,55,56,57,58,59,60,61,62,63,64,65,66,67,68,69,70,71,72,73,74,75,76,77,78,79,80,81,82,83,84,85,86,87,88,89,90,91,92,93,94,95,96,97,98,99
0,0.0,5.669998713057877,7.0083819820430895,5.7022585715246965,6.8329925447395725,5.923330870111932,6.290303615832438,4.7975857034759075,5.9564910168945575,5.28732027760213,6.443571105109208,5.75800821154269,6.513942760247821,5.01860046525431,6.598847258389028,5.272557843116333,5.957934414792477,5.254312325104765,5.747679574200937,6.600078027206079,5.638267001136099,6.243180102367009,5.21953285768593,6.138695271928491,5.681597427544719,4.786417255482999,4.886931061011026,6.07372659513337,5.78991144799428,6.328031048566461,4.421664387670745,4.648408712531333,5.67981495220702,5.881845462155038,5.842853464581693,4.889337108135038,5.09426782869675,6.464744018051108,6.088667639160166,6.22947052078223,5.630809157357908,6.139455458846129,5.564336859130448,5.502232155189512,6.838517048368048,5.499500096855807,4.977233908317426,5.391383067021958,6.82371967157538,4.82148769374194,4.736659395382558,5.1130084626918455,5.932656133249127,6.2815099417014295,7.000691906176909,6.170764767825243,5.827778551249145,5.904639293158151,4.8963260424998865,4.885971563928196,5.608901149550168,6.359307878949003,6.416771166627427,6.411199119182812,5.265179364423744,5.986083422790604,5.729566946498123,4.952460857986888,5.297956045995675,5.522356922136524,5.536018369601119,5.527785663214991,5.938578443414335,5.958245190497821,4.696004747447849,7.091477179001434,5.490677043402863,5.673185321474878,6.2405941891182835,7.179694541307137,5.668883326710119,5.997750365610266,5.789320481778342,6.005167113473016,6.065089087843982,4.728664127221245,6.127381969858021,5.8403121299380265,5.165424214325402,6.034629494758533,6.465853400951288,5.157306716778009,5.30701955770345,5.762740234541741,4.919669766132019,4.79656266175018,4.858821744568461,4.828745237447806,6.803053035427588,6.630537744933965
1,5.669998713057877,0.0,5.8072413054061816,4.942275017223566,5.695187148365949,5.851892281895397,5.450331294206018,4.792483574103717,5.082640508432163,5.452068528515238,6.114970929864376,5.451545464648192,6.115640479786568,4.830610798286679,5.5370090139570065,5.18614778943131,5.190138658551024,4.463470341158909,4.925241160501126,5.382346863133702,4.885972214019579,6.022902004509588,4.329836334479118,5.340252634621511,4.865815068737767,4.15575055863398,4.397074809107546,5.7170910915462,4.159611052375118,4.658635508746918,4.704437413384528,4.747165048055185,4.386247407155582,4.843808711944878,5.167431540495218,4.62624539638887,5.388858447098166,4.79659991512734,5.722937578885709,5.16827487751301,4.896552917282624,6.219143231795994,5.054158063021712,4.495685454026019,5.128660075681975,4.87373109997642,4.793235915684883,4.610486476581349,5.525876673076386,4.592976528633387,5.307123485897456,4.872856696057472,5.096771344656736,5.34178663907736,5.891173956632666,5.643513069763614,4.981353960159444,5.5002113333144855,4.6131238190623725,4.413314667368157,5.070622675886168,5.312609620727861,5.46835066973913,6.226914121766902,4.950902196466305,5.859055953855252,4.787988229857869,4.527151363062791,4.885809850780313,4.372101607227318,4.622992212921771,4.805882465727472,4.98327073278172,5.083425937043864,4.468278561631847,5.78658076436868,4.761595334014091,5.343100641065695,5.42071406343034,5.813374092800348,5.000234688550836,4.065953560620447,4.8351425575331435,4.811039548254821,6.217840476623065,4.179167883197279,5.8756520896166595,4.777410321146432,5.067153382438071,4.975226840710928,5.447375014092535,4.988509578611041,4.999094655820914,5.259310795906154,5.249054214326087,4.40611535209519,4.977714130724843,4.214105405569274,5.5278961389718555,5.387850837440845
2,7.0083819820430895,5.8072413054061816,0.0,5.865401573773459,4.786124213341146,7.011456778607801,5.998320760356953,5.8549294228276265,5.683368134501739,6.53583821936859,7.377498066799955,6.764020085379251,7.440465563176831,6.078588227937231,5.394062367973009,6.252756534365458,5.916883544378317,5.443496414494456,5.745527713308663,4.640256581423706,5.481867968721742,7.25521737573337,5.67889686535387,6.040027233189135,6.471084257738467,5.254946813798234,5.454992369034136,7.076465676503231,6.140975571068874,5.676182904360645,6.115024959312547,5.886397862123326,5.702079533846764,5.770166104517221,6.60106525296675,5.660947584815189,6.792970296925549,5.9617292546643625,6.921744881905507,5.693679532665752,5.582665074708713,7.4266786890773595,6.19002187301799,5.38040654432019,6.00420826782514,5.994067170554669,5.802910322523766,5.536115605863968,4.381142964481357,5.620601332730926,6.491622410611962,6.104074742085815,5.721596180116107,5.820222697643308,4.379374013819985,6.761750255621447,5.654934874797265,6.4978257228906635,5.72909913843292,5.461777922866168,6.455889033581276,5.417129075537693,5.618360671596431,7.53592366745064,6.096330341053407,7.06582346721933,5.368922583384938,5.543389638967143,5.967046375053474,5.309654685847077,5.874163386294794,5.7186489266476155,5.5197464341287095,5.715357297341392,5.530638081708468,5.5496979679372975,5.571606705282283,6.483427778811674,5.896640519080425,5.84795907966892,6.393097947432632,5.3409829838869,5.1334204579467375,5.3183352594421525,7.452407951526844,5.176115626278488,6.978394023770649,6.077375912685873,6.130264267989242,5.917512226419235,5.4688235438690445,6.075534259389977,6.084508138444104,6.341266841116643,6.549870275744585,5.448214490823696,6.0630245865193695,5.151865747426305,4.623144188816057,4.731179739809782
3,5.7022585715246965,4.942275017223566,5.865401573773459,0.0,5.67257920511316,5.749133469533387,5.1367480011103765,4.602643441268486,4.725119962043861,5.210709010320418,6.166439692516716,5.799534794096516,6.242358024820669,4.792124042983354,5.51531577784308,5.0060755282352325,4.854401389084741,3.045247747731667,4.553095110077599,5.52282989504657,4.48492704968261,6.070191884051056,4.3750184039658455,5.0053209736568816,5.532458630646853,3.971477068113924,4.204097330119754,5.848246992980339,5.367722543925808,5.381536301423906,4.982127772736395,4.727695883927407,4.951290952984987,4.899302303545585,5.3390548515007215,4.333175781011452,5.772948181906866,5.711904754212592,5.7218676302573455,5.330462376872538,4.5324355771304745,6.170422331742803,4.962485677733414,4.373948525320643,5.989311494553174,4.811203151782784,4.245531465965503,2.6430240714164968,5.7342474838377155,4.307335141241297,5.19133997214894,4.668930988865875,4.73079957373249,5.1378863117762315,5.863347965884661,5.586017759857307,4.561999577995291,5.4216997196106655,4.31560873482854,4.143776949689934,5.190076727578532,5.17805350099658,5.188516225863198,6.27964476420982,4.810445129010853,5.826968349356368,4.534779595849967,4.219953668279608,4.703679849713045,4.283258345549678,4.912945312362031,2.2967124376809402,4.7331335844602425,4.752007958079137,4.240624427341712,6.197861835404827,4.422675979455236,5.218224987697477,5.093319280250024,6.1927758322405015,5.071798465728315,5.097016925104271,4.576070605632629,4.848653429025019,6.201663143921198,3.8811441100763995,5.831267615749731,5.157278448302824,4.812445729024339,5.06819349053774,5.3114536661643355,4.635839629167269,4.794974884331167,5.3183859527090425,5.397219060501724,4.145292219966463,4.75283378118481,3.9466504056222833,5.667269584983318,5.535337124184671
4,6.8329925447395725,5.695187148365949,4.786124213341146,5.67257920511316,0.0,6.823403761358435,5.906552587577242,5.664902742255882,5.39240081264217,6.32568647046154,7.194220426884649,6.634346021971955,7.275964811250469,5.896306062894462,4.319217138734097,6.065161019053803,5.800017062364616,5.243016462874512,5.53125070682326,4.686082230063719,5.404269550056531,7.095087364552356,5.518517248918334,5.912021890097437,6.386709925957857,5.0555055377702125,5.269907688630265,6.898409755845368,6.017185020355581,5.6709217225739526,5.9370716169076045,5.725819960740744,5.5151780691394015,5.601448660200877,6.427505433846157,5.449545539680295,6.641648458843107,5.952884505452339,6.730059662235078,5.552046080066873,5.491548627020087,7.240642375271731,6.016933755125667,5.237669608928637,5.890867484558455,5.771352167208657,5.598852086060491,5.336657365640393,5.266007820433381,5.410161099331231,6.311219965133322,5.909900755342281,5.50110460959076,5.631275040197623,4.246492528216704,6.527222419345434,5.587784781091827,6.304241652847437,5.534465617870097,5.240166331075851,6.2920974697588195,5.283459228526225,5.395106753954465,7.342766671404589,5.890343026534009,6.8769785414310975,5.136540901524471,5.3278325662329875,5.756558799338025,5.245068215077247,5.7232843923664145,5.518376008343097,5.382986367308635,5.534223822368428,5.3394454172002,5.606991730746695,5.431769683312452,6.290609978392235,5.5712858652329915,5.732290855950886,6.2161492624614505,5.381263719867872,5.025949475576362,5.351447399213476,7.273272206666014,4.968105759363734,6.77581912357271,6.0545330857085915,5.917102843359846,5.698475457730698,4.568239330067501,5.872951666195369,5.876036734398182,6.189418492267841,6.390372438954553,5.241627715233327,5.861577455514627,4.99201205805754,4.879678506187353,5.306285273954529
5,5.923330870111932,5.851892281895397,7.011456778607801,5.749133469533387,6.823403761358435,0.0,6.290106135973096,5.323634216426529,5.961615379197131,5.335558394072902,5.459957302814349,6.054368200321649,5.821788212559898,5.572941760586832,6.580785224325837,5.323295741740787,5.952974048486484,5.284562996760045,5.7874582267508545,6.632946082413319,5.637457191572627,4.7765786541706845,5.385927619574141,6.136283211950566,6.123413225571003,4.737131132708334,4.699481232637427,5.571908251624457,6.077106973000183,6.445952833918392,5.559318766725378,5.325633594871459,5.700814493741716,5.779728808731831,6.100559816744111,5.083564663893803,6.1191982461696925,6.541329197112796,5.064467707268767,6.201582710245334,5.6282016913294015,4.227863987719801,5.346369918017928,5.479821943050393,6.865050395812442,5.048019699080658,5.265245099568216,5.4206899497621555,6.806102203387324,5.0624609077838185,5.7833988044200355,5.423840711111927,5.920333111588031,6.278872690699178,6.983072411389274,5.480933473717709,5.849594770751849,5.370749339513627,5.07823162683204,4.911489396141101,5.913613808747504,6.317675142306312,6.404197818665621,5.7601800399347916,5.192477154956363,4.485022688826848,5.720354901960283,4.996769432449009,4.896386734156808,5.508007271132497,5.319636668014608,5.583712629717198,5.922184152406242,5.93726711168938,4.98488687325836,7.170030321209755,5.501264648236465,5.080235285901922,6.200056565159852,7.218426757016536,5.94691718614243,6.019787819676454,5.762244105881436,6.012131668096788,5.3706151353723275,4.588737613602359,5.175400410286321,5.734670789885142,5.289101131067615,5.921738975046492,6.418699873836639,5.462989566701747,5.200436205815848,5.56364427907836,5.550555159398563,4.8461418209860625,5.468608437302524,4.89608606930364,6.81958425011773,6.611627358248194
6,6.290303615832438,5.450331294206018,5.998320760356953,5.1367480011103765,5.906552587577242,6.290106135973096,0.0,5.103445102641277,4.673058874923645,5.748678061744993,6.716867789848296,6.248466591244398,6.782657863070778,5.384057922374902,5.757843029824816,5.504316741035837,4.278295718386236,4.709881522953495,4.658878934507772,5.642924191205772,4.09967573799013,6.606425687625213,4.936066191753295,3.559748166307792,6.047187159172002,4.486245650959471,4.701174617880737,6.374306858767358,5.8464621769416025,5.899749487465833,5.532078530032547,5.244316773861466,5.3695867538638105,5.346254503668426,5.96558677840179,4.860363461568404,6.291936826544035,6.0829884242959915,6.255299322796255,5.717238922594857,4.093001740315978,6.709993424520502,5.4944742105255235,4.785189568008874,6.3482600862737355,5.344243498676192,5.0275935164040995,4.793854381292382,6.091899971982704,4.852850321015259,5.745218117866804,5.3660384181701,4.261583461278259,4.0035082445059444,5.9238839567578365,6.1165105950479575,4.6435302216225915,5.87746631223394,4.957588716475783,4.6620098684109195,5.809935034032957,5.205785969949241,5.035235654819047,6.818853655842129,5.335245119783009,6.377140311428757,4.698604113835419,4.737254911718429,5.267713651013805,4.899433973265745,5.391628009281229,4.990879493187883,5.0460355332468865,4.625889775044826,4.755540821385264,6.489136152523598,3.905208588392508,5.759388369090657,4.088243613055149,6.537502067453042,5.728623906541486,5.481078689973581,4.5266065121285415,5.146323509045049,6.7359772049126345,4.404182891121289,6.3205327197970265,5.683874629645547,5.338724868157443,5.478149077172109,5.621425485218249,5.3063728144635975,5.3017908315069056,5.763823949170307,5.898465116902152,4.656443225535416,5.289097540024206,4.481687252400539,5.917274767840245,5.913197077708393
7,4.7975857034759075,4.792483574103717,5.8549294228276265,4.602643441268486,5.664902742255882,5.323634216426529,5.103445102641277,0.0,4.634298649851007,4.787620754786138,5.769264824820591,5.439250919090823,5.820016175490237,4.350212852181047,5.472003619421022,4.626773287362431,4.782512879959426,4.146948639828096,4.611114223296731,5.489588889905632,4.4449563913944425,5.619587928564725,4.3511102497111365,4.93793005433842,5.205333680966896,3.732906911101132,3.9921694106191703,5.486366043460973,5.143351588550142,5.302216710825495,4.49350262688885,4.2258443089964155,4.801585953197876,4.825295546696759,5.211038228517687,4.053432253206721,5.393724529715242,5.5330611568117165,5.364989578772535,5.24590142726555,4.487722457857059,5.700860335744879,4.641162207180216,4.234715916275881,5.8513262834482465,4.640948070346006,4.143069914902227,4.282829061391267,5.671289603414786,3.1488493692314616,4.522868149268468,4.519090765224608,4.734864441366248,5.109616250146829,5.829901552339269,5.373973002444937,4.649321091325534,5.206276045159148,4.086044513174665,3.826446396662796,4.9602961664305445,5.169690748133791,5.213142596593257,5.817830082903821,4.514187172874114,5.37073668489437,4.368447522265405,4.008388364623393,4.397335705708956,4.315260860219117,4.696402269808228,4.445221137023517,4.534168414674236,4.674362594779042,3.9383521416872944,6.114911436377548,4.339694882056199,4.854829265964146,5.083007667186868,6.109504835896795,4.984063290915843,4.967478872245151,4.609046517806937,4.865759603563615,5.727102350903142,3.7056348192789015,5.508283075423474,4.872233774837113,4.496583217448554,4.977468574879632,5.284136710660689,4.378286650821557,4.517967969040645,5.126257349508847,4.785799463342606,3.916530062737445,4.141305607918549,3.6012840694317454,5.657059236099544,5.491729505128333
8,5.9564910168945575,5.082640508432163,5.683368134501739,4.725119962043861,5.39240081264217,5.961615379197131,4.673058874923645,4.634298649851007,0.0,5.408669578621381,6.365185233141143,5.936207225193797,6.441668186837948,5.0583026039661325,5.186441160279289,5.185023152806557,4.385037852610104,4.291419860078997,4.39896837659907,5.384273660788608,3.8379821999209454,6.2672746273553965,4.599754179549659,4.6267718270566,5.693633569039585,4.1337749480294885,4.381971166155794,6.044362754107505,5.519774873336441,5.481722561027473,5.216452175088627,4.919392789614563,5.040587222350767,4.9665069541835924,5.614626393095947,4.5132982718467956,5.968039858736117,5.735832828497123,5.925803680633414,5.391211778083482,4.336713521731756,6.379127424966654,5.151942542621316,4.136190298225004,6.023341416243775,4.986753194734024,4.669664609733159,4.378847040968824,5.644848002250146,4.493822248650906,5.411662294906015,5.02448700733046,3.873695345813979,4.594740660138682,5.523353000774525,5.777032136840304,4.29851685121634,5.542771228525361,4.60154761616839,4.319240995075119,5.467068977231605,4.707191780191264,4.622543149036209,6.482265844615665,5.001431533184233,6.04377630646751,3.5268814528404864,4.3919563219379425,4.918718654759787,4.360443973520536,5.044121170698737,4.574129387928903,3.815704873349335,3.2815000473097133,4.417737990466659,6.189883685152255,4.385336034951917,5.428397380986176,4.801985732157604,6.173471656737899,5.384587780604791,5.143641038354426,4.432253052821911,4.845936792613076,6.404101241256462,4.059667364394575,6.005741274942091,5.285373440913813,4.999138283650919,5.1382352257296136,5.163231872257355,4.956929932095542,4.976038251137052,5.463024307309849,5.5787165223423285,4.323709968762231,4.96198272821019,4.0643353555001145,5.542328305800891,5.472764708623014
9,5.28732027760213,5.452068528515238,6.53583821936859,5.210709010320418,6.32568647046154,5.335558394072902,5.748678061744993,4.787620754786138,5.408669578621381,0.0,6.00060036393659,5.86131498763407,6.085795466569873,4.934251496092604,6.104220207888401,4.808815158153888,5.392753995945395,4.743541469722443,5.271717001066754,6.151084284994444,5.078535806986615,5.7319720488620165,4.950082603704733,5.577712843673487,5.8910027910992975,4.199871953784562,4.31429799380356,5.804180834583527,5.720120197298314,5.978285354757531,5.162105657555451,4.751964823227802,5.385892273253188,5.395825457278895,5.7625220311707075,3.7901795143257435,5.9513844584028295,6.153021492386614,5.530740336772473,5.844835918755432,5.055878388721561,5.611975667284398,4.9333101058164175,4.986304715402609,6.489283858106873,5.0421030221230785,4.668259815956611,4.880743601908343,6.363182764247532,4.504161984094512,5.010113745442772,5.013590601225465,5.38681656942407,5.7532279979266105,6.508426321390486,5.688091364880547,5.314579092011452,5.554689662406354,4.597072617412536,4.238640013569386,5.51905314070526,5.830013340437055,5.8931879188105025,5.985330314791487,4.501020320727978,5.538175099822825,5.191833026373671,3.8604846030428015,4.724092366977034,5.029951819890321,5.127394066278484,5.0406285846793075,5.419375746663947,5.4078372111449236,4.185640857256001,6.742550441146511,4.92305524751697,5.0774629137674845,5.704864432576744,6.7638747937947965,5.566680495709945,5.586046422128183,5.272702026263628,5.5103716414851185,5.133054993328014,4.110422965455661,5.544542106054792,5.36939005768929,2.9476256072160565,5.5543299032699,5.945754410064614,4.875349773070382,4.574803960346452,5.563527767295988,5.394897804802953,4.046064308802651,4.678335854802658,4.363131739286976,6.333586274790554,6.164150611094617
10,6.443571105109208,6.114970929864376,7.377498066799955,6.166439692516716,7.194220426884649,5.459957302814349,6.716867789848296,5.769264824820591,6.365185233141143,6.00060036393659,0.0,6.437380438954222,6.079701589397585,6.016626550818884,6.980906132984345,6.035161434473073,6.371705068686383,5.689712014666761,6.200629400246811,7.003924525165118,6.0596094273034335,5.219182561313282,5.7802472669989164,6.55648403211987,6.579792829288411,5.24669183972742,5.311048860210162,6.042039198299239,6.489436050380815,6.753481345360122,5.979508282936452,5.898680198853793,6.148732480804038,6.043423742276069,6.492936088795992,5.586032874299546,6.6152741200084995,6.995810272463098,3.98058545797815,6.601058411999146,6.046551728639644,5.582551029454168,5.359881886615002,5.79286052830754,7.286628062931811,4.8952074808873345,5.729452353059289,5.815840723565629,7.174744799181911,5.51876696837876,6.232904132487307,5.829961766719648,6.343073760229734,6.678674360603152,7.38529617972331,5.3173053071925285,6.257666372645875,5.725065582822873,5.564368850696206,5.398608695471225,6.306637510809074,6.719762172985389,6.783971562584683,6.024672144904668,5.839283811605119,5.031886826290998,6.12372892831433,5.494155955606462,4.656717196975294,5.841933251258759,5.662763479799528,5.991051701194632,6.332995124908912,6.359380157867006,5.445339364140086,7.578933461030215,5.918431188619256,5.430150801728417,6.614963391807462,7.614031190150857,6.360267791740298,6.4064885769711175,6.174058497992652,6.3276488796605745,6.011440435793886,5.024202058088518,5.525751401711873,5.70662390905409,5.8991581967999025,6.241676977832115,6.78550492819152,5.931304654693303,5.803948391198537,6.0614430935465,6.022037405704957,5.336677331690592,5.90118025911323,5.329107820349982,7.169400794368552,6.963055530573825
11,5.75800821154269,5.451545464648192,6.764020085379251,5.799534794096516,6.634346021971955,6.054368200321649,6.248466591244398,5.439250919090823,5.936207225193797,5.86131498763407,6.437380438954222,0.0,6.451232875197598,5.584376754779022,6.37554075241881,5.616903170139487,5.964450095716457,5.256338611656139,5.756173526664786,6.328092049731025,5.642638349498525,6.313821291413404,5.220390428263944,6.146228447229787,5.462320301307992,4.8628336830938474,4.983300210456633,6.13814115160508,5.137027160978247,6.100939693434503,4.8845132475261615,4.96071318177841,5.106643180378522,5.76304089803355,5.676006678900812,5.211623292814519,4.918248400966723,5.898670356418299,6.0117655889907144,5.8636630306253235,5.6549425176378625,6.320122744113721,5.757986574581744,5.477197225847528,6.399691960671976,5.301156157520798,5.3740487731077495,5.395526444919522,6.489017348659541,5.219960375406945,5.675354567888781,5.083100961883377,5.884649690979245,6.116719621630158,6.771001834582235,5.880372913975348,5.810631072632298,5.188491718725636,5.22560935792298,5.070368706397085,5.707847640414294,6.198152805823416,6.257800103345142,6.4636728743514595,5.586123744349823,6.156981246480261,5.655290568065536,5.162978667161447,5.444582926989794,5.493907135369036,5.224997378781021,5.615856529952967,5.829408529174442,5.929747937146533,5.064026807716559,6.791997198027264,5.521887599807831,5.887690559584262,6.157586491002151,6.775698030520999,5.546396125315502,5.573847169412598,5.668691130743646,5.891272557384684,6.517238919848832,4.844435134841871,5.630855004283994,5.777040501727482,5.5998980662697075,5.915206660490526,6.290707590105648,5.537056899911069,5.597498553550759,4.524139367590964,4.44270998749508,5.056519854572129,5.4411913181916045,4.951971828315495,6.550473825253789,6.390983096289518
12,6.513942760247821,6.115640479786568,7.440465563176831,6.242358024820669,7.275964811250469,5.821788212559898,6.782657863070778,5.820016175490237,6.441668186837948,6.085795466569873,6.079701589397585,6.451232875197598,0.0,6.049721439439341,7.013115169764441,6.057975775412154,6.456286336357126,5.729507202908418,6.241430035102138,7.045922235078167,6.123612793288528,5.382245859444653,5.745277144197862,6.640810966535149,6.335971704816285,5.047117536292664,5.397436659293834,4.400284529476568,6.347232535498248,6.751450455568706,6.010623443232006,5.903082668187998,5.9823006984565374,6.160198009273464,6.409008704464734,5.551760216108776,6.489763226569095,6.766338139911085,5.670557222297015,6.527119869189797,6.120994132423326,5.712591526007425,5.901842094975465,5.888827952869835,7.107822086068019,5.54996582699439,5.81156454988128,5.875460614870016,7.202177604550496,5.58352133672416,6.240763427383851,5.848588759419855,6.4180119941881495,6.763969790626625,7.431418888533276,5.854808386751184,6.314421549912274,6.019662469654796,5.629077336481906,5.410491742686343,6.270508180119481,6.772676988567436,6.8739329434277545,4.781726197230208,5.525983784181346,6.0525751303624284,6.194609468253063,5.479615012188859,5.544366179752571,5.929848623176039,5.025738673081586,6.063587273665086,6.378356055774831,6.437395550385138,5.428217003335728,7.55409300160553,6.00216028974538,5.929462634934753,6.685337486140717,7.613565241303665,6.266435045675577,6.32246768866137,6.213994558677325,6.433728090815516,5.556515570459603,5.20679333433799,5.999223134580669,5.833465897457351,5.879156175636556,6.232306042965275,6.845315058939509,5.992493639828399,5.752075673602674,6.074973884653476,6.090509647691991,5.4122075824495335,5.934525354541068,5.38265323763329,7.21627429777855,6.931555770842371
13,5.01860046525431,4.830610798286679,6.078588227937231,4.792124042983354,5.896306062894462,5.572941760586832,5.384057922374902,4.350212852181047,5.0583026039661325,4.934251496092604,6.016626550818884,5.584376754779022,6.049721439439341,0.0,5.726570684170468,4.514974917626685,5.069966207917827,4.343778015410642,4.892401163799674,5.713083719233737,4.754578752679253,5.856263877909543,4.348700009756026,5.242803153871643,5.256921496138449,3.98876735682442,4.105373874030056,5.596317851499423,5.1408060828762885,5.476528539553867,4.438369726058118,4.072923722615108,4.937769002497867,5.0358489563681745,5.133602086809512,4.24340646779708,5.449451617533048,5.711975885123505,5.638172342168971,5.470056268099355,4.747110982277327,5.945128177669973,4.736789619542874,4.58813927336867,6.04596189402968,4.814049708526774,4.1055774046298,4.5080344061229995,5.94156038049786,4.198186823271726,3.9586715344006658,4.534336941180165,5.028470209461637,5.376648575811083,6.097148295334207,5.55974444991493,4.924374535621446,5.400740593153205,3.9747601033094457,4.045585268180029,4.693645331963923,5.466407652343996,5.516829662622726,6.086901730364903,4.556867791415471,5.602176806310511,4.831867087604305,4.177333493573124,4.6425512339299475,4.566151656393073,4.875454140452471,4.681886286329037,5.051862090898824,5.070870061525478,4.031775690539742,6.286285586876777,4.599695639026636,4.934677491105262,5.371220862447359,6.317518449346781,4.85973052991287,5.155549358902196,4.913840085963592,5.083319791566354,5.916028812002834,3.924585116247936,5.716568238383189,5.089332171491373,4.612108117236358,5.196356008579001,5.55995774831142,4.089746997188977,4.511261584516167,5.275184850576815,5.1435876696761005,4.046656548940634,3.81462340525907,4.016843810583043,5.892782523538037,5.751568449698675
14,6.598847258389028,5.5370090139570065,5.394062367973009,5.51531577784308,4.319217138734097,6.580785224325837,5.757843029824816,5.472003619421022,5.186441160279289,6.104220207888401,6.980906132984345,6.37554075241881,7.013115169764441,5.726570684170468,0.0,5.83096253538138,5.673802836625751,5.076792124596461,5.3005758286852815,5.048800582900899,5.29635040663243,6.885679788726111,5.316488015120276,5.80835678704508,6.203985416316492,4.8270813512341695,5.057714879054188,6.682151955682278,5.780779273087308,5.526746971070224,5.688500410249994,5.520657897583173,5.346166793852035,5.495335630422301,6.214196687875685,5.238732406940666,6.40449791768069,5.5961389545418285,6.528970797392883,5.4216623134966015,5.363562631278607,7.036787638253654,5.811068944770238,5.074223319680973,5.842000732135195,5.537267669493265,5.404371731033982,5.175316215438508,5.532025614065607,5.218602567736265,6.08367382193505,5.691247479703531,5.347233679133976,5.466153460778,4.686293985743112,6.288583640430686,5.358232192961838,6.109056041622006,5.327601549302823,5.056228590764901,6.097904306259783,4.86489371671885,5.08047110839864,7.070931241887072,5.685622204951436,6.641246937477192,4.996497544270635,5.120103118173345,5.551379652986158,5.130986928533892,5.4476371954084915,5.358218076473757,5.231491399817731,5.404177691033955,5.1247636035341815,5.759282347308169,5.285207349628808,6.074674764956653,5.536840979548962,5.714233029222431,6.02038166670189,5.181384347240662,4.814582619131627,5.191344731502815,7.057005136635321,4.768521253896965,6.5777392477100305,5.879950047204363,5.705596028760075,5.602656250848793,4.903296320420614,5.677660971367393,5.655621102076952,5.948891303686051,6.146852924749752,5.0293340962919,5.654052353332367,4.80458686255281,5.271645452016927,5.473000038278959
15,5.272557843116333,5.18614778943131,6.252756534365458,5.0060755282352325,6.065161019053803,5.323295741740787,5.504316741035837,4.626773287362431,5.185023152806557,4.808815158153888,6.035161434473073,5.616903170139487,6.057975775412154,4.514974917626685,5.83096253538138,0.0,5.175285625444396,4.523870851842944,5.043885239495291,5.892310537952623,4.865540877178682,5.651778135426255,4.718030351449528,5.359721350925012,5.584097592570465,3.9552835144545675,3.6832441190801375,5.386351643650562,5.457981173900713,5.730347411791827,4.862658715321244,4.057396467721302,5.0957481964271825,5.136855379823003,5.535092114850719,4.2251439864314175,5.652088568332349,5.876794572420569,5.575810933111441,5.5213031292912085,4.851919486870638,5.835651941623497,4.318928086542329,4.763848740633263,6.22114595092959,4.8849803807917125,4.513507087237177,4.656753564634944,6.06934258666485,4.367659038583057,4.569399880270808,4.841149793561369,5.1503355276185,5.477113108956401,6.220644767739721,5.571509967050331,5.07463026000258,5.350146540984346,4.456611966695436,3.948338359354985,5.3254189027273195,5.563753547477797,5.652511755851089,6.079512946233369,4.145316005947586,5.281699704312973,4.958046891371038,4.151426336882738,4.657442826519064,4.792292141956009,4.9700230290336815,4.847230116927111,5.176472712260329,5.173080435259713,3.6810050693414964,6.5109813878222145,4.71490610342281,4.440780873507878,5.427484634323478,6.4787121967938655,5.3105224893643035,5.31169539428225,5.021435474775409,5.2773065081060135,5.8022306752477375,3.912192141927766,5.585705420023384,5.22110869971661,4.473920135905426,5.278210789900172,5.678139085910502,4.68026692234487,3.7840377689523264,5.255540299579475,5.115741116734275,3.7821902694515743,4.196189089514302,4.16408049122929,6.053282738895569,5.889172939916659
16,5.957934414792477,5.190138658551024,5.916883544378317,4.854401389084741,5.800017062364616,5.952974048486484,4.278295718386236,4.782512879959426,4.385037852610104,5.392753995945395,6.371705068686383,5.964450095716457,6.456286336357126,5.069966207917827,5.673802836625751,5.175285625444396,0.0,4.4002940214197475,4.603538644782681,5.579709597232398,3.0391906509067357,6.285980952929612,4.620856670180451,3.235935992653545,5.779837036037125,4.125472864722338,4.366268165675349,6.0484818613671205,5.589539084336648,5.652755195067896,5.244303159843442,4.9274172066352175,5.108614312281062,5.100487645724632,5.631869664506679,4.49530677653883,6.008666103842285,5.868002540297359,5.9254886529121995,5.564397200214351,3.2267891313962074,6.378121200465488,5.158090340038483,4.54774400599375,6.164705454512905,4.991111139972781,4.678502284418904,4.482989318282826,5.927498610556969,4.503552813044843,5.408268215699297,5.020700281944254,4.172124337101087,4.504853206927282,5.856514120765523,5.792873802897813,4.480400819958304,5.604066033963988,4.580925559897878,4.295056565199667,5.486020663170627,5.184789870405338,5.192309140343555,6.485042410188903,4.992808252054326,6.032497336860368,4.474285124978942,4.371252962650352,4.906335443773423,4.601054261788368,5.095356396243182,4.696627989934662,4.7409985423280725,4.066585039194534,4.402670805184387,6.381885857249745,3.7368537236964903,5.414467822541887,4.377437021350458,6.405271770681707,5.403475482962619,5.275893885455,4.705748738294341,5.039329886449586,6.405093133064618,4.035681496470722,6.019982656749672,5.3725149770194776,4.98163185497512,5.267070406011115,5.487558485881022,4.954467433004297,4.9604820016207105,5.491230420662196,5.6044927139250165,4.307476284798646,4.954514305314449,4.144212500773577,5.776648967913629,5.711743353759499
17,5.254312325104765,4.463470341158909,5.443496414494456,3.045247747731667,5.243016462874512,5.284562996760045,4.709881522953495,4.146948639828096,4.291419860078997,4.743541469722443,5.689712014666761,5.256338611656139,5.729507202908418,4.343778015410642,5.076792124596461,4.523870851842944,4.4002940214197475,0.0,4.029711508429453,5.0830776606674295,4.0480261179783055,5.590624875507575,3.877701601599297,4.556174814219027,5.065993867972947,3.4834532853538054,3.7328178639045806,5.342521345929581,4.848201590064225,4.842878880476197,4.539385831469167,4.261776208010948,4.361030828195452,4.445183496949378,4.828760871460211,3.8632110807278592,5.288148700628805,5.195881691815272,5.242447290824369,4.8568003563801385,4.078361184046288,5.690102368122611,4.49420534014732,3.881836420642969,5.473442338356261,4.324923981681809,3.832510813201688,2.807397926677647,5.261737739576887,3.8443917809607004,4.713961364803251,4.278390144441929,4.294327187754969,4.6872953544002325,5.426351846509617,5.103338780431199,4.126938197837694,4.937322969862074,3.9110495987451865,3.6748535956274346,4.745638966359717,4.6858526208445355,4.758830258541286,5.773947284639847,4.333424572703248,5.360540810490751,4.08909041110188,3.751313699324552,4.248310866632668,3.7477136355187732,4.445657875668957,2.681032041838762,4.294005707906285,4.318188038803422,3.749576036039165,5.740275782933996,3.9596863196680885,4.7499223974431235,4.660318356578123,5.715680326877749,4.574244571528652,4.620972398395254,4.079514259492096,4.441455217767419,5.7120454399759355,3.41324478159974,5.33796179262529,4.6694200852088334,4.345908766162979,4.578701849819541,4.859176562217109,4.237780938355908,4.314585978787579,4.76996807266462,4.917775895943052,3.6756397068417206,4.283423798705071,3.453017346355147,5.23128176398291,5.055427905052449
18,5.747679574200937,4.925241160501126,5.745527713308663,4.553095110077599,5.53125070682326,5.7874582267508545,4.658878934507772,4.611114223296731,4.39896837659907,5.271717001066754,6.200629400246811,5.756173526664786,6.241430035102138,4.892401163799674,5.3005758286852815,5.043885239495291,4.603538644782681,4.029711508429453,0.0,5.3491161479256135,4.211977257124017,6.103775140326428,4.181747470217532,4.621039951990398,5.488398066431805,3.990570860581266,4.243274667912104,5.849120866854862,5.317883304378852,5.272016448996056,5.046727988211,4.755013773924447,4.812752397044807,4.807460702324259,5.338740234742173,4.385803879206867,5.761626579052702,5.577366079061768,5.738679108241463,5.336359857448232,4.397701469448557,6.207145891824227,5.027566677925434,4.2743785936972305,5.874459445386794,4.80134494244771,4.470185187289546,4.07022613843353,5.64275878074848,4.370200574323541,5.234477893011628,4.830338147774361,4.217586619474022,4.841954317585308,5.652666576098895,5.581868731873228,2.7934457900600758,5.414085452336846,4.44884404312835,4.193322187012532,5.204233959190781,4.672593680216747,4.696272071485107,6.293301247692701,4.85261040356197,5.88203348603882,4.306057504205297,4.269736459822313,4.763934308687388,4.120555726192015,4.8466069352503425,4.382809130682999,4.480698447244586,4.353070380917979,4.279706791242809,6.130986056171234,4.26735852825141,5.28829867660225,4.77892984972992,6.130575772209159,5.09814107899013,5.036099711092197,4.1812431624111674,4.736771630983213,6.240714504396421,3.9286556426100816,5.843636239816942,5.1671365596727,4.866215055459346,4.969465577806268,5.252944810454454,4.773780796509042,4.83469131859257,5.286542204242993,5.408917944390697,4.191298096298449,4.80023434765979,4.000387706106495,5.549581939801124,5.424574435651662
19,6.600078027206079,5.382346863133702,4.640256581423706,5.52282989504657,4.686082230063719,6.632946082413319,5.642924191205772,5.489588889905632,5.384273660788608,6.151084284994444,7.003924525165118,6.328092049731025,7.045922235078167,5.713083719233737,5.048800582900899,5.892310537952623,5.579709597232398,5.0830776606674295,5.3491161479256135,0.0,5.124951668159837,6.8903784028452835,5.322642219106599,5.647393149812996,6.064689361538723,4.870087477182319,5.091243967930153,6.640747995176484,5.638271428001888,5.170457017976029,5.6492864935001705,5.492106003909462,5.306540547084871,5.343637775505704,6.211701697182187,5.281880483310104,6.290143018741949,5.282756884801979,6.5572570307764355,5.316954167912514,5.230710086515976,7.030626470890254,5.845345696994671,5.058654444397501,5.159764830926537,5.601287332868152,5.435344621568453,5.1545416630035366,5.259920200897207,5.248616462618006,6.095956411579899,5.731501564034701,5.378769972261535,5.504811209598767,4.500174005589528,6.376941621596151,5.3652052202489005,6.135547497644549,5.350857191183259,5.079891963389995,6.097230602188915,5.103336413564707,5.174336875278881,7.105406919561343,5.691451688302866,6.710174309461307,5.01576803160167,5.16653224115118,5.593057231001442,5.023346497480772,5.490994926374783,5.365707850437428,5.190901191549412,5.4124785304108505,5.157810604102913,4.850864360370365,5.191531766947503,6.148560756635342,5.449209707682051,5.1796122677957666,6.0286674025006075,4.9615447822117265,4.669099365054122,4.690046523594632,7.036194068403984,4.805830373259857,6.589045570715021,5.7057063586006125,5.745215912942421,5.4930890403438575,5.218995365270288,5.704778585294634,5.6928844585719,5.974526783535437,6.15155294108175,5.068492063157119,5.6888061008382325,4.824669880250947,4.931026411586177,5.288574842699953
20,5.638267001136099,4.885972214019579,5.481867968721742,4.48492704968261,5.404269550056531,5.637457191572627,4.09967573799013,4.4449563913944425,3.8379821999209454,5.078535806986615,6.0596094273034335,5.642638349498525,6.123612793288528,4.754578752679253,5.29635040663243,4.865540877178682,3.0391906509067357,4.0480261179783055,4.211977257124017,5.124951668159837,0.0,5.958247840652506,4.337664269857073,3.230290975739227,5.427158787120797,3.808707626726447,4.049365573110469,5.723876695544819,5.281165236342419,5.313588245465758,4.931114824217408,4.61343479482122,4.754953725795092,4.772163941257742,5.327701678519428,4.180014493870761,5.67867140268156,5.501120962834429,5.608654511209705,5.209476546729319,3.482465288935946,6.0512697467700285,4.850634260877837,4.159360512847812,5.793702143787716,4.683186310813563,4.358655414069592,4.1285785265547945,5.5370037641439955,4.181218232219812,5.089592489725894,4.716166692138615,3.7456929743266785,4.027290133694921,5.429174778387957,5.479120887144294,4.148339595617203,5.264766650046415,4.282097082361999,3.9840433902360894,5.182518336971413,4.707844215039583,4.642350351027021,6.160641309362922,4.673497119269567,5.74195295287784,4.041723450462841,4.057976306290792,4.596876986887698,4.251694775708486,4.7633864328814495,4.328402952516878,4.350401277372245,3.559994506037548,4.089895927959286,5.998478016264421,3.6803045345749315,5.127498486590554,4.106014846601964,6.023842440425414,5.115895399924404,4.915859452473289,4.2205421644641765,4.678760347717993,6.080521702387434,3.7278966760143852,5.690130882056827,5.04242509637597,4.66821965860471,4.9319743473819235,5.096464561406794,4.642604618320584,4.648624123856738,5.158360417335085,5.265526251451198,3.992182299706364,4.632773518082645,3.820971996644099,5.379630945867053,5.33811257643334
21,6.243180102367009,6.022902004509588,7.25521737573337,6.070191884051056,7.095087364552356,4.7765786541706845,6.606425687625213,5.619587928564725,6.2672746273553965,5.7319720488620165,5.219182561313282,6.313821291413404,5.382245859444653,5.856263877909543,6.885679788726111,5.651778135426255,6.285980952929612,5.590624875507575,6.103775140326428,6.8903784028452835,5.958247840652506,0.0,5.6978424250840725,6.467383872698777,6.361394224327117,5.018852191486634,5.126198182087983,5.3429570668738915,6.318537878107842,6.668299390108767,5.835661142027321,5.662338463220646,5.967344835469851,6.032002955424514,6.387404195014456,5.452037745827983,6.453251718457288,6.769076592033945,4.948977035021882,6.479785467369667,5.953870217416589,4.86051087694432,5.38354376940781,5.71337798655351,7.084750037516054,5.339200308290085,5.60998962915441,5.730398897959318,7.02591429738341,5.415182144652859,6.022385950004821,5.755755868796584,6.25627363589877,6.568438094991984,7.254021371781314,5.809341098336184,6.155818741975916,5.759269380765299,5.454242904237886,5.192844262065868,6.196100750437151,6.622406387899293,6.707418231932455,5.444172473948821,5.125225523348204,4.979691571822332,6.015991636606966,5.38297308569465,5.250371895078805,5.755678412310603,5.4819692177309065,5.897405111680511,6.210652929476843,6.252818398873268,5.29046479211589,7.419836634268606,5.837337780715183,5.334448310935965,6.513448098502859,7.4668091332889075,6.2482746304669465,6.24431871001084,6.027212301577746,6.269604717516356,5.365550015547355,4.949539580796564,5.495934617790612,5.968063773341406,5.6613628848834265,6.179014618695782,6.682117879477373,5.810947962760009,5.412277839996394,5.964822618959841,5.851337328471144,5.201294772037017,5.745914720307611,5.216098385709108,7.066700557700101,6.8195749624587725
