,1,2,3,4,5,6,7,8,9,10,11,12,13,14,15,16,17,18,19,20,21,22,23,24,25,26,27,28,29,30,31,32,33,34,35,36,37,38,39,40,41,42,43,44,45,46,47,48,49,50,51,52,53,54,55,56,57,58,59,60,61,62,63,64,65,66,67,68,69,70,71,72,73,74,75,76,77,78,79,80,81,82,83,84,85,86,87,88,89,90,91,92,93,94,95,96,97,98,99,100
1,1.0,0.11194584913036755,0.020758457663948217,-0.05804780478047803,0.002777514115047867,0.0808843793470256,-0.009970197019701973,0.1799708152633446,-0.04646360999736331,0.23719533771558973,0.039735937230086636,0.18064220967551295,0.013173153679004256,0.222669212375783,-0.03886052241587789,0.18211790269936093,-0.02350500504595914,-0.05816179799798171,-0.018670848903072128,0.02569122366782132,-0.03175810308303556,0.08152377055887408,0.04412501250125013,-0.01145903681277219,0.12005613288601585,0.049497422469519686,0.05986367727681864,0.17324565183791105,0.14089028902890288,0.04917371737173719,0.34459216830773987,0.37531398594404913,0.008337779232468694,-0.021013319513769554,0.08463695460455138,0.27040614970587973,0.2075699751793362,0.012675503914027768,0.07115049686786858,-0.013085435816308902,-0.014074952949840415,0.1652500522779551,-0.008503177590486317,-0.03969404213148584,0.09228270099737247,0.0268278827882788,0.15627022702270227,-0.042270208839065744,0.007262398967169444,0.12119335569920645,0.3330912909472766,0.11607060706070604,-0.025443253416250717,-0.02830312122121305,0.01664186418641865,0.019579721608524482,-0.006280718980989002,0.058028602860286,0.026430915818854615,0.07028682868286831,0.06414701470147013,-0.08807729863895479,-0.06760814263244501,0.06413855931047646,0.11260238751147848,0.09519268290465406,-0.09137364645555468,0.13055309167280382,0.017336115429724786,-0.018536180890816364,0.032697306094245766,-0.06613201320132012,-0.08317366282082762,-0.0382060387856967,0.286589840802262,0.08278591495513195,0.04309450945094511,0.040901053741737824,-0.06756115611561146,0.07253448981261756,0.047376955877405896,0.040961387047795686,-0.041997527025429825,0.0027343461618889136,0.21141775995781412,-0.016606278809699147,0.05400120012001201,0.03462708088990717,0.2021780178017803,-0.03546851048741241,-0.03938146541926921,0.08610050095918674,0.12148280282573709,0.0824179690696343,0.30419360117829997,0.1680352217039884,0.2952575439362119,-0.059009791888279706,0.006499831801361964,-0.00938772059024084
2,0.11194584913036755,1.0,0.13438863886388638,0.042392075571193476,0.14462793552082479,-0.027184391166389377,-0.08017452654356347,0.06607977161352495,-0.06124847030157568,0.005087526934511627,0.11858118539126652,0.16052416150705975,0.012676049423124124,0.11044231695896879,0.14272858194910387,-0.07987775141150476,-0.053238196546927435,0.07446968333196954,-0.0554628735600833,0.203295147696588,-0.24700855540099476,0.030440680431679516,0.2774306339724879,-0.120526834501632,0.26574562910836524,-0.03177974161052467,-0.05142137850148645,0.08507470747074704,0.4821280128012799,0.3815744483539265,0.19849948631226783,0.07608806335178972,0.26754942767004014,0.16848657593032032,0.15705337806507913,-0.030915818854612732,0.20292352871650793,0.29744174417441743,0.053592795643200644,0.13584151142386972,-0.22435401721990358,0.01098111629344752,0.028825882588258866,0.16870347034703476,0.3253574448353928,0.09283428342834282,-0.025415268799607232,0.04601418323650546,0.1853673185500368,0.05870792533798834,0.07080422587713313,0.037932156852048836,-0.12057052978025092,0.054943294329432964,0.16002243860749713,0.05953266235714484,-0.12280424406076963,-0.027837638309285474,0.028099282655538283,-0.04405384174781111,0.10519133731554982,-0.036650956004691385,-0.056293338424751635,0.007270999827255452,-0.006852739819436492,0.013220703888570672,-0.008415787033248783,-0.060850157743047105,0.0093286419551046,0.22728452845284522,0.2358961168844157,0.054370327941885135,0.01411104746838322,-0.04978159634145234,0.012834265244706291,0.29077589577139556,-0.1362988662502614,-0.02150462318959168,-0.10354653647182893,0.2233746465555648,0.1538320559328659,0.3860031457691223,0.010567547663857287,0.18812392148305723,0.04481142659720514,-0.06477775050232293,0.016056096518742784,0.34136766403913105,-0.004799389029812072,0.10942206947967545,0.08288759785069416,-0.015476238532944196,-0.03913122221313044,0.04808439025720754,0.12456863868205004,-0.059669839711243754,-0.00043351607888061504,0.18476434916218895,0.12790600878269634,0.12105774213785021
3,0.020758457663948217,0.13438863886388638,1.0,0.0582237314640555,0.3005620743892571,-0.082447026520834,0.0340331124021493,0.0009499677240451324,0.06607600760076009,-0.030787351462419003,0.009561756175617558,0.14004696833319688,0.03428219185554919,0.03516851685168519,0.1457697406104245,-0.047637454654556356,-0.051880697160625135,0.06854590913636815,0.12086441371409869,0.33029637509205484,-0.003512933111492965,-0.04272038112902195,0.05186487739683063,0.058367727681859105,0.1615979597959795,-0.03856782041840547,-0.051810726527198175,0.014981425415268791,0.17447673858294918,0.2289934266153886,0.06556137431925012,0.10324403349425848,0.17910880178926977,0.05591782814645095,0.05474822027657307,-0.03769124185145782,0.13979403394884943,0.2977894516724402,0.01334808026257171,0.138777314095046,-0.007398103446708307,-0.03901904735928143,0.03734398894434903,0.1326277536844594,0.19444891761903466,-0.009991144569002354,-0.0017769595141332295,0.09652090663611818,0.3951171480784444,0.009558319468310473,-0.002267772231768631,-0.022942185127603685,-0.006522688632499619,-0.08449821345770936,0.33374546545563655,-0.01551015101510151,0.06752798916255259,-0.022342288774332,-0.0015823946030966718,-0.042791406413368635,0.0518561856185618,0.1778055260071461,0.16945881860913353,0.022519815617925428,-0.03140526779950722,-0.04915778850612335,0.16328401931102207,-0.04829708425387998,0.010769967905881498,0.15610053732645976,0.12662642627899154,0.08707516206166067,0.16306656120157476,0.056979388847975744,-0.023475420269299673,0.23702819372846384,-0.06327736410004633,-0.018239751247852043,-0.13276796770586138,0.27027686405004137,0.047695296802407514,0.2553097309730974,0.09254865486548655,0.19359803253052585,-0.008112120302939398,0.005450781441780535,-0.004662393512078486,0.11906265171971722,-0.017637654674558346,0.05444211693896664,0.1460086190437226,-0.0179117911791179,-0.05547543845293622,0.0359942357872151,0.007428342834283429,-0.06694347616579834,-0.030922146760130553,0.08243846202802099,0.3788385747665672,0.3505298711689349
4,-0.05804780478047803,0.042392075571193476,0.0582237314640555,1.0,0.08507328914709658,-0.02077131349498586,-0.0228569947903881,-0.002213112220312941,0.10939232105028675,-0.02830304848666681,-0.0013181863640909538,-0.018853485348534843,0.0023862204402258407,0.002762094391257308,0.09268281373591901,-0.07293316604387706,0.014533362427151818,0.12145141786905952,0.0876371819000082,0.06007753502622988,0.029122239496676933,-0.009005791488239734,0.0810375583012846,-0.01900942821554883,0.020420587513296774,-0.007326059878715146,-0.03679427942794279,-0.01738632045022683,0.025823673276418567,-0.00327947340188564,-0.02264991953740827,-0.071567138532035,0.018451408777241367,0.058494758566765746,0.10956181072652726,-0.033153369882442774,-0.014770295211339315,-0.0030353217139895768,-0.0007966069334206149,0.06175710298302558,-0.007654383620180202,-0.01906816136159072,-0.006535544463537253,0.06781183572902741,0.011661457054796395,0.02837603760376035,-0.032843957122985046,0.17552291592795632,0.03025904408622678,-0.015799489039813087,-0.06494613097673409,0.015397612488521577,0.05354940948640317,-0.018902544799934515,0.053390702706634256,0.0031711898462573555,0.14047744774477453,0.005452745274527448,0.03514836938239276,-0.006923328696506009,0.09993428433752456,0.08593064761021554,0.08520528416478006,-0.0029131640436770977,-0.0014344707197992527,-0.021888916164343696,0.11859707788960713,-0.03478960623335064,-0.00030906727036339964,0.05292469246924701,0.026128412841284122,0.31642156942967015,0.09736199074452905,0.0789954449990454,-0.059152933475165696,0.015731118566402125,-0.06811337497386097,-0.02864446444644465,0.0597916882597351,0.03120719344661735,0.1295549736791862,0.018132558710416517,0.09609266381183577,0.041027029975724875,-0.02360183291056377,-0.0071177299548136575,-0.003217685404904124,0.010206457009337293,-0.01769511496604207,0.0034354162688996237,0.09944288974351978,0.04349162188946171,-0.03332471428961081,0.01514362345325441,-0.007929429306567022,-0.03973184591186393,-0.059594195783214725,0.0007302366600296391,0.025593104765021947,0.024044204420442073
5,0.002777514115047867,0.14462793552082479,0.3005620743892571,0.08507328914709658,1.0,-0.12005349625871667,0.005092454700015452,0.044218440025820746,0.16931538608406313,-0.022620607515296997,-0.012633136040876809,0.10267206720672066,-0.027324259698697128,-0.005203665821127566,0.3497558846793768,-0.03655603742192398,-0.011167316731673167,0.11822929565683847,0.08146380092554707,0.33704570457045746,-0.0015982143668912374,-0.03640380401676529,0.07970886179527047,0.013875278436934592,0.07866317540844989,-0.05630139377574123,-0.1564736109974634,-0.02116540744983587,0.120624207875333,0.13142479702515705,0.040885361263399096,0.05924625189791703,0.2031765903863114,0.1144640282210039,0.02057149351298765,-0.018259280473501904,0.046609170007909845,0.20746720126558107,-0.013975215703388524,0.20672694542181466,-0.022038331105837874,-0.05822644082590081,-0.005226431734082498,0.16260387856967543,0.12395845039049366,0.007929665693842116,0.007841129567502207,0.14319990180836262,0.24122972297229753,0.035125512551255136,-0.00545469092363782,-0.03831572248133901,-0.010744874487448736,0.08455916500740979,0.38919708334469777,0.01666953968124087,0.04554797297911605,-0.08174701106474282,-0.006778786969606052,-0.014569020538417462,0.0025180881724536086,0.14452394330342133,0.11938488394293977,0.0036623662366236597,-0.008525252525252528,-0.0856080698978989,0.18980907181627252,-0.0206741219576503,-0.014220658429479312,0.1571928283737467,0.13726796315995232,0.10038091081835465,0.1394063588176998,0.04465210157379374,-0.013574502904835934,0.09174966587567841,-0.032228822882288274,-0.07404975042958838,-0.09377948703961302,0.21142948840338607,0.002065897498840792,0.15996319631963182,0.21743363427251805,0.2135031866823046,-0.015804944130776707,-0.022003345789124364,-0.08350096827864607,0.06859422305866943,-0.011753939030266659,0.113256616570748,0.35050761439780354,-0.009998181636345459,-0.018715744301702926,-0.0839426669939721,0.01586142250588697,-0.028904581367227632,-0.00528356472010837,0.056075989417123544,0.3507613488621585,0.23535126239896706
6,0.0808843793470256,-0.027184391166389377,-0.082447026520834,-0.02077131349498586,-0.12005349625871667,1.0,-0.06603807653492619,0.019299475402085667,-0.06878753329878448,0.1697875423906028,0.22905477820509293,0.06040565874769301,0.2102662811735718,-0.020943767103983154,-0.11114982407331639,0.20872829101091908,0.010371091654619996,-0.042583712916746216,0.011982180036185447,-0.10505554191782807,-0.05082142759730515,0.39892567438562104,-0.02650532325959868,-0.03947807508023536,0.013906863413614084,0.14290803625817136,0.253856221985835,0.15969860622425872,0.0031116384365709278,-0.039798507123439644,0.0357425924410623,0.1071438416568929,0.024672721817636304,0.024310467410377436,0.004723308694505809,0.08435923592359233,0.051248633954304575,-0.012816463464528258,0.2621538881160845,0.015175717571757175,0.03220458409477311,0.38968958714053237,0.09144921764903766,-0.11061086108610874,0.025306021511242054,0.12446455554646356,-0.003595977779596142,-0.020772186309540055,-0.02486472283591994,-0.014884597550664158,0.038442571529880246,0.004117975433907026,-0.04075569375119328,-0.029680149833165127,-0.10267101255580113,0.10086335906317898,0.0032387966069334175,0.2670189928083718,-0.0024126412641264135,0.048088717962705384,-0.00799501768358655,-0.043607233450617795,-0.0756945330896727,0.07068190455409172,0.1387485112147579,0.3428961077925975,-0.09007498931711355,0.06057683950213203,0.11109976452190663,-0.04205533280600788,-0.025181518151815206,-0.02374004673194593,-0.041110020092918385,-0.018378692414696012,0.04839409395485005,0.04763041758721329,0.00702088390657248,0.22483159225013416,0.07726785405813297,-0.013929811162934486,0.00443071579885261,-0.04964880124376074,0.0009426760857903974,-0.08368355017319914,0.22234208875432987,0.11198123448708493,0.18422549527680043,-0.013667039431215845,0.09215543372519068,0.012826446280991735,-0.06044057132986028,-0.025216739855803725,0.10960899726336254,0.16265861131567705,0.1338937166443917,0.11491854640009447,0.0020679704334069793,-0.014129340206747958,-0.13720832083208317,-0.05359299566320278
7,-0.009970197019701973,-0.08017452654356347,0.0340331124021493,-0.0228569947903881,0.005092454700015452,-0.06603807653492619,1.0,0.02810215567011248,0.10519715607924432,-0.01422998663502713,-0.19796370546145525,-0.038900690069006864,-0.09838314740564971,0.02237274636554564,0.01768793242960659,0.06036738219276477,0.0888044077134986,0.0037238814790569908,0.1865192701088288,-0.05766822136759136,0.31998578039622133,-0.09821114838756594,-0.09894978588767972,0.39433932484157525,-0.05964654647282916,-0.017635199883624747,0.02873732827828236,-0.06935695387720595,-0.05716347998436204,-0.08431883188318834,-0.021272236314540553,0.0016279991635527184,-0.08098095264071861,-0.10737717408104447,-0.13497527934611647,0.005442271499877262,-0.020493922119484677,-0.026043258871341717,-0.21276505832401418,0.02115046050059551,0.008174253789015259,-0.06521572157215723,-0.031877733227868264,-0.003567884061133386,-0.03747769322386787,-0.2798001072834555,0.017733755193701194,0.014247242906108784,-0.0420551509696424,-0.00034603460346034897,0.03495387720590242,-0.047679658874978395,0.15283571993563005,0.3394021947649311,-0.006877815054232694,-0.08817245360899723,0.26347380192564684,0.008996099609960995,-0.07648199365391076,-0.011293693005664213,-0.04942777914155049,0.09647957523025033,0.15933800652792557,-0.052247915700661,-0.03836503650365038,-0.13708703597632482,0.04596250534144321,0.020827537299184462,-0.16150429588413387,-0.11288023347789307,-0.17609930083917474,-0.003096345998236191,0.01042569711516606,0.14847633854294534,0.02426664484630281,-0.045009500950095045,0.2027830601241944,-0.08755828310103728,0.11957853967214913,-0.028761294311249293,-0.10320655701933823,-0.001443780741710533,0.10837227359099545,0.010028493758466758,-0.04078629681149936,-0.12248550309576418,-0.03398287101437413,-0.06331322223131405,-0.01970482502795735,0.02278233277873241,0.025648092081935487,0.005587904244969951,0.008513669548773063,0.0036205620562056195,-0.016090136286355916,0.027692096482375507,0.10260836992790193,0.0023224140595877805,-0.02473940121284857,-0.08778685141241391
8,0.1799708152633446,0.06607977161352495,0.0009499677240451324,-0.002213112220312941,0.044218440025820746,0.019299475402085667,0.02810215567011248,1.0,-0.05878111447508389,0.051366082062751624,0.04308901799270831,0.0686356999336297,0.05046542836101794,0.08384913036758226,0.04445095418632774,0.04976352180672612,-0.09953717189900797,-0.02625202520252027,0.03793866659393215,0.04617323550536871,-0.040575330260298755,0.06232001381956383,-0.006319759248652143,-0.050866886688668886,0.09245339079362482,0.027074161961650692,0.0026160616061606176,0.057656420187473315,0.009864786478647861,-0.0074430715798852595,0.13953806289719875,0.1235490094463991,0.014979316113429538,-0.01467657674858393,-0.02419020083826564,0.044421460327850985,0.07983520170198835,-0.022074225604378633,0.060624589731700464,0.029066415732482337,-0.1141985289438034,0.0596726763585449,0.05014872396330542,0.06441178663320886,0.025859222285864958,0.012496740583149233,0.029546791042740658,-0.010323123221413048,0.05051934284337522,0.21934229786615012,0.09087337824691558,0.009426669939721247,-0.12833574266517567,0.0041432143214321406,0.04822965932956931,0.014069916082517347,0.006457100255480097,0.033135113511351115,-0.027872169035085315,0.11088117902699356,0.007142059660511504,-0.055801507423469544,-0.04670537962887195,0.058197347007428006,0.023644400803716725,0.030015146969242405,0.019350662338961207,-0.0034413623180499877,-0.0008505759666875785,0.05679933447890244,0.07721244851757901,-0.02263522715907955,-0.008544018038167466,-0.03497495204065864,0.055244469901535566,8.451754266335795e-05,-0.054182054569093294,0.019216521652165246,-0.050007618943712515,0.06097695224067862,-0.02250283210139196,0.041920246570111515,0.03388297011519334,0.016610188291556423,0.05384132958750424,-0.015388593404795014,0.029083690187200528,0.08903363063579092,0.03440604060406044,-0.012841284128412844,0.02572020838447483,-0.005756357453927207,0.033243306148796704,0.014920582967387668,0.198054569093273,0.05526723581449051,0.15756775677567741,0.01867459473220049,0.02826811772086299,0.029522334051586968
9,-0.04646360999736331,-0.06124847030157568,0.06607600760076009,0.10939232105028675,0.16931538608406313,-0.06878753329878448,0.10519715607924432,-0.05878111447508389,1.0,-0.025969396939693988,-0.08232248679413398,-0.0488066261171571,-0.03249752247952071,-0.010928365563829107,0.16109885534007945,-0.07219445580921731,0.07652681631799542,0.10055961959832348,0.09896144159870522,0.1398984807571664,0.2918223640545873,-0.05710898362563525,-0.03400776441280493,0.1418157452108847,-0.0388111720262935,-0.006912818554582733,-0.07432361417959987,-0.05553211684804839,-0.06659158643137039,-0.008321323041395053,-0.07592104665011955,-0.07870408859067732,-0.02725870768895071,-0.029342716089790766,-0.09175710298302552,0.011456200165471097,-0.04797648855794672,0.0077190264480993505,-0.09788809790069926,0.0026402458427660946,0.07774390166289359,-0.06443746192801096,-0.0913350789624417,0.019185154879124273,-0.0238737873787379,-0.10102732091390967,0.005492658356744766,0.12848561219758325,0.042711598432570594,-0.059382647355644747,-0.023906390639063937,-0.07127054523634184,0.16359750520506613,0.10731285855858315,0.10053554446353723,-0.08200821900371846,0.1395979234287064,-0.05659964178236008,-0.024397585213066748,-0.041438180181654495,-0.025985343988944348,0.06491434598005255,0.11134033403340331,-0.013786578657865783,-0.014434807117075336,-0.12220187473292772,0.3446176435825397,0.01383220140195837,-0.08264666466646661,-0.005809017265362905,-0.02407680768076804,0.11101241033194231,0.20846511923919675,0.3864188055169152,-0.022607951704261334,0.003589977179536135,-0.06442682450063185,-0.14604480448044804,0.03591217303548534,0.03527750956913873,-0.061724281519060946,-0.002543672549073089,0.10717086254079945,0.11358964987407831,-0.035124912491249105,-0.07926392639263927,-0.06137397376101247,-0.028988535217158086,-0.008257098437116445,-0.04359312294865854,0.09731393139313924,-0.002378074171053469,-0.03118213639545773,-0.08327243633454262,-0.05311392957477564,-0.012802098391657359,-0.041977852330687605,-0.04352369782432787,0.060889361663439,0.02294751293311151
10,0.23719533771558973,0.005087526934511627,-0.030787351462419003,-0.02830304848666681,-0.022620607515296997,0.1697875423906028,-0.01422998663502713,0.051366082062751624,-0.025969396939693988,1.0,0.0721894007582576,0.08369896989698965,0.1417642309685515,0.10487534207966251,-0.029104201329223846,0.1859014446899235,-0.003083071943557992,-0.051344388984352916,-0.00933100582785552,-0.031167607669857902,-0.006931384047495664,0.1842544436261807,-0.011251870641609617,-0.020251734264335533,-0.04623620543872569,0.04373266417550844,0.07887166898508033,0.09964147323823304,0.023863913664093676,-0.0001519242833374241,0.09031892280137097,0.17047982980116191,0.003050923274145594,-0.03689467128531035,0.014960987007791688,0.42008140814081446,0.04312736728218279,-0.05947678404204056,0.11553675367536759,-0.021680949913173122,0.01554622735000773,0.1574492176490374,-0.00045980961732536887,-0.046351362408968214,0.004249515860676974,0.06196488739783071,0.05948140268572318,-0.031236560019638326,-0.03214372346325544,0.06106470647064712,0.18249370391584624,0.034124521543063384,-0.004002345689114365,-0.04275678476938606,-0.019950249570411593,0.07724097864331889,-0.002046731945921864,0.051523079580685374,0.021147205629653852,0.0903324696105975,0.014049659511405667,-0.06402694814936045,-0.059057723954213624,0.14891618252734357,0.2710244115320622,0.11737120984825755,-0.08631223122312233,0.3814362708998174,0.045024138777514176,-0.03033377883242867,0.0634868759603233,-0.047289310749256776,-0.059152387966069295,-0.01396410550145924,0.1822309321841275,0.01932826009873712,0.033349680422587714,0.07661066106610666,-0.009682750093191134,0.008975097509750993,0.015408922710452857,-0.011170680704434078,-0.037427579121548545,-0.025890952731636777,0.37636216348907575,0.021078416932602345,0.12096240533144226,0.008832574166507566,0.49259684150233235,-0.03411121112111208,-0.03727803689459854,0.06177335915409715,0.17097413377701404,0.05644557182991025,0.09966767585849498,0.28626193528443766,0.16315178790606324,-0.05561177935975415,-0.024704579548863966,-0.04040078553309872
11,0.039735937230086636,0.11858118539126652,0.009561756175617558,-0.0013181863640909538,-0.012633136040876809,0.22905477820509293,-0.19796370546145525,0.04308901799270831,-0.08232248679413398,0.0721894007582576,1.0,0.07927894607642574,0.24021456691123638,-0.01568556855685569,-0.06299317204447719,0.04990499049905001,-0.05946060060551509,-0.02490827264544639,0.026125703479438888,0.010191419141914185,-0.1433177317731775,0.2821493240233115,0.09712576712216674,-0.24752647992071936,0.052589422578621446,0.051088108810881064,0.09616648937621036,0.12584854849121266,0.08653568993262965,0.0772207220722072,0.048124921583067394,0.014152397057887602,0.07240736800952834,0.09827630035730854,0.046064915582467336,0.013261253398067076,0.033658620407495295,-0.0004347707498022548,0.48473652819827506,-0.05065837492840198,-0.00680340761348863,0.2402271318040898,0.23558899526316265,-0.038416077971433475,0.03770400676431279,0.306464391893735,-0.025070979825255274,0.0013259871441689624,0.006813154042676988,0.01887374191964649,0.039072107210721053,-0.001388375201156481,-0.09975908499940904,-0.020577221358499452,0.0005341806907963521,0.27188858885888606,-0.007736537290092639,0.07843100673703732,0.006272009019083733,0.0609711698442571,0.0025551646073698297,-0.0483997308821791,-0.07441387775141149,0.1296337270090647,0.10196246897417006,0.34794541272309054,-0.10323837838329288,0.005216976243078853,0.3919314840574969,0.018262444426260807,0.17860924274245604,-0.008947858422205851,-0.04187927883697457,-0.10298255280073455,0.019555391902826652,0.05136631845002682,-0.19144801752902554,0.2417399558137633,0.07442156942967033,0.021955377355917412,0.04559614143232503,0.021876223986034952,-0.016904708652683464,-0.01617003518533672,0.1284777932338688,0.22842902472065396,0.17163630908545405,0.0661233214230514,0.03869730609424578,0.03706206984334797,-0.03053945394539454,-0.031779868895980494,0.06885864950131372,0.05657658493122038,0.07902212039385753,0.06354028130085741,-0.004652556164707379,0.019008046259171373,-0.05147543845293616,0.013510569238742045
12,0.18064220967551295,0.16052416150705975,0.14004696833319688,-0.018853485348534843,0.10267206720672066,0.06040565874769301,-0.038900690069006864,0.0686356999336297,-0.0488066261171571,0.08369896989698965,0.07927894607642574,1.0,0.05822558619498314,0.06574039222104028,-0.017311403867659485,0.12793432070479774,0.007807562574439246,-0.041673931029466586,-0.03980839902172033,0.048861049741337786,-0.11135942685177608,0.09127880060733357,0.11079480675340264,-0.04510351035103514,0.28485814035949064,0.05469361481602701,0.023858022165852928,0.12512167580394418,0.32972884561183397,0.08006984334797118,0.2831865186518651,0.32338408386293177,0.23869037812872207,0.009337079162461692,0.14881069925174334,0.04152788006073333,0.3401985107601669,0.2238000163652729,0.08738850248661224,0.011292038294738557,-0.09229670239751248,0.11256334724381531,0.01773795561374319,0.019356590204474968,0.16027720953913582,0.09217127167262186,0.02459567774959316,-0.031906172435425414,0.11265462909927346,0.030352235223522362,0.11333737010064639,0.12533087854239974,-0.04970444317158984,0.003195192246497377,0.09644178963350884,0.02654329069270562,-0.03477658674958406,0.12183158315831583,0.003114075043868021,0.026921255761939825,0.048224967951340555,-0.06405587831510429,-0.02574153779014264,0.0698904617734501,0.0643680549873169,0.1263908209002718,-0.0765206702488431,0.0034068861431597705,0.02355122785005773,-0.016287737864695565,0.15418043622544053,-0.0356191619161916,-0.006564620098373484,-0.02080946276445829,0.05006242442426063,0.09239902172035383,0.021815745210884727,0.03413597723408699,-0.19072763640000365,0.14556946603751303,0.1182520797534298,0.17805220522052218,-0.03587204174962951,0.06416214348707605,0.1279099000809172,-0.01145214521452145,0.12245122694087571,0.06742472429061083,0.060846139159370496,-0.03523441435052594,0.027858804062224404,0.03969307839874899,0.021825964414623276,0.14948145723663278,0.31674056496558756,0.020232568711416606,0.10771524425169796,0.04830030275754847,0.1040528598314377,0.051775377537753756
13,0.013173153679004256,0.012676049423124124,0.03428219185554919,0.0023862204402258407,-0.027324259698697128,0.2102662811735718,-0.09838314740564971,0.05046542836101794,-0.03249752247952071,0.1417642309685515,0.24021456691123638,0.05822558619498314,1.0,-0.003921283037394644,-0.04931800452772548,0.07503988580676246,-0.021390884542999745,-0.030286665030139364,-0.013782287319641047,-0.010054660011455694,-0.0164397530662157,0.2558971715353352,0.007661657074798394,-0.12149585867677687,0.10796135977234078,0.1548458118539127,0.09434299793615725,0.28033265144696295,0.032057896698760746,-0.025068670503413992,0.034403694914946006,0.030420369309658295,0.07278816972606357,-0.031903644909945544,0.03239256652938017,0.07722852285228526,0.09403393066579388,0.010888106992517434,0.24536113611361154,-0.03487608760876087,0.07354655465546556,0.2189772795461364,0.05571860822445879,-0.06239318477302277,0.012214112320322951,0.10568553218958254,-0.011470547054705455,-0.01688639773068217,0.01680888088808881,0.027166352998936244,0.022206056969333306,-0.00021620343852566998,-0.12511145660020542,-0.06816674394712195,-0.02366585749484039,0.1030882360963369,-0.014921673985580362,0.09342694269426936,-0.002985353080762619,0.10089939903081217,0.030958459482311854,-0.12014694196692403,-0.0880864995590468,0.2829222376783134,0.050565692932929666,0.13259895080417136,-0.07259796888779795,0.04966887597850691,0.10229224740655893,-0.023266162979934345,0.2282177308639955,-0.008218694596732409,-0.04031435870859811,-0.05156930238478392,0.10903490349034899,0.03023142314231421,-0.08456225622562255,0.1085868223185956,0.04050370491594612,-0.006039203920392039,0.01588126085335807,0.019934357072070835,0.023380810808353567,-0.06511365682022753,0.18438589313476791,0.07950511414777843,0.18142236041785975,0.059140514051405114,0.07010113738646588,-0.021859095000409123,-0.024162834465264706,-0.021381429051996113,0.12497553391702794,0.08229212012110312,0.13250770531598602,0.08979447035612656,0.014709489130731246,0.0007296547836601841,-0.013366118430024823,0.04327570938912071
14,0.222669212375783,0.11044231695896879,0.03516851685168519,0.002762094391257308,-0.005203665821127566,-0.020943767103983154,0.02237274636554564,0.08384913036758226,-0.010928365563829107,0.10487534207966251,-0.01568556855685569,0.06574039222104028,-0.003921283037394644,1.0,0.022495485912227567,0.1229559865077415,0.00022360417859967858,-0.05675951231486785,-0.10387609670057907,0.04224547909336392,-0.007746120066552111,0.008220676613115858,0.027004573184591173,0.04350427770049736,0.0215789215285165,0.0003314695105874232,-0.04310149196737856,0.08815814308703589,0.11924103319422856,-0.017140968642318774,0.17565478366018442,0.206346580112557,0.023432215948867623,-0.0150604514996954,0.06426544472629075,0.08385098509850987,0.09315227886425011,0.019529025629835682,-0.0331962832646901,-0.008802152942566994,0.0214348525761667,0.01485503095764122,-0.010730018456391096,0.0035008228095536804,0.060933966123885144,-0.02773517351735176,0.146981698169817,-0.07286815954322705,-0.031162225313440383,0.05865708389020714,0.2796542199674512,0.1242275682113666,-0.011477675040231299,-0.0019922537708316292,0.01462044386256808,-0.01027804598641682,-0.036944167143987135,-0.04478035076234896,0.16666772131758623,0.0019264653738101096,0.1424456081971835,-0.10420278391475514,-0.11460100555510111,-0.025841293220231102,0.012581076289447119,-0.007555573739192093,-0.05881904554091772,0.04997017883606539,-0.03344674467446743,-0.0377613215867041,0.004546763767285823,-0.10157213903208503,-0.09385049414032319,-0.027226177163170898,0.13931393139313925,0.03459291383683814,0.036275027502750294,-0.009070452499795439,-0.20407484384802121,0.09182565529280198,0.059719008264462844,0.06191426415368813,-0.08429852076116702,0.04475933047850235,0.06642818827337278,-0.05802591168207736,-0.03236905508732694,0.025213612270317914,0.06477045886406817,-0.022308612679449783,-0.047904517724499704,0.19059838711143834,0.09113685914045953,-0.01690036276354908,0.09456916600750988,0.10150413223140507,0.23758935893589372,-0.03860476956786587,0.03637709225468003,-0.023900917364463717
15,-0.03886052241587789,0.14272858194910387,0.1457697406104245,0.09268281373591901,0.3497558846793768,-0.11114982407331639,0.01768793242960659,0.04445095418632774,0.16109885534007945,-0.029104201329223846,-0.06299317204447719,-0.017311403867659485,-0.04931800452772548,0.022495485912227567,1.0,-0.023271036194528548,0.009352244315340636,0.10597206993426618,0.042557110256480214,0.19662618989171637,-0.04319791979197925,-0.03914278700597331,0.045801234668921414,-0.008714398712598532,0.037686641391411896,-0.045064215512460384,-0.145670839811254,-0.031001409231832294,0.0849846075516643,0.10184292974752016,0.014149560410586503,-0.007106565201974743,0.13476325814399615,0.09395094054860026,0.028256643846202786,-0.017337370100646416,-0.012243406158797692,0.13173044577185006,-0.05893367518570041,0.25277196810590175,-0.048878578766967606,-0.10052567074889306,0.027542699724517897,0.14863891843729823,0.07468261371591704,-0.009693896662393509,0.02397246997427017,0.10485393993944855,0.15090383583812933,0.041143059760521496,0.001734137050068644,-0.003473438252916205,-0.012365018320013832,0.13559812344870842,0.36996886961423436,-0.005061797088799786,0.015375501186482305,-0.1647777505023228,0.018739619416487125,-0.014731127658220374,0.03162849012173942,0.1820498595314078,0.0985320350216841,-0.025803053032576018,-0.030345289074362007,-0.04500828264644643,0.1867458200365491,-0.012170362490794534,-0.015159461400685529,0.10442378783332876,0.14255372810008282,0.09062088026984504,0.09739044813572263,0.041440744074407426,-0.014593932120484755,0.10844158961350683,-0.03902897562483521,-0.027448581221758563,-0.05927634581639977,0.18152167944067132,0.034124066952149756,0.19454419987453278,0.19211055651019646,0.12189980816263464,-0.042261662529889374,-0.01502092027384557,-0.019579612506705212,0.03693063851839731,-0.015598814426897235,0.11847448381201774,0.18874831119475594,0.006586695033139684,-0.02596476011237489,0.0009256925692569242,-0.02361807089799889,-0.024923619634690766,0.003985944048950348,0.0547445108147179,0.23717911791179136,0.15968196819681965
16,0.18211790269936093,-0.07987775141150476,-0.047637454654556356,-0.07293316604387706,-0.03655603742192398,0.20872829101091908,0.06036738219276477,0.04976352180672612,-0.07219445580921731,0.1859014446899235,0.04990499049905001,0.12793432070479774,0.07503988580676246,0.1229559865077415,-0.023271036194528548,1.0,0.012861886188618851,-0.06827464564638278,-0.016273791015465187,-0.12694214876033066,-0.07263340879542507,0.17138522943203424,-0.07511229304748655,0.039337260998827124,0.004593659365936595,0.09909727336369996,0.2673088763421794,0.22632063206320618,-0.05230101191937375,-0.09062264408259002,0.1192221222122212,0.31970978916073467,0.005929011082926477,-0.06347729318386382,-0.04095467728591039,0.12065266526652663,0.08616134340706796,-0.056586040422223906,0.06082582803734918,-0.011505077780505323,-0.021791470056096496,0.16863659093182043,0.16008444480811712,-0.12959279564320056,-0.0514496540563147,-0.02732505977870514,0.05157948522124935,-0.04349178554219059,-0.03891554610006456,0.039730354853667174,0.2270737982889199,0.034575512096664235,-0.027784705743301618,0.03468841429597501,0.007684295702297505,0.028168907799870878,0.02187240542236042,0.08365271072561797,-0.011095745938230189,0.042420787533298754,-0.022999245379083367,-0.06676553109856442,-0.09965685659475043,-0.0061529971178936075,0.16582532798734384,0.23829179281564503,-0.1269056905690568,0.13539268472301774,0.036756930238478404,-0.10517751775177521,-0.03417974524725199,-0.06882753729918445,-0.1106282810099192,0.002860904272245404,0.3357753229868443,-0.07484142959750512,0.09476967696769682,0.23741319586504103,-0.003303784923946937,-0.04108250825082507,-0.010148760330578514,-0.0782304412259408,-0.0569006355180973,-0.10732782369146011,0.17694894944039877,0.057793852112483945,0.07914125958050358,-0.07484024766112976,0.15595870496140526,-0.03508025347989349,-0.043009864622825904,0.04806362454427264,0.364858958623135,0.08754368164089144,0.20336920964823754,0.32138028348289344,0.2107459836892778,-0.05129669330569416,-0.05642535162607169,-0.08494220331124021
17,-0.02350500504595914,-0.053238196546927435,-0.051880697160625135,0.014533362427151818,-0.011167316731673167,0.010371091654619996,0.0888044077134986,-0.09953717189900797,0.07652681631799542,-0.003083071943557992,-0.05946060060551509,0.007807562574439246,-0.021390884542999745,0.00022360417859967858,0.009352244315340636,0.012861886188618851,1.0,-0.0018343107037976502,-0.019442907927156354,-0.03317833601541967,0.20784767567665866,-0.02627879151551519,0.049647892061933485,0.2590644700833719,0.011204011310221924,0.007157242997026972,0.031496440553146224,-0.0247007973524625,-0.002228968351380596,0.0013356244715380622,-0.00406724308794516,-0.02788360654247243,0.032232259589595295,0.003105383265599287,0.04556628390111739,-0.0056345634563456344,-0.057704697742501546,-0.026042349689514403,-0.020973097309730966,-0.01949887716044334,0.12661253398067085,-0.016479647964796458,-0.06339515769758788,-0.1201360317849967,0.003901208302648446,-0.003687259635054415,-0.020867068525034307,0.0018226913600450964,-0.06405320532053208,-0.1255032412332143,-0.09380859904172241,0.025983834747111082,0.3031504241333225,0.06668288647046526,0.0488547763867296,-0.03275605742392423,0.028738673867386693,-0.0008800698251643347,0.053341879642509735,-0.016256443826200805,0.06163332696906047,0.13309918264553716,0.09996225077053159,-0.011324005127785504,-0.010527289092545624,0.010299775432088671,-0.013486494103955844,0.015082544618098182,-0.036808826337179204,-0.08104839574866585,-0.022164198238005625,-0.010043677094982235,-0.003380247115620659,0.21145609106365207,-0.02017652674358346,-0.019160661520697512,0.2041765812944929,-0.0064266426642664255,0.04568216821682167,-0.04234874396530563,0.06039249379483407,-0.03585482184582098,0.02557492112847646,0.011183500168198636,-0.008897798870796168,-0.036420460227841,-0.01364423715098782,-0.016821518515487917,-0.0041602887561483426,-0.0031927738228368285,0.017237214630553964,0.008356253807198908,0.0026346998336197265,-0.003976343088854337,-0.04859369573320969,-0.002115211521152116,-0.09125305257798506,0.011159006809771877,-0.013176881324496091,-0.034953986307721695
18,-0.05816179799798171,0.07446968333196954,0.06854590913636815,0.12145141786905952,0.11822929565683847,-0.042583712916746216,0.0037238814790569908,-0.02625202520252027,0.10055961959832348,-0.051344388984352916,-0.02490827264544639,-0.041673931029466586,-0.030286665030139364,-0.05675951231486785,0.10597206993426618,-0.06827464564638278,-0.0018343107037976502,1.0,0.15403549445853665,0.08929534771658984,0.013039813072216312,-0.02076313085854041,0.1461741810544692,-0.023584849394030313,-0.012959259562319863,-0.01971893552991661,-0.052015656111065636,-0.045142877924156014,0.02480053459891446,0.10611644800843714,-0.045429015628835556,-0.08401067379465224,0.11556793861204318,0.056270299757248524,0.027932556892052814,-0.05620696615116054,-0.03964660102373871,0.059537099164461954,-0.021016519833801563,0.07422334960768805,-0.030107465291983753,-0.060262462609897365,-0.015946485557646647,0.08853548991262755,0.044296393275691175,-0.0017961068834156143,0.03427406377001336,0.2657346643755283,0.05693369336933691,-0.029375446635572674,-0.07783436525470733,-0.09436343634363427,0.042551236941876056,0.059616961696169625,0.10257123894207602,-0.0024798298011619356,0.11201640164016403,-0.00040056732946021687,-0.056342797916155186,-0.03197812508523576,0.03337873787378739,0.15713969578776055,0.13667401285583106,-0.04925548918528216,-0.040455681931829586,-0.04173064579185193,0.14417527207266184,-0.04599099909990996,-0.0168582676449463,0.15958486757766685,-0.003130494867668585,0.4068400476411276,0.10194113956850229,0.05718713689550772,-0.0568705415996145,0.04662295320441133,-0.07665355626471733,-0.03459309567320369,0.056193328423751444,0.08068783241960552,0.049364609188191605,0.06039758521306681,0.20532636900053639,0.04457109347298366,-0.06086699579048815,-0.007842220585694922,-0.0003065033776104916,0.0004956313813199497,-0.04285732209584594,0.05584496631481331,0.115865659293202,-0.16458029439307564,-0.049512951295129524,0.01562969024175146,-0.07446935602651172,-0.0772054296338725,-0.09376839502132032,0.03971644437170994,0.08728076444008029,0.06878771513514986
19,-0.018670848903072128,-0.0554628735600833,0.12086441371409869,0.0876371819000082,0.08146380092554707,0.011982180036185447,0.1865192701088288,0.03793866659393215,0.09896144159870522,-0.00933100582785552,0.026125703479438888,-0.03980839902172033,-0.013782287319641047,-0.10387609670057907,0.042557110256480214,-0.016273791015465187,-0.019442907927156354,0.15403549445853665,1.0,0.1433840838629317,0.16374702924837936,0.030422533162407183,0.0052218676413095825,0.12116868050441418,-0.013348807608033532,-0.010757057523934221,0.006898144359890537,-0.015753993581176292,-0.11604860486048607,0.031571848093900276,-0.07897327914609645,-0.027838692960205084,-0.05660855176426729,0.05147803871296221,-0.07744510814717834,0.008650319577412286,-0.04433228777423194,0.03197748865795667,0.04342686995972327,0.013773540990462694,0.05971100746438282,0.00827217267181265,-0.008694433079671597,0.02851526970878905,0.041622162216221614,0.02193082944658101,0.03155846493740285,0.19874103774013777,0.12051757903063029,0.05889779887079609,-0.008345998236187254,-0.07441898735328076,0.10889076180345313,0.15028088263371792,0.0980748983989308,0.02862064388257011,0.2886936693669366,0.009571411686623215,-0.115295784123867,-0.018857176626753572,-0.09892609260926091,0.1163571084381164,0.18161345225431624,-0.005399558137631944,0.006795188609770067,-0.016541381410868344,0.079920428406477,-0.002659429579321573,-0.008363436343634368,0.06869999727245456,0.013122112211221145,0.13878664230059373,0.1181936557292092,0.11793779377937795,-0.01734442535162608,0.035480202565711126,0.013466219349207642,-0.038523888752511636,0.0997299548136632,0.04536068152269775,-0.19105856040149483,0.030382729182009113,0.25899955450090445,0.18304575912136678,-0.002306085153969944,-0.007367554937311917,0.016018056351089657,0.008083535626289903,0.005088454299975447,0.0631820636609115,0.03704772295411357,-0.038508432661447926,-0.012430679431579527,-0.010576457645764571,-0.01097264271881733,0.010859485948594864,0.008935748120266561,-0.00023667821327587392,0.09838965714753298,0.12316653483530195
